t = 5285
b = 30 30 30
E = -0.928695703512318 -1.35605331849606 0.427357614983745
5.22373049542635 18.6451227125486 13.8462019909575 -0.253572145425763 -0.633857107483618 -0.730702630593781 0.420372650254077 0.608123277431083 -0.673403975608128 0.168401202520803 0.00780913577199009 -0.648622857931638 -0.577148749595749 0.115065681307018 0.279890063911767
5.63906060411668 18.6665527218805 13.5297642319412 -0.787025236241794 -0.0427803023989886 -0.615435718207181 0.482039875898846 0.57992903141353 -0.656749477782196 0.363561909210497 0.0436431517962694 -0.263346723328683 -0.548376001993005 -0.0595263942549418 0.101867030247015
5.89066501028924 18.6159664818827 13.1049712318801 -0.852567967615849 0.501826311570069 -0.145939074998297 0.401155522034073 0.449409267189579 -0.798188923567405 0.178079714209408 -0.181234512557726 0.0558692899981239 0.365957769131987 -0.41571138626422 -0.471393728128014
5.97672794590656 18.6247872989477 12.578920210192 -0.499663815346318 0.794376716076142 0.345400788345441 0.336099482005865 0.545299695775038 -0.767909747290032 0.0648565168425828 -0.629166652649843 -0.148526390759522 0.592309197045774 -0.101412185825402 0.439833067818117
5.92685776871224 19.0357670132495 12.1113664076645 -0.213097219320087 0.718141699880604 0.6624666587917 0.291543905584306 0.693888669877777 -0.658422861793167 -0.496270702276783 0.198907296057466 0.179332314784292 -0.398439711495766 0.333737194403999 -0.690252418168051
5.87709590175521 19.4922105527301 11.8296263548872 0.283879782827575 0.420747243987118 0.861617099168193 0.273301873656368 0.825806091694519 -0.493305569374746 -0.129467936872922 0.131453952008532 -0.304697687757072 -0.131951351262879 -0.0377620778460523 -0.0161313486498481
5.7945101585158 19.9587236264144 11.7011983868297 0.791188254313421 0.0146363399653836 0.611397516996028 0.328986282165157 0.832559173025799 -0.445660464431995 0.37874357118066 -0.221382757451265 -0.751063517681523 0.337488865306009 0.471510264855448 -0.244628058910643
5.96769745181368 20.473631845822 11.7395794540535 0.842104870908629 -0.503115508621942 0.194252854228822 0.539130000261252 0.775912698583112 -0.327564233389082 0.319563964203175 0.742686252333388 0.456670879335812 -0.0629065340168089 -0.644724182603527 0.229856421419491
6.89252651365449 19.9578978288057 12.0689580105953 -0.737311426331205 0.657306436494291 -0.15594905945411 -0.56876029485445 -0.479423307448309 0.668330022722604 -0.305179626001479 -0.400388939212264 -0.190446804629882 -0.170754078710522 0.06721748882191 0.345002246496662
6.6736975639465 19.9469999227011 12.5214494798028 -0.7307994857865 0.0129318596291777 -0.682469690594914 -0.637129146040324 -0.371705436649789 0.675204798287837 0.0139154530249455 -0.0621394683828642 -0.539917417619982 0.483981814608678 0.498945531485089 -0.783379101162008
6.24225905819972 19.9573288409764 12.8333550025022 -0.208916376833002 -0.505736981399596 -0.83700899226699 -0.709963807286325 -0.510173704094781 0.485462855421212 0.799821757750575 -0.402955147799149 -0.133034349631944 0.427139752224233 -0.408872561377238 -0.683439392791455
5.79694096354669 19.7294730625121 13.0218723895003 0.202798102424382 -0.61453995871429 -0.762373641199974 -0.693459281871248 -0.639817261731907 0.331282501766228 -0.506422569015423 -0.359828123204164 -0.202767695393424 -0.517404421400417 0.438109477281121 0.446437658077719
5.31811362604872 19.5687774023882 12.9994482781528 0.579459250377567 -0.764649196835039 -0.282025855076081 -0.606721406789559 -0.635771704389519 0.477161895420139 0.33731726304202 0.534690041132347 -0.303908420832306 0.00363412072152714 -0.244193776845777 0.0921632797663999
4.91252172321579 19.2072988469142 12.8984859988156 0.822903048551279 -0.552102347168679 0.134214645012541 -0.553074727515995 -0.724245643762867 0.411796786380879 -0.0779613805224768 0.297568027265408 -0.0391010641354171 0.0887991254190102 0.377670726598897 0.153789000896981
4.60626589231015 18.6819459208169 12.8891912408049 0.841802195595895 -0.112074642113676 0.528023046926004 -0.384011033803396 -0.811800890196974 0.439903217302005 -0.162166811280958 0.584801422574894 -0.611200470350112 0.330786293445525 0.445135454131124 -0.428996115747957
4.57848125057415 18.1386196739626 13.0212562798178 0.569594947828947 0.415715369689311 0.709043247490455 -0.179299427065666 -0.779039256538391 0.600790772420844 0.450813502912071 0.358145750230186 -0.145441408592548 -0.169334964778515 0.0977674867742882 0.0116890165154201
