t = 31090
b = 30 30 30
E = -0.862976687558291 -1.27980267286072 0.416825985302431
1.47556545994254 18.9478197306945 22.110117392414 0.70260879450015 0.421192641600719 -0.57353085405447 0.69982068373786 -0.55491613733233 0.449798945242024 -0.0118818077283759 -0.0952746847424056 0.122219767955967 -0.60665898403012 -0.0492241766252635 0.479464843264832
1.73483497982451 18.5610482298474 22.0799448833753 0.634142678544187 0.75226789905319 -0.178762611591176 0.762040872369404 -0.568880951459203 0.309302718878036 0.637726772191311 0.0672151529780513 0.309100780425692 -0.228460562153933 -0.21682556147709 -0.529532588148785
2.24980463627433 18.2832064682633 21.9288970014363 0.313960112530979 0.897477265468068 0.309779931092205 0.882489578708665 -0.396200179404189 0.253451299682394 -0.75439930558477 0.0214528458951414 -0.0419165448359489 -0.262076126882214 -0.0762438117636422 0.220692640243981
2.80810983672667 18.3310433527825 21.905401664456 -0.0320670327135356 0.513011479215817 0.857782564293397 0.955343791634138 -0.236501983252852 0.177158267387033 -0.0489998719492743 0.266749063020702 0.287192740163451 0.407733715012085 -0.255280752525434 0.0305590638694069
3.32075219904865 18.5410718430129 21.8944546649049 -0.330727209839758 -0.0456754163016002 0.942620426798233 0.935820384618501 -0.14489066786039 0.321320559721052 -0.223634335845458 -0.134358616336225 0.249907080622393 0.153313257594281 0.210256614529026 -0.574653033432329
3.73614534690618 18.8608833396623 22.1294722155704 -0.417683910131435 -0.504975431117191 0.75534095955755 0.906788559379221 -0.179319961445986 0.381547978642224 -0.112991510873626 -0.0672341718906845 -0.593968260881131 0.255919685236092 0.392888893735004 0.345005712437505
4.08845209480809 19.0327924530951 22.5769432657742 -0.332614209228686 -0.869733808072204 0.364596888241515 0.929129750331656 -0.236007848909509 0.28463696580336 -0.620326333974572 0.136527299242866 0.282769835584451 0.467046986104957 -0.208895715450422 0.255559778135415
4.39457195297788 18.8979416689308 22.9967288210893 -0.229022863992657 -0.858446273982988 -0.458931936623853 0.930238602365271 -0.331877968024285 0.156566781309371 -1.1078357301732 0.750838351101118 -0.884667512153077 -0.0470089983262365 0.159450411653413 -0.0233060784047163
4.00261204811287 17.856219078881 22.6784964597912 0.249209464705399 0.89205887628101 0.376995495927345 -0.96299158727805 0.186987686593193 0.194120601416306 -0.0823156585855835 -0.743945306744906 -0.526433079238816 0.668002951753736 -0.395873172744984 0.123165743078578
3.61900351659034 17.9413670714898 22.9736366412064 0.316165707607769 0.892057682188754 -0.322912274435186 -0.93998568643317 0.340594034617833 0.0205575505229488 0.551839636092319 -0.204471286975119 0.274662857600291 -0.145987718417637 -0.217753029700842 -0.583637467107064
3.28887446894542 18.2818299450849 23.146088304046 0.298503464904112 0.59202954001341 -0.748596490234726 -0.938302362314115 0.325528729681845 -0.116703569043438 0.460439627042467 -0.401582560455865 0.300351715762297 -0.0113169479144694 -0.096646194735338 0.127116539227306
2.90557058715402 18.5898998139299 23.0388294901187 0.462534456729463 -0.0876206057572452 -0.882261019078091 -0.757562463207859 0.477921080272332 -0.44462406071845 -0.200781309308031 -0.306460749207084 -0.455109636748415 0.175373200293878 0.372740515370337 0.547544061795861
2.73649603135524 19.0138235857575 22.9061559052773 0.150109750743225 -0.515011722809196 -0.843937194405429 -0.699357658954378 0.548053286220429 -0.458842522359078 -0.198561170800896 -0.439425027136514 0.0644714048601712 -0.37325405406262 0.713796485563254 -0.0585003016308848
2.61921343671354 19.332128688647 22.4719643225475 -0.233798630588379 -0.862397522660804 -0.449008589275871 -0.679405588181627 0.475259140384064 -0.55904990495391 -0.155895567060314 0.111889420289351 -0.391995039306152 0.0919957774538156 -0.376676258934644 0.0872889591014503
2.49837685564875 19.5432211495158 22.0106582231881 -0.530170516639307 -0.847412361518048 0.0284870643066113 -0.771886461330662 0.468470568679738 -0.429798344686565 -0.0889703173251225 0.167901977691154 0.0241057394803165 -0.165686583498382 -0.693193305625144 0.321238452108429
2.30987885332288 19.5105740052372 21.4840784005889 -0.735077649884812 -0.450342189044745 0.506806433864259 -0.677767692893613 0.506945985332381 -0.532575555602259 0.159858056232354 0.446349372073233 -0.461521555200212 0.271316812367913 0.103709731042685 0.317648571099537
