t = 4086
b = 30 30 30
E = -0.860371020434465 -1.24735936866687 0.386988348232405
5.63818400898436 17.198270596685 15.3559344446747 0.165572284387215 0.01721904825662 -0.986047322910996 0.410437857104982 0.907939517076805 0.0847738095487405 -0.0564238181406577 -0.245402886006058 0.0361848647878632 -0.540746156270598 0.239142652570921 0.215148677356196
6.10681139421871 17.3781778915362 15.2975809235629 -0.458838887520173 0.252123236762034 -0.851998092007193 0.50960824677989 0.86017631340452 -0.0199033834243178 -0.0563965042749337 0.115963084582481 0.0593646377133951 -0.557104717265148 0.204847582270616 -0.450331859478353
6.46588591687888 17.6126656826805 15.0989425316123 -0.851854808160134 0.431562449681294 -0.296811788579127 0.515108208969367 0.792938171871088 -0.325442143309837 0.502406153977069 0.0605108859636545 -0.444844259450255 -0.304629277878771 0.204335236531587 -0.312235524784793
6.71278603980918 17.974150428947 14.7496596159255 -0.912841808650611 0.407082471870175 0.0316811217532377 0.360992396463935 0.840872918401073 -0.403258260665407 0.0555540990435838 -0.57207956415123 0.309683519834747 0.0553094487722497 -0.0982392570108604 -0.185390406232339
6.75097217541353 18.3594715716612 14.3388013312656 -0.665366051915468 0.381176308522736 0.641866527230856 0.246221402284564 0.923756103258983 -0.293342262125333 -0.108791345008195 -0.184091548465979 0.274729578070818 0.525838328130791 -0.227475106873116 0.722643430647773
6.67749512637245 18.7748834326319 14.0621031853948 -0.342988915328333 0.300579795096599 0.889949656296119 -0.140941180764425 0.920227745336289 -0.36512529394444 0.660219987803056 0.955876560018804 -0.2011685330143 -0.16107370040656 0.144140912258736 -0.567731535211412
6.38166942597436 19.24781457991 14.0029919783843 0.418694116007325 0.306807416925465 0.854730627823976 -0.0358067458974337 0.946046829995317 -0.322045450835828 0.0594211492928527 0.397835617968018 0.217943700404141 -0.28935062652118 -0.0314131213912106 0.024615512426042
6.24846347876833 19.7213356127807 14.1094901414262 0.895652492999255 0.0311714727811149 0.443660851404399 0.157995089375073 0.910176270207339 -0.382905613545707 -0.104409889325974 0.36891746914064 0.351107129993058 -0.00372374155697428 -0.399089190297916 -0.312554552236313
7.29958037481714 19.7575739626952 14.7066098191533 -0.921887158931452 0.100561206528688 -0.374181119163958 -0.263093468362043 -0.871427887969189 0.413999109871973 -0.312166602640462 0.26714965906152 -0.276531995344481 0.0887204496720238 -0.550008437372131 -0.556476495185456
6.95986092500263 19.4984654926565 15.0178333841873 -0.39836960826985 -0.0824512521236434 -0.913511601584879 -0.57513617112942 -0.753379396134059 0.318806948072456 0.410352138736113 -0.335107630534899 -0.0533824425696607 -0.0480795836143818 0.162732321819273 0.215644898839145
6.41285528525462 19.2047570073953 15.1443588864011 0.256688841596917 -0.316245382344625 -0.913290587242272 -0.403589066358427 -0.893694124394945 0.196027236724612 0.240835073535614 0.12704004791133 0.764087993957754 -0.533988752624632 -0.0323607242366142 0.190614370186551
5.92172001908223 18.891681103835 15.0660126776217 0.698108264475767 -0.566117370942297 -0.438355989337454 -0.584367710897478 -0.804265679597479 0.10803284260838 -0.132890894275947 -0.100955144167751 -0.227724407720468 0.688485935495873 -0.0800963039108967 0.0683120330555784
5.60551574423625 18.4893389008284 14.9155101164358 0.894076583772026 -0.431712581710529 -0.119378847135383 -0.442499404082051 -0.892635871305987 -0.085996968811871 -0.403952971212017 -1.1505133317607 -0.0208008749236954 -0.0676647747447523 -0.306761976118974 0.429252136974969
5.47132181288128 18.1205962153308 14.5819956476348 0.775872420055881 -0.342673218855541 0.529714123726944 -0.37883268828789 -0.924458328850531 -0.0431577629570819 0.188143351573335 -0.10377551130403 0.18066129369428 0.11434308285374 -0.341862099609298 -0.200693385433944
5.72334765733234 17.7374743850445 14.2396875329155 0.218631341302833 -0.336735244275831 0.915865553377034 -0.350015268023993 -0.903177215881665 -0.248516053530428 0.186495240870576 -0.136234257233736 -0.479871724195961 0.180887453106702 0.0633134880251801 0.24199254959492
5.84196124385258 17.2354009218161 14.1338348695668 -0.477343902616125 -0.0672873594175799 0.876136524691108 -0.471331880378501 -0.821888083596534 -0.31991598362832 0.787917545845121 0.782776638823586 -0.0752890119027188 0.203482114251243 -0.0551682279958794 -0.429486729711117
