t = 5714
b = 30 30 30
E = -0.95553226943308 -1.24804823332184 0.292515963888755
5.83361726518949 16.0097595263131 14.2675444597427 0.353274584358358 -0.0247153016593616 -0.935193146847385 -0.050218928519796 0.997708639541043 -0.0453379510287203 -0.0351110422645362 -0.150867760339632 0.346021385233033 -0.124918937696165 0.247361670645823 0.0387747145449926
6.13653227091958 16.3856496808087 14.3139886987534 -0.283189776711819 0.0307940903279094 -0.958569389437609 0.0986157965375269 0.995121546039587 0.00283430433332104 0.229400860770815 -0.446509866903361 0.0941140901666594 0.0581373917423237 0.154585034910825 0.314746260612004
6.37438868587333 16.8733531860426 14.1778746316358 -0.771642547417146 -0.00162341740484559 -0.636054355799489 0.190161754871102 0.953670605598152 -0.233132758321077 -0.0532620015328272 -0.0316750362715325 -0.373264851711404 0.157570209206527 -0.208341899192159 0.199360142503299
6.50232855657997 17.1653477673657 13.8680382636655 -0.996151541886773 0.0791935169706274 -0.0375565236202604 0.0876336929855742 0.907562970230532 -0.41066992940809 0.338745587914084 -0.579087655316671 0.00686700124356695 -0.133628257606781 0.392651683250338 -0.36309235991456
6.3087467392501 17.4079529902747 13.423862141586 -0.606761472351241 0.422450338903318 0.673332181638921 0.0495312106750646 0.86553015303167 -0.498401658667026 0.0573579921220844 0.559313041927147 0.248196096035661 0.346825103283411 -0.104891614926836 0.026028112225425
6.29787135335821 17.8504548869205 13.2257288189451 -0.574892703614036 0.109729098849517 0.810837779211731 -0.249911853763469 0.92006556714303 -0.301700874221934 -0.435756623484325 0.537828078619527 0.0806522349945633 0.33473563217008 0.159176919770742 -0.397056409965828
5.90977695060788 18.3895546161534 13.0964456475775 0.0535276937226734 0.154285320558367 0.98657530166984 -0.313165038164686 0.940741593767079 -0.130126525458446 -0.346909115236747 -0.0500415086995442 -0.103192976668559 0.552128759726001 0.175997129352909 0.28245913025392
5.67668879801844 18.9235592208187 13.1334925116352 0.423690531267441 -0.190399008105018 0.885570184359739 -0.109442385765856 0.959736139715242 0.258706216242222 0.0093612765895301 -0.680454756319792 -0.148730300508109 0.365165769823557 -0.579997315204737 -0.0957106931182304
6.1791662167839 18.904047011784 14.1447026652494 -0.683994422548789 -0.188518712943732 -0.704707261770583 0.171056287259593 -0.980545657745593 0.0962806297508981 -0.0249728012454422 0.190232214206839 0.221660186681692 -0.372927395191661 -0.486969643632445 0.496995703380034
5.92948103317285 18.4931032156254 14.2739917837297 -0.0731208219672364 -0.145662651394932 -0.986628469781525 0.0558461609893312 -0.988322502828266 0.141773892892992 0.110349340372916 -0.371491808930115 0.269412301936744 0.10506670905627 0.272312333912274 0.429737744628782
5.65623698518543 18.0523960104268 14.2986872213633 0.530165529010175 -0.0854307694897524 -0.843579335613282 0.0386740491796837 -0.991439181565134 0.12471033308234 -0.140367318108198 -0.312275012328928 -0.809532914252099 0.0024195020774981 -0.123554127144488 0.302342330836271
5.36788839423765 17.6584259126881 14.0585072642921 0.910410383469267 -0.192173646721744 -0.366363512343976 -0.203631240453239 -0.979018807989351 0.00751608372656231 0.121580597586099 0.383793524381081 0.0482452246736193 -0.34065335946785 0.0611185146976773 0.378994467517272
5.26781321779772 17.1691947971243 13.7506180917587 0.982598661337578 -0.0169841891873816 0.184963261366271 -0.0186790974705758 -0.999797962095678 0.00742470922087706 0.125994118196652 -0.0297677074314953 0.180540591157333 0.201568097377878 0.682126675668498 0.26384531476568
5.44371253535371 16.8571588113814 13.4302163455544 0.803180665882267 0.0245168039077063 0.595230832769156 0.137510140562873 -0.979800839573806 -0.145193925537008 -0.460756070539435 0.169748038588814 -0.0525894600667034 0.18335092937157 -0.00409901954372815 0.69174734671383
5.75975758130917 16.4914441195878 13.1652900762331 0.341123260195708 -0.0477709255894541 0.938803951856712 0.253800568714067 -0.956936982779144 -0.140914450323489 0.238371254122033 -0.24197575806916 0.0448945698883636 -0.149556365477991 -0.244531301034757 -0.455627410748237
6.16784794963494 16.1075702236324 13.0788085699208 -0.301072429360047 -0.116495915756231 0.946458712195814 0.365234749609734 -0.930914076253964 0.00160009679093927 -0.10926156071235 -0.180995088328105 -0.577087508170663 -0.340051676546485 -0.37094602982479 0.12097221126975
