t = 5255
b = 30 30 30
E = -1.02806603952389 -1.40824446755734 0.380178428033448
6.87790844628615 18.6326332298113 15.8269572653285 -0.0977216665801138 -0.808241557189607 -0.580685854066136 -0.0525995649908361 0.586857508757062 -0.807979919415226 0.00111964878276776 0.117879300855968 -0.0444638622054072 -0.457588432924271 0.517729389775219 0.486859708570081
7.05428417638082 18.8415597673697 15.4348585790401 -0.614431208496414 -0.727394893044002 -0.305566620557853 -0.0642682200994396 0.43215519671941 -0.89950624335447 -0.158282688550446 -0.0392212583313623 -0.698111350376425 0.296300723152198 0.0269968218509267 -0.613015478434201
7.13034014489144 18.8749217404422 14.9450421107804 -0.883544068883259 -0.463606628251557 -0.0664738488613711 0.0232542281415594 0.0983322740745697 -0.99488190492584 -0.305874763124481 0.130683088675025 0.212585337496335 -0.576549686794235 0.289832668165861 -0.128583608233356
7.17387587321307 18.6930835181381 14.4747903997951 -0.963857822104402 0.202569842816266 0.173042068727691 -0.15676539723659 0.0939342920710326 -0.983158664205514 0.280305634003415 0.146461870682288 0.439384081468907 0.467135885014735 -0.337952999108829 0.207731889741598
6.96276796577412 18.5016839397165 14.0431908031477 -0.761743172457102 0.617083052716256 0.197372351826089 -0.270632535619889 -0.0262790217750893 -0.962323980621127 -0.166611684156529 -0.41887035060903 0.0958732787909122 0.203803430284231 -0.0161772084652702 -0.206991716371312
6.6307773335336 18.3975258887362 13.6118559377526 -0.0930367423052832 0.93891212259863 0.331343010517129 -0.262824735003564 0.297823730874602 -0.917727728685496 0.626944715315361 0.642904284912451 -0.519390237915587 -0.260521431323729 0.243146865089381 -0.0827085378484836
6.28742244467901 18.6066971069574 13.2584873209618 0.37771804718686 0.864891630087036 0.330592717758201 -0.262461592216827 0.44240869965225 -0.857547931653396 -0.0794696702551509 0.58392902491004 0.0832008461014556 -0.337386335795593 -0.284970111840233 -0.0876472104215655
5.91321283169866 18.8103758407681 12.9995764134174 0.880110050615076 0.473934699201207 0.028146042339862 -0.274615450941223 0.556536300381304 -0.784126074341517 -0.412366440811818 -0.221348130909187 0.0353849741260947 0.521506788997416 -1.17195690331119 -0.0301381427461954
6.8356926287299 19.6466980087526 13.0255719127595 -0.829605030980973 -0.557380381314421 0.0329029344718124 0.100293983149549 -0.0907888707983686 0.990806993255077 -0.102555073552553 0.125436865245067 0.0917142212472101 0.504949183385256 -0.7929997737988 0.262928204655528
6.71402688474663 19.7015781591422 13.5246915316899 -0.388171107426629 -0.907766332572059 -0.159007788513215 0.035508042375256 -0.187140390721129 0.98169122084667 -0.216046652202937 -0.295517800580099 -0.153784054349005 0.413537836744783 0.527136467769761 -0.0579138048917018
6.4450973295915 19.5418563698326 13.9781502173755 0.140967709902194 -0.952603407634226 -0.269582737816396 -0.0151990504973148 -0.274352205575757 0.961509155525671 -0.705715035049268 0.0266485679876219 -0.0394030579962898 -0.115124016618378 0.616895062444032 -0.431188824301767
6.16801222000615 19.3417363963789 14.3919799025296 0.544591787830541 -0.734058928193767 -0.405681247491856 -0.0998585246999045 -0.537011879057219 0.837643430581407 0.0865385971826344 -0.122856393576176 0.074057172519251 -0.495718370642027 -0.0394509453687651 0.301987385738765
6.00612104152943 18.9388244772078 14.6423358867704 0.989695968951329 -0.0908136575096288 -0.11070125858012 0.0546426746775102 -0.475075817550087 0.878246631467041 0.0328843938585841 0.308602844109132 0.187464755792933 0.604653988760894 0.276762652697343 -0.0545117233074187
6.02446355906672 18.4299534361567 14.866230603435 0.915085511099484 0.40305398076802 0.0128839420540941 0.233109702904982 -0.554777777964196 0.798674829632593 -0.264214478608434 0.471956170429385 0.17959951865446 -0.442453484254169 0.0954509683334337 0.058058251140638
6.33576276123345 17.980231097524 14.9709810088224 0.611945698260784 0.673669446870801 0.414357259780625 0.222692108741479 -0.649474284291696 0.727042900211586 0.00593707351377384 0.355005964895444 0.284311871209755 0.675375026919196 0.0449815128642108 0.198353127222288
6.7127675640988 17.6443498597906 15.2052964493864 -0.0125902295262039 0.826411033213058 0.56292654077082 0.36445856653813 -0.520450732673388 0.77220527590577 -0.199962011344629 -0.177449052976612 0.100109962926117 0.170746359816903 0.336323787943365 0.432555418061774
