t = 1030872
b = 30 30 30
E = -0.94374571812008 -1.29889606675246 0.355150348632379
-22.319251900013 25.9656369770366 12.4404384711692 0.0382598702265339 -0.269832982101199 -0.962146737301876 0.601513265961988 0.775085705155192 -0.19345268293768 -0.315291461051905 0.491228259787818 0.236269056957404 0.45313307478175 0.539111818672832 0.364768694305696
-21.8820568191825 26.0798164649025 12.3238053297605 -0.496166081263283 0.267537477657251 -0.825979974244307 0.726539690551943 0.648794959741121 -0.226285612152433 0.0361428170364598 -0.343635562681954 -0.213496508974537 -0.0280886776317347 0.198320633217164 -0.0730352109747738
-21.4346715651706 26.1998754135178 11.9520427385082 -0.742613623220127 0.503588125558301 -0.441501989128641 0.665694706609312 0.627213482844176 -0.404294205413378 0.368140721626913 -0.632110427765365 -0.077071934692793 -0.128722049860515 -0.296489195503284 0.235269160732785
-21.1498301360847 26.3378360023815 11.5021220103987 -0.680363231501114 0.722152915673814 0.124904121650015 0.569416340662062 0.628176711736441 -0.530244330303435 0.0481570350361134 -0.390600658427726 0.24017288112809 -0.645827677239538 0.260445027441581 -0.208134855486754
-20.9935257043594 26.6281313217372 11.0553353923009 -0.48738439196743 0.672506194846405 0.556948716094876 0.404685881375443 0.73916534456502 -0.538390128818766 -0.0626454061045554 -0.414105074044916 -0.131895666443156 -0.234845950931879 -0.124146280500629 -0.328032721500909
-21.072557950362 27.0068922372174 10.7405594875559 -0.0345849523985873 0.499724876895863 0.865493459524105 0.382138935672596 0.806815948119899 -0.450575032266989 -0.13062407002733 -0.0855411873712828 0.093389267710215 -0.196726094311504 -0.381241483576148 0.984811147719491
-21.2129302965464 27.5050434113535 10.5761646745732 0.457376568320827 0.181912901229888 0.870467903553713 0.22594801069795 0.922957476175721 -0.311603905034888 -0.0917993722509844 -0.033685904144884 0.0652238779426038 -0.180139288084891 -0.329230572954947 0.317817498893307
-21.2022335050914 27.9881524766131 10.5504158303387 0.789170809706635 -0.318317999081015 0.525245737315425 0.594022794299994 0.612865395664439 -0.521088213884299 -0.329499145002934 -0.294411757561791 -0.698782772039385 0.0669599606599366 -0.120189456727115 0.0339632935267449
-20.2500057430788 27.9629383348335 11.2234301853986 -0.662316949246025 -0.265288448797691 -0.700684163996841 -0.503540046540974 -0.534889421620473 0.678484139953193 -0.178327730059971 0.258741515077159 -0.0285561986766938 0.37356722821605 0.355733539216681 -0.622406297326473
-20.5217111033467 27.5519928048111 11.5011407525944 -0.556373757798764 -0.0044609372305065 -0.83092017767769 -0.67758898233208 -0.576374369342508 0.456799471745749 -0.22980536397922 -0.0236642351536237 -0.187959428324017 0.644130538872952 -0.452059405964721 0.595055742654753
-20.9826417649333 27.5932140033105 11.8355528512352 -0.154220879460451 -0.492942173051683 -0.85628496095956 -0.773247129176899 -0.47928641239908 0.415178771265204 0.248434970321368 -0.302340830739354 0.371629195538452 -0.263417019148114 -0.171858902450279 -0.248867300681007
-21.5351562541574 27.478820686517 11.8020238601042 0.308167021648726 -0.716874223361925 -0.625399420088778 -0.732893045301272 -0.59803725137428 0.324375137946397 0.17458565123688 0.0949216883226435 -0.307422709586277 -0.286130529464177 0.0682813627857159 0.545262563478399
-21.9740658224244 27.2011154928293 11.6236902630249 0.677624866344259 -0.732289528293835 -0.0676504786611995 -0.694422572577283 -0.667427924866221 0.268918678793234 0.191059816389107 -0.225083990342946 0.173480896810272 0.0559682943691679 -0.191308101604743 0.041025721989772
-22.2699330965778 26.7782542082989 11.4382597029512 0.767273668017289 -0.553238946017259 0.324372913445316 -0.632010392012981 -0.738153023381927 0.235993598344806 -0.165656248944163 0.817794539530472 -0.515470889199762 0.597987288140734 -0.740298055377785 0.0584166794077774
-22.4680285944875 26.335457352619 11.3114134323832 0.601717410387921 -0.2333368056745 0.763865232324192 -0.418499155547484 -0.906686987365583 0.0526988021494004 0.468279316550929 -0.680919737636255 0.164764325237502 0.560265602074442 -0.305844780211232 -0.251744098318733
-22.40633207833 25.7863650081953 11.232870993588 0.00784003484458594 0.123970707109201 0.992254905572406 -0.581608406422227 -0.806615318482412 0.105372622480819 -0.115590419974917 0.189979315627921 -0.202140895796819 0.0779205914382732 0.277634255632327 -0.0284142224212744
