t = 1000000
b = 30 30 30
E = -0.952689533978565 -1.27136691359994 0.318677379621379
-19.5756977572467 29.6642278129471 4.34252735045778 -0.111675124624922 0.285984841474649 0.951704437830746 -0.175652420735557 -0.948296214766316 0.264349231414822 -0.0823218282144222 0.261194235840543 0.39390419275771 0.590362159493265 0.00452612227424211 -0.08510432330449
-19.3439007481877 29.2559187250667 4.57025300561211 -0.699172416169375 0.310862969405408 0.643833943435975 -0.0311324513473064 -0.912909624684848 0.406972711162416 -0.110843719371589 0.215171674011243 0.468260524153475 -0.0524920960408256 0.170869083169208 -0.0137781953267216
-19.258510532043 28.975420768891 4.96052555829626 -0.997073009559894 0.0730971408610143 -0.022410301317273 -0.0764191808619626 -0.943818523824727 0.321506925091376 0.0359825568791248 0.327263482309705 0.261642006864483 0.0952315734434243 -0.231467367950208 0.483906456431801
-19.3579924594538 28.5427991162513 5.34432297033372 -0.918244565345722 0.249194506913638 -0.307780792021054 -0.367256712774336 -0.826611909546459 0.426421455743184 -0.692184392595014 0.135795335594982 0.497694057657151 0.15518407937552 -0.322374319600035 -0.10366206674343
-19.6297813803569 28.434325100314 5.74596352400285 -0.659735076263572 -0.121257490447383 -0.741651029904148 -0.346154753492007 -0.826933643030132 0.443122597776057 0.447386936785736 -0.526124320817456 -0.0476793075949516 0.353152094334751 -0.164194419529924 0.658441185079832
-20.0174201374608 28.3293743500167 5.98407300980602 -0.248937874111408 -0.423819966475074 -0.870865414889101 -0.635374435165523 -0.60717532831447 0.477113663422354 -0.466746791744479 -0.146544663058906 0.0687615515019992 -0.17063655776949 0.868700088400123 -0.160083160176311
-20.4575238957373 28.1160207294093 6.22507083051198 0.132937735104086 -0.641026354097002 -0.755918495565821 -0.68461581151933 -0.610887388102522 0.397640276726354 0.495632127897874 0.136517104138354 0.0197629740597792 0.290787232841059 -0.183164291747928 -0.091305690431232
-20.9624332947202 27.819416930966 6.31134510125203 0.679661068686756 -0.532217775583379 -0.504782201612414 -0.461095055368377 -0.845185303294093 0.270283467882356 0.0245776718453511 0.147894810123755 -0.207760508567013 0.2914885261331 -0.189326469824436 -0.0724371182608293
-19.4008505407593 26.1852418645854 4.58018982729636 0.510143626561779 -0.0392150502522507 -0.85919477425791 0.8095166064265 -0.315604610032179 0.495052112454985 0.254624836614457 -0.0366279408283981 0.301360408578084 0.332386180218376 -0.707287931340034 -0.313165865847841
-20.1806255220236 27.4111326322391 5.29199897352323 -0.357805943466278 0.575041230216688 0.735732621521639 0.28715403887465 0.817473717400492 -0.49927875912904 0.216845731807541 0.129555232649457 -0.146140708976758 0.187379070997946 -0.223474541906309 0.0725921418802234
-20.2689517655161 27.7901732349153 4.89959868910259 0.113896949079465 0.421030093627827 0.89986729313278 0.409103872559236 0.805527824115436 -0.428671139724716 -0.830109895717454 -0.325930133691129 0.367478728082497 0.412497714292803 -0.211682684299252 -0.421524761469526
-20.4110333215799 28.3070522469769 4.86220138853794 0.57551220574044 0.0889686489565113 0.812939284661912 0.164725578112727 0.96107835954795 -0.221796913242836 0.485301178895627 -0.286971129939732 -0.000604454153852074 0.51605025931773 -0.265210255558624 -0.268161291517279
-20.5029266718958 28.7685859760391 5.00812660973371 0.960266760498105 -0.119788052922931 0.252068584038982 0.180388535715722 0.955578246084208 -0.233088377644507 -0.408411146963525 0.0601379833035479 -0.14931683062835 -0.106396534613654 0.252628032545141 -0.102092659671025
-20.4375795268055 29.2236075757404 5.17570477924963 0.906914764514407 -0.342560435662455 -0.245271192406545 0.364766312077066 0.929743537465611 0.0502244175139342 -0.189268840295273 -0.319052351880584 -0.0853657732532874 -0.219766389183384 -0.00535381388846117 0.270583602383649
-20.1179541480989 29.6612293077093 5.38562886956976 0.641212750781856 -0.395325245985314 -0.65769609860588 0.429024516897466 0.895303521202565 -0.11987313637006 -0.421894355354745 0.0225166678836069 -0.22408031251558 0.505884431422188 -0.0153124370202689 -0.146528061751
-19.7432901088316 29.9466981757383 5.50582862926626 0.0577685624524759 -0.201325381710693 -0.977819453616685 0.608559719944593 0.783541283161633 -0.125371945994192 -0.166613224672343 0.0475290291050083 0.0675334349921326 -0.988445034808441 0.131824344562811 -0.269415073977916
