t = 37677
b = 30 30 30
E = -0.920061353810396 -1.34457688522778 0.424515531417387
3.69021094791557 19.1469370727379 23.1750659790418 0.663992440559253 -0.595029386213909 0.452828961553998 -0.492230658849003 -0.803703428299462 -0.334319873517516 -0.218910007984805 -0.0347256985652604 -0.467259360284146 -0.132900663783745 0.513451166734234 0.405104580819491
3.69006008604614 18.7827174127828 22.8865838215018 0.164273096928406 -0.502909858737095 0.848584717992599 -0.451513113880915 -0.80319538921878 -0.3886040076109 0.287109855024354 -0.582994643399149 0.346092871798308 -0.325291755656569 -0.0425566820805099 -0.146775400290548
3.7980088279209 18.3030591751253 22.7474537696458 -0.499112050723124 -0.159472660667829 0.851736832197881 -0.523021043815866 -0.728246776273183 -0.442838142636181 -0.324952272868039 0.255379604381144 -0.148604834709179 -0.226726684412099 -0.669353477629605 0.0692290728429251
3.59205802967682 17.8055692112794 22.7020383098161 -0.675076784692322 0.452929873629966 0.58234514194163 -0.722146663519393 -0.567162551819474 -0.39601873210927 -0.890722863640754 0.516694757569547 -0.461547681634596 -0.0129629240806303 -0.0797364858000347 0.215061144499165
3.30056741608143 17.34806474454 22.7939785974333 -0.59125819372872 0.796121611643487 0.128857005330854 -0.787432301454934 -0.53535343235086 -0.305527532467242 0.295609138013954 0.0728625844205122 0.346098535409238 0.0323166082905658 -0.547739518473008 -0.354015322797573
2.88011130217128 17.0339711639075 22.7984560440696 -0.492409137845192 0.829682003711922 -0.262984816449766 -0.852653187511749 -0.520486330324303 -0.045568868447593 -0.318526686022597 -0.0376400341761486 0.0515867715184411 0.302334268721221 0.0784548849775118 -0.165526106416523
2.37211360251924 16.9424438590707 22.9446616002568 -0.122279365299856 0.734079139773581 -0.667963751539812 -0.906666937042711 -0.356394869866962 -0.225693956512128 0.464009136417549 0.46546953745996 0.118753662101653 0.0195715797294535 0.559348015747267 0.149688417178222
1.8011931947049 17.0800687508638 22.9746477697833 0.297039154486061 0.0266161336608211 -0.954494275588464 -0.888092877384047 -0.3595353914763 -0.286400669370216 -0.00948753342081362 -0.139511635244847 -0.175377060706421 -0.46809861286892 0.432695086887075 0.232793054592453
2.23016715130378 17.1999532486731 21.8270637395367 -0.403981769947588 -0.0628487944189236 0.912605478062726 0.638111082225769 0.695465404622394 0.330366641345757 0.276508021968033 0.344810394502735 0.043801673856076 0.596691300346825 -0.0880408769134665 0.291017075797677
2.32174372429485 17.69841670119 22.0148782314476 0.0511269542059249 -0.569693557843899 0.820265374561668 0.505407822791286 0.723158725113319 0.470748755658311 -0.264527073464451 0.0975257173563834 -0.483492226953776 0.184589509911388 0.875531116043454 -0.120287564559996
2.44767094373922 18.0600470954007 22.3681027795216 0.312459390203509 -0.855054135955056 0.413825511610633 0.515567965089121 0.518538694774411 0.682134367551956 0.579584844926275 0.592469395609449 0.465225114114146 -0.475860021873852 -0.183910421685754 0.142315980601157
2.56409709523736 18.3178478719594 22.862137910488 0.703362384360906 -0.702367558086148 -0.109367132239291 0.60253047896189 0.507468131348856 0.615981426333015 0.0287369786749334 0.335278543078104 -0.415810902831147 0.115946673758376 -0.649491259300203 -0.510521867574544
2.76848912555042 18.2798486855028 23.4114084083058 0.710348387517265 -0.360796568140909 -0.604343449347609 0.700312099673252 0.448281561291858 0.555523721236982 0.583234682409026 -0.415441587615375 -0.402297048042533 0.484891312843135 -0.09100550466397 -0.0421036907426129
3.21630773144885 18.1745002048792 23.7689459439046 0.415629391021805 0.136163822892206 -0.899283949959204 0.78722831232953 0.441358347414331 0.430667381437794 0.329010488026794 -0.0150876242703288 -0.048512466759995 -0.188007136858189 0.225544661550377 -0.240390013014835
3.85373912062259 18.2595708740851 23.9497136756191 -0.160943553175127 0.362046760772172 -0.918160833245324 0.778610485806289 0.618263872197722 0.107310277828249 -0.0138204841626647 -0.555052099005986 -0.050049376141692 -0.337354373757358 -0.0872691586249044 0.464106123352701
4.29524942299723 18.4810470525245 23.8147504688865 -0.561836798245576 0.737595881202921 -0.374555373969772 0.792422961509343 0.609847880189392 0.0123050030987122 0.771597911123021 -0.365303036368931 -0.155401339678293 -0.622550869057323 -0.676162194674127 -0.80942542057985
