t = 449664
b = 30 30 30
E = -0.880505209762252 -1.31980128470237 0.439296074940121
-12.1148540974971 -15.2277432218974 15.7787531152481 0.230069404258139 -0.973031002945901 -0.0166954044697865 0.872763480313085 0.21389032324012 -0.438787918083461 -0.0488129241572527 0.0586210364303797 -0.177237437091177 -0.239542245757015 1.07321833385438 -0.410670162285599
-11.5503138102599 -15.1643992146048 15.7466152794335 -0.109103478047164 -0.902498301607688 -0.416645228789727 0.912625346888903 0.0751778037698765 -0.401824929585321 -0.69159970377104 -0.208000022317766 -0.154271712170165 -0.857115073996741 -0.263352252954277 0.0876752723958483
-11.0016790475056 -15.2839838699372 15.6787901615509 -0.431830069572294 -0.597880509256814 -0.675323394873894 0.892950706092749 -0.177857574471261 -0.413528378338977 0.178458234138814 -0.343182454943527 0.377607559288905 -0.427446440757906 -0.0334523827122121 0.221866119796072
-10.6353348220041 -15.638696161549 15.576055743652 -0.460449965034315 0.0528698417226823 -0.886109817988781 0.835012961224568 -0.312943306612033 -0.452570261322715 -0.347385717414301 0.401996225860764 -0.28497405133419 -0.0359953802812838 -0.425222640795554 -0.0350051382397181
-10.3591304160088 -15.9196535129906 15.274042613102 -0.308202631096882 0.62459999067587 -0.717555565676029 0.817257015520313 -0.212235571006648 -0.53576770431066 0.327151376814489 0.346377157857388 -0.223143599583348 -0.0205406488496659 0.340159609522489 0.128051254098538
-10.2052104693732 -16.257005719466 14.8043552092476 -0.0684516252811774 0.973221662635981 -0.219440129357456 0.872532288796222 -0.0482505773217266 -0.486167961507278 0.585895176243587 -0.314751236559382 0.144733245372423 -0.158036514799377 0.659482264639192 -0.317305851645069
-10.0431990035751 -16.1889526687134 14.3319129218575 0.380087539837975 0.866799948321942 0.32278678976842 0.719276129083125 -0.0575815214327549 -0.692333892367465 0.0347686568018525 -0.583995986685052 0.277479183250753 0.409536811993264 0.0724317459620906 0.43332498208852
-9.89982729936476 -16.1572777190633 13.8629278962411 0.690620928818585 0.477498884918796 0.543173588808457 0.644077222788042 -0.0644718873310219 -0.762238746607394 -0.273852788095906 0.0191938602931263 0.592154551652684 -0.0492954705443947 0.644981537983629 -1.25017281575278
-9.29917399693118 -15.3194096637843 14.5771053359141 -0.471221650862375 -0.605354178999169 -0.641479909059352 -0.873668213734805 0.420171698779509 0.245274531605286 0.266571811966175 -0.183778795137176 -0.273770937761504 -0.653052476274536 -0.385713167750293 -0.24538653923763
-9.74553790780216 -15.0484808552315 14.5038612713082 -0.192772397794849 -0.978411772608808 -0.0744929920792029 -0.897492070743726 0.145120424642043 0.416470941728035 -0.394357335501037 0.666067664746253 0.217579740392146 0.265525629805878 0.0267846791309262 -0.235410931835136
-10.2511709930649 -15.0486897868283 14.5144331683968 0.0772079597842049 -0.947799142556659 0.30937956673772 -0.971170419993992 -0.00129915710991424 0.2383827332663 0.184027421206728 0.0511245472671422 -0.50627786838988 -0.126302995947861 -0.00101819640178942 0.464565047251132
-10.7542845969208 -15.1189676755122 14.4689052372048 0.308053697176767 -0.700961501836727 0.643238596944032 -0.93945947888513 -0.117483802181836 0.321890421972715 -0.043393572061922 0.0860970125976359 -0.496335987602903 0.0340021806632166 0.236575646684129 -0.296766531991599
-11.1662469284177 -15.496237198361 14.5119031175111 0.384514452402996 -0.14870581585928 0.91106268512263 -0.909241324583723 -0.231499439395053 0.345959857828949 -0.493153093428835 -0.605507090277135 0.290239710163412 -0.337675555134548 -0.516222661091583 0.0133077534620338
-11.644364699939 -15.8099181796317 14.8418398511391 0.630427258199275 0.198760450148644 0.750370412247219 -0.741553328607942 -0.13156146008776 0.657867952593877 0.0177336503008461 -0.3908412712973 -0.0964511363063344 -0.0315262151386113 -0.0950046182404596 0.245905191982137
-11.7901677746769 -16.1833036285234 15.1191331805289 0.216652021287356 0.746692657961641 0.628897429012287 -0.886493795062543 -0.11934091995218 0.447086676317433 -0.48093477593738 0.0661713224673576 0.866086550819629 0.224444148955432 -0.248255377453991 0.212801571224589
-11.9470120455264 -16.3671688420413 15.5722725752413 -0.143625119931302 0.959640598843926 0.241788639053221 -0.811056162854405 -0.254138297935464 0.526879138150646 -0.175356160546484 0.535617942547363 0.450585504835818 -0.0461042509375236 0.279889105570083 -0.164536783723293
