t = 422250
b = 30 30 30
E = -0.902521456940272 -1.32038518079224 0.41786372385197
-4.92796393826472 10.5342656461133 24.3099350054939 -0.503895669890422 0.829442683390459 0.241068431852268 0.637040964108039 0.168386965052479 0.752213161310485 0.588732298180955 -0.715656050578966 0.184044539764646 -0.178918795625112 0.623990039559513 0.304845772556257
-4.63196334562537 10.8666224494816 24.4453609202829 -0.690622291385978 0.264222983594941 0.673221409033441 0.715986893629336 0.381078043876528 0.584929305665443 0.114784146290469 -0.463093667432305 0.483699125036883 -0.512916770831752 0.19431362611386 0.25087689524997
-4.44641693529895 11.3713225284876 24.592188565934 -0.617825249284968 -0.0986434566099901 0.780103473786655 0.552167273886076 0.651907843436504 0.519737881354818 -0.321926391963893 -0.139574110550788 0.62835383554982 0.0402401596497567 0.385357374420523 -0.843826342487232
-4.43264273932965 11.8557653885586 24.7268021366511 -0.203570485682535 -0.562612621211116 0.801265309253392 0.521610936751286 0.630259345353817 0.575061030026923 -0.448828767728294 -0.0430683594581915 0.489120171843499 -0.0510326167601747 -0.0614240231487028 -0.822672559917483
-4.40202894625287 12.1914545147768 25.0956460792819 0.123488084804355 -0.742708529106874 0.658129724069091 0.172404721415487 0.669177254565631 0.722826683241324 -0.00990024032090431 -0.305474746233636 -0.14847062906366 0.0877064870085824 0.125665496989544 -0.0487564556515101
-4.5468486200322 12.3758736539895 25.6262618678158 0.617089335825193 -0.73698253650592 0.275785228930275 0.160406719182438 0.46092834198249 0.872819997478519 0.177608456071799 0.320912794291465 -0.0423868711830226 0.0107883217639722 -0.418838594371459 0.115858705349907
-4.64929659512458 12.3110849614277 26.1614955528533 0.877319392839728 -0.470915716062793 -0.0924611881407535 0.205294969372445 0.194122613849108 0.959255120571562 0.212698933721077 -0.484641275373375 -0.0900214135579934 0.552835435393005 0.714667408370397 -0.343050923547809
-4.51213383198229 12.0776345060182 26.6486301084097 0.889893153813745 0.33417674155509 -0.310509388262332 0.239098431116214 0.237999580917519 0.941375663441991 0.50371508914782 -0.555548536753089 0.345730408606966 0.0664017170219742 0.22759971157973 -0.252673406725381
-3.42800862275813 12.4077811335706 26.2390526314442 -0.847139867110022 -0.374177823550801 0.377286365928591 -0.220039741457051 -0.39926343667902 -0.8900400105112 -0.347884532512885 -0.242329440488915 -0.309847619979935 0.463864416363531 0.138641121220547 0.390493020566851
-3.50961379466728 11.9535904461928 26.0026952979972 -0.935326438064388 0.29896539783718 0.189166976911497 -0.323111472455332 -0.50408626958482 -0.800934459980221 -0.222695683296747 -0.276533170756499 0.464946123092659 -0.205858816034635 0.556222987731755 0.0389129605083408
-3.725131404314 11.5280718487473 25.8634040252949 -0.669978340109099 0.707941062926897 -0.223491555112491 -0.465992943369812 -0.635388057036834 -0.61573743893359 -0.528271962569634 0.392039245291018 0.607053136262275 0.353823351721676 0.192996595442288 -0.144210144346773
-4.14478803845107 11.2517289832712 25.8447836539519 -0.283941490792836 0.750275209159174 -0.597046346883975 -0.623144076066748 -0.617641290318628 -0.479802768808671 -0.424794656775107 -0.128724078562655 0.481001481493149 0.0369845785753206 0.0800253889538398 0.0493646327355092
-4.63957763304144 11.1649270298409 25.7829611890877 0.221213778274715 0.573439108736276 -0.788816869034361 -0.71529135520027 -0.454398198305389 -0.530924245587431 -0.398337352432399 -0.0266443127317541 -0.392648847659703 -0.546568293403511 0.253644773612973 0.327241539775028
-5.15352080576355 11.121594295587 25.5416596439169 0.566178529915457 0.271926739013013 -0.778137340623439 -0.802725144403444 -0.032590868068111 -0.595457956417614 -0.407580324091244 0.609540918711843 -0.1097588525002 -0.325066797026245 -0.422677422851728 -0.0309272139134678
-5.46969249705742 11.3278713838018 25.2524612913229 0.599150842077174 -0.586557085136721 -0.54494867126558 -0.780958854868362 -0.278184236029874 -0.559210870626786 -0.152992593083475 -0.17625846501286 -0.324716682607973 -0.0471905622748167 0.651590040867172 -0.451514652208419
-5.84541092168008 11.2553656231076 24.8743806916578 0.82488823147431 -0.402966709443269 -0.396455844521994 -0.517077909574442 -0.254435539459959 -0.81724720353749 0.11939719513426 -0.171341774629984 -0.579808081838894 0.405839269111714 -0.58553073122528 -0.254525752363521
