t = 173217
b = 30 30 30
E = -0.964746664105953 -1.29741476671229 0.332668102606338
19.9778474775079 4.52271815713942 27.2747473977606 -0.280923574102367 -0.221813310507553 0.933745576051225 -0.185167706288149 -0.942118059343198 -0.279511149701394 -0.453516513492664 0.150643437682368 0.150339749932513 -0.150455909439054 -0.365027948177512 -0.198352831201824
19.916494977803 3.96479185284893 27.3858199831892 -0.754459260219648 0.326898818308461 0.569147069971683 -0.543132771000484 -0.797808694088459 -0.261740483498837 0.44555915617658 -0.332753396699254 0.404004476899763 -0.524480871566717 -0.168309592520499 0.733584649719296
19.6338617804602 3.43945419019723 27.5174313316882 -0.725546551675967 0.619926093311125 0.298787282498975 -0.653915748090092 -0.756337420135298 -0.0186521125573713 0.243379086458823 -0.0911814226449979 0.321274139511266 0.105583103261627 0.553995260043 -0.653237788990473
19.3460404618147 3.05572906847425 27.7878202936652 -0.634085738275324 0.742401798094268 -0.216274933134267 -0.77173636807873 -0.625142619528484 0.116703399409418 0.324249091396515 0.152868278229542 -0.136861881883732 -0.405506374712228 0.0385624677847645 -0.449316966627397
18.9645710515564 2.8490319591327 28.0385073922806 -0.374259658213195 0.574459036318663 -0.727960523535432 -0.800032116009757 -0.596971692760236 -0.0597780176647957 -0.309498153248043 0.665265538290671 0.523345153884941 -0.523757141675135 0.305301474597546 -0.661934398457025
18.5338470460855 2.8750439438916 28.307451448226 -0.214543773028395 0.0870213897975478 -0.972830019670673 -0.809770902821564 -0.572759375326489 0.127349059357153 -0.00951988834596902 0.104911196334227 -0.314687182076184 0.0822267982951395 -0.181183486090016 -0.0147946568015414
17.9886144691544 2.88389448881182 28.2708116186076 0.210127669265914 -0.406746510316034 -0.889046477387207 -0.788276572308312 -0.6083988730832 0.0920372575697065 0.309359077910948 0.286955389068214 -0.0597918909912002 0.043697677129075 -0.235919965565792 -0.246269946111763
17.5104599907173 2.82039088751295 28.2237136935293 0.547334828356794 -0.754974887282851 -0.361161328549843 -0.744206217998765 -0.636468366703758 0.202645313978452 0.224389593333897 0.536177990257467 -0.237824786238041 -0.347450730921076 0.212446827879087 -0.320135813485742
18.0885987643143 2.0068934461008 27.6090136808646 -0.639803827718468 0.704214035170366 0.307788327760917 0.6959415264176 0.700787182376413 -0.156724971923647 0.230556898214348 0.219537323191553 0.441017154965253 0.165875171109075 0.107970840802824 -0.0030471561004986
18.3505074865921 2.35336391833279 27.2542566242889 -0.361775332100751 0.465852159748943 0.807527321110956 0.656295963830068 0.74245650390953 -0.134290534524212 -0.615753773847301 0.502221667347655 -0.16184394565566 0.0268467052051091 0.111428698317866 1.07022044203213
18.3356123295267 2.89050392464344 27.0965842828586 0.0711918935284461 0.0668516437579913 0.995219861147623 0.596416882001854 0.79689005316859 -0.0961932743186671 -0.134037343164632 -0.026759190683627 -0.143589911051319 -0.284603382503806 0.148938166611156 0.209870021433351
18.5067442570746 3.40008442536068 27.1229726102248 0.440292918565583 -0.423623132651329 0.791634756275695 0.505124764985062 0.845800939633686 0.17166753424442 0.18363909602279 -0.240685210353766 0.0591897223912764 0.214505926768247 -0.422074600466888 -0.180004117996612
18.5663843643401 3.88055556187303 27.4035882998325 0.701273433999519 -0.636514174437109 0.321037811647126 0.535152948466254 0.76754925018749 0.352816482444487 -0.117148216739432 -0.146158240686265 0.0615051232784481 0.205476538284105 0.0432206600587069 -0.606751925924353
18.7992996073615 4.19968285466992 27.8501905768601 0.67841216510259 -0.726984256614403 -0.106069905607673 0.688487007823064 0.57870802057477 0.437130034407702 -0.146549251295145 -0.0750527455589289 0.1334521016764 -0.522642569437667 -0.224175676171779 0.14126040831641
19.1416166554282 4.24364596518384 28.2092664278582 0.634376181687958 -0.179553246915095 -0.751882631551798 0.622597389325768 0.695190276524761 0.359281185466429 -0.94885801328552 0.0613745459999755 -0.195962074687676 0.0997938113634141 0.26512761665625 0.0898872275864853
19.5736482168164 4.24862972524751 28.4571583779946 0.31944263178409 0.417371250632692 -0.850739469017488 0.446045416595609 0.725872129933692 0.523596349604901 -0.0222745367778242 0.211308779003476 0.0994218364297907 -0.0946629900175776 -0.225450759308595 -0.222969326182617
