t = 1170625
b = 30 30 30
E = -0.833261757881221 -1.27459701896071 0.441335261079486
24.3186417196651 -10.6406229911486 31.1371094745733 0.732909463610708 -0.420943621232447 0.53446252056957 0.220553315079984 -0.596157311553062 -0.771979724532364 0.830604917660482 0.623154131988759 -0.357535547565645 -0.551066528523116 0.335185035231802 0.0504920279167034
24.6636823356755 -10.7946253906832 30.7982811166805 -0.00148019156107873 -0.75631974748832 0.654200465142106 0.111697208679771 -0.65023241485704 -0.751479567415062 0.0154752201130286 0.0733504169324461 -0.0498733777579575 -0.0182637717067 0.125424145168207 0.560095501197251
24.8403306404573 -11.2706799383552 30.5195774271956 -0.446081902513235 -0.566058408020162 0.693245133383465 0.0282556427488757 -0.783103480331687 -0.621249191343743 0.296619494262483 -1.07710023752991 -0.158122863244397 -0.129389455159193 -0.241608749746665 0.796866087455187
25.1517938974369 -11.6873820783931 30.6117013438717 -0.894550808866597 -0.395751852061083 0.207748217673149 0.233719532678274 -0.810354008919581 -0.537309557213192 -0.682391719758546 0.399957197840363 -0.21943649357469 -0.171286347507622 -0.0324266754201459 -0.150886501183251
25.2701577634155 -12.1834748704318 30.6370835893852 -0.978414142309807 -0.0804670130449582 -0.190343967437468 0.151753489928071 -0.904977778984888 -0.397474650560591 -0.230659410913724 -0.0738215114070218 0.321998349993099 0.328859660844568 0.301474763011937 0.0481928431331864
25.14846899767 -12.7215655871908 30.6668606482367 -0.61841764100288 0.357775166455615 -0.699683179420577 0.156605281390948 -0.816386749682203 -0.555866405518241 0.0883230019900772 -0.05033964054352 -0.0732482497815407 0.481181857022692 -0.239348307927221 0.586208975846465
25.0261437291194 -13.1280188752766 30.4419094080277 -0.529990089122752 0.569265196692943 -0.6285281547121 -0.246252806429545 -0.812562450884894 -0.528300878986152 -0.329478878094333 -0.498962205352023 -0.58973323392968 -0.14746499663018 0.0474377951287153 0.276652144231857
24.6322759097932 -13.5022302433255 30.2473520933439 0.258034609402484 0.554018872690641 -0.791505672154729 -0.285080963272961 -0.739110499254927 -0.610282323413102 -0.27085657895997 0.641375056410911 -0.130977707626712 0.432986691370661 -0.161811234301093 -0.654566341508081
24.9047736820188 -12.7743002854404 29.3189123415284 -0.363616973410284 -0.438833065727806 0.821710555531509 -0.112890968305329 0.896348049600154 0.428737452589693 0.111966903232808 -0.35970912693161 -0.207842072754226 -0.71816088999575 -0.234104236250796 0.094189614938265
24.5154695630233 -12.4850127032751 29.5228558398784 0.316577608929747 -0.488435746988618 0.813147673296799 -0.0198504656608139 0.853639297869898 0.520486222819803 0.360476998855364 -0.434283929380424 -0.246336500116834 -0.750831957821261 -0.050537970468037 0.470043035523195
24.2732337951062 -12.2302515339035 29.9573042837971 0.537653502008825 -0.649017243880181 0.5382428159519 -0.0205691234611407 0.628073378712308 0.77788221609248 0.0296907963405429 -0.051136783905655 -0.360283076858537 -0.098067087323135 0.224304616132727 -0.771076162035382
24.0535266962375 -12.1745676013292 30.386008023067 0.987868139797008 -0.0588647423869024 0.143706229780439 -0.0805478200599916 0.596949613580981 0.798225035644149 -0.286288390327994 -0.0713623105168817 0.394638126184363 0.458369855409929 -0.355662333307665 0.294052760665772
24.02893198 -12.1302261833719 30.9333400448513 0.911299942079579 0.335324605865044 -0.238934769900066 -0.0192490813001543 0.614362418707074 0.788789129837287 0.282570245248924 0.08302437003043 -0.431007940523807 -0.442630977508509 -0.503257325395607 0.0618377755893089
24.3867832061664 -11.9118405380708 31.4205841235252 0.400342663007137 0.528676612771717 -0.748482993316853 0.132862150568029 0.774676753019607 0.618242328927262 -0.275904181359858 0.329915808183529 0.105536555946504 -0.041087356761626 0.199090678069896 -0.199364938511236
24.7551452233933 -11.5620001156612 31.6266091364833 -0.208805417699543 0.549110407606569 -0.809245363160942 0.278827515431434 0.826566967130071 0.488919487735701 -0.344356147068967 -0.572651606911493 -0.138505323854366 0.0765286726001233 0.184361787192471 -0.445826147529912
25.1426547773983 -11.2292469972083 31.7539331149455 -0.624398098331949 0.554659246385832 -0.549981940792702 0.316828913931018 0.823426584312953 0.470731451619675 -0.0270721841478764 -0.379362721335448 -0.179638750629575 -0.674799060636837 -0.430805626526551 0.760793429860985
