t = 1000000
b = 30 30 30
E = -0.751681265259211 -1.08563968016242 0.333958414903214
30.080753026218 -12.4230084537564 25.5996198984593 -0.42405540161953 -0.869779951076813 0.252309042767228 -0.69696785827135 0.491323739265373 0.522337810014696 -0.342748511804297 -0.17284210924131 -0.573748374722144 0.43170199383886 -0.681501839408835 0.124619054981196
29.5753915903023 -12.3326639917373 25.6750581155768 0.195178815729001 -0.760861069557925 0.618866433668682 -0.777256170050599 0.264835414569395 0.570732029334331 -0.253628461285697 -0.218511626204776 -0.289314779389301 0.0483059899491126 0.595930424269798 -0.0587879940273514
29.0610029909442 -12.5170929001663 25.9106368487137 0.555680244538142 -0.296813226555954 0.776608894084727 -0.759116940699537 0.199809960671561 0.619530023452762 -0.289706515114856 -0.194493488752974 -0.00529781502659455 -0.340779908397088 0.0665418538703956 0.912944726903993
28.7696480834009 -12.6727366176128 26.1843414316759 0.612532356001406 0.402100870729167 0.680528473034178 -0.734952950173517 -0.0271713248735824 0.677573523786055 -0.341739643823002 -0.387445225189474 -0.103859956171302 -0.291401962660965 0.0320051908811289 -0.26297670407576
28.4391748449807 -12.8306380241268 26.7095488763765 0.53162360274707 0.777768775078709 0.335338750392542 -0.731172198474464 0.22159229629488 0.645200798512197 0.109800142299543 -0.57140873967167 0.591125707397173 0.111294412972393 0.50284493197687 0.0361291665830585
28.267351003573 -12.8154331459875 27.2334932328251 0.31690532469162 0.94548832617816 -0.0749856002370717 -0.709080926691797 0.288688296353196 0.643322086478127 0.340531521710513 0.240099240518618 0.419476840992532 -0.473321182086727 1.08530267121669 0.0448773437218603
28.2304715769612 -12.5983798368171 27.7277962804885 -0.176169568790842 0.767926522718784 -0.615835317870843 -0.741392399709249 0.308035552998996 0.596197457007266 -0.270247254444275 -0.587821373268923 0.026809295191478 -0.0368156450571002 -0.493985830913019 -0.19998817931823
27.5106588880332 -13.8895097773223 28.028637276755 -0.522713716106014 -0.804383721786966 0.282377759603684 -0.58455262129437 0.0970815562816325 -0.805526786871682 -0.0451803515706323 0.313663115878671 -0.000130256504171641 0.0559720178157936 -0.216858592627121 0.262134179668998
27.86700152754 -11.3932919264192 27.4087236665332 0.459642163325195 -0.648837233445434 0.606415143436103 0.403192016213866 -0.455942150024656 -0.793443730766302 0.275629348836418 -0.131552186534171 0.0420631389795841 -0.208202014182443 -0.0128748269111386 0.288799492551512
28.1944489199163 -11.6659667377544 27.0483373365558 0.0304771654889602 -0.621051035932295 0.783177344636058 0.619519193480922 -0.603150256120176 -0.502399977558583 -0.478700542789233 -0.296436639303384 0.211114199100861 0.260967492525999 0.333988995203092 0.311748441990545
28.6840512928614 -11.694462406785 27.0049302301006 -0.348285831480117 -0.912999351439694 0.212436258348009 0.764949482848017 -0.407809098946131 -0.498541901455913 0.12542281140019 0.140913556414351 0.226230345428336 0.13692264556739 -0.0116703699030598 0.135878491815272
29.0941391153923 -11.9787184770875 27.1053541341028 -0.618238384711085 -0.63927090165703 -0.457289857710062 0.758853708205187 -0.333913758357902 -0.559144571218011 -0.136200619752801 -0.463557189244588 -0.0781170908375318 0.00781732238891488 0.0897187248594476 -0.183957228412436
29.5258082888597 -12.2368309424855 26.918802356065 -0.686157333236031 -0.458943927007101 -0.56440994490681 0.726636358921769 -0.469161743391371 -0.501883313560893 -0.0532235931052989 -0.174823501073144 -0.566774630852134 0.0895356467305517 0.0863019577826131 -0.875551281575463
29.8370010928782 -12.7503295000305 26.7976685649126 -0.65983860263557 0.12291033480492 -0.741286765071454 0.654181929896069 -0.391382758835332 -0.64719822209575 0.144519662757452 0.289395800536592 0.0194132981842799 0.116177815862353 0.729142967395949 -0.24515659547869
29.8323972886335 -13.2084092348775 26.5406671503617 -0.287798062340349 0.585141123266474 -0.758143878940899 0.639803028949431 -0.471582645556578 -0.606845855680815 0.0521886000236388 -0.178654062239069 -0.166885814460015 0.300174531897077 -0.255718344468164 -0.14089150159558
30.8186443296427 -13.8541074097173 26.905589351299 -0.0675075189256994 -0.566936438923386 -0.820990748491958 0.983654829175937 -0.175495372689741 0.0403057217199 -0.131734155544693 -0.0668381454487962 0.346736132554439 -0.238186823465507 -0.427590092791251 0.337775293311007
