t = 4074
b = 30 30 30
E = -0.945547548499475 -1.2695760587437 0.324028510244226
5.24228152860712 17.0512992237365 14.9805795968033 -0.0211237733955302 -0.829106500629203 -0.55869150415228 0.666689517471689 0.404749670004201 -0.625861639601654 -0.480272772068752 -0.386266651896165 -0.0905119568537411 -0.509543937280444 -0.184306263119822 -0.426483853991216
5.72406045306172 16.9695227815048 14.9172006547253 -0.348392251726436 -0.00413382958770723 -0.937339719840109 0.761268779003987 0.582193816065041 -0.285517436681888 0.01587173600214 0.698724382229178 -0.421006230484059 -0.314219915056842 -0.429924256197257 -0.00500345265545999
6.09958626100125 17.05074783448 14.5779912768945 -0.760691472098499 0.349762908460327 -0.546822084541206 0.630696718385687 0.597499356014318 -0.495193062330243 0.0370941724610437 -0.263654662453992 -0.231734084920886 0.332466645244545 0.0581520520902495 0.214913692243353
6.37223672376174 17.1527192523928 14.0230899302923 -0.742686282253991 0.664757225977353 0.0807150336842288 0.527308999703032 0.6548607745298 -0.541389494554908 0.247357849674208 -0.00191454445573118 0.154367047119246 -0.160544851296388 -0.0322636803069827 -0.42517522121928
6.30935948202997 17.409251377754 13.6183454331116 -0.493532595130793 0.673408642091453 0.550405648862737 0.345787033606937 0.732608710573706 -0.586272807301207 0.149277519724794 0.174816217601424 0.016545356822364 0.569500715015119 0.153888618492335 0.185649500267499
6.26430788882654 17.8010017806219 13.2930697794404 0.0455698993749467 0.49276254834292 0.86896976657508 0.327834638777967 0.814320120891014 -0.478964706768012 0.412422353821373 -0.0720020595403712 -0.273893451436341 0.774265971582383 0.0225858823393221 -0.0481142349953401
6.13824886790478 18.257905674212 13.1569078468372 0.670936811718916 0.137343532074325 0.728684121466775 0.310061584859823 0.840698499987722 -0.443945768886936 0.138404362467155 0.0212855788856285 0.0591468537757786 0.263743412699642 -0.116492889621586 -0.160141293436833
6.08019118403354 18.7675154088627 13.0961346823803 0.921562474194694 -0.387354270813663 0.0260629054130488 0.337613487757031 0.766458625607429 -0.546404893935362 -0.234720556798498 0.0192228787618662 0.313260761996847 -0.734664412364154 -0.539244574138719 0.609003724929003
6.79896635204767 18.8342476772332 13.6860873233104 -0.946779894470077 0.282761572409035 0.1537976742217 -0.166502271809121 -0.839142855200725 0.517799441915478 -0.0622134771521054 0.531671827829414 0.404918564249665 0.0524512709977014 -0.249405112064284 0.0924575378099254
6.65114233571061 18.6182319976091 14.1273745058993 -0.683125201775676 -0.0824416131414841 -0.72563306093478 -0.382768091560765 -0.805780061522316 0.451892775485537 -0.384786996576745 -0.772355864336405 0.236076257940294 0.176767607276472 0.915345773603457 -0.193500414049955
6.26920999601042 18.4103769491854 14.3204288073302 -0.0260187650107463 -0.417406157808494 -0.908347468368169 -0.615852431660891 -0.709053275667846 0.343466497175585 0.107228677245773 0.0845412456430225 -0.162134717166773 -0.424034306829911 -0.0316769301295295 -0.36331521907088
5.76998325334531 18.2636692085842 14.2706117002681 0.471655714542485 -0.738180488710243 -0.482317792567231 -0.734309092548288 -0.631639741650173 0.248639082545391 -0.256450226596686 -0.0598069879741433 -0.393957353948542 0.493042166472206 0.270880270833976 0.131926094767944
5.42323566683463 17.9637178313894 14.1269700686929 0.746128041840451 -0.665254539317476 0.0270063528976092 -0.653515981952144 -0.724000053955762 0.220773148741373 0.263850573470573 -0.578570049947466 -0.637616771909185 -0.183990655064464 0.286340983147416 -0.0851384218221216
5.18450688535522 17.5189213275566 13.9983917284684 0.74982777090189 -0.368276566347416 0.549664156247861 -0.557558526467148 -0.798987144666481 0.225273239026472 0.140626161707186 -0.0624632702256001 -0.164140164949546 0.287259554520377 -0.0905462899355127 -0.196800410796107
5.18593644411645 17.0262819266381 13.9397197928456 0.329839207338432 -0.0107369486489452 0.943976067088606 -0.510390758916308 -0.843223389552632 0.168747114121118 -0.154427576035485 0.0731327381244466 -0.100900617901509 -0.334780032015042 -0.231240140098652 0.0399967550499451
5.24032598657348 16.6277737900722 13.9128032512507 -0.486747859544768 0.308983704071683 0.817071350523768 -0.622911966918506 -0.778525227396854 -0.0766756270035856 0.328324610601162 0.115690127357807 -0.172122548005428 0.530107025489862 -0.508218903985369 0.214296479094042
