t = 5922
b = 30 30 30
E = -0.935886865645618 -1.26863480827627 0.332747942630651
5.56679499954564 15.9779271408898 14.1386073489804 0.0741570382966554 0.293297251373092 -0.953140837446412 0.0189990174309501 0.955183500779747 0.295403989774682 -0.395719455921338 -0.340028983237186 -0.146233403023219 0.824071403239957 -0.427877804898247 0.0648010396267959
5.81687349792839 16.4470232709605 14.1333992168133 -0.455815766661572 0.262628899779917 -0.850445793606576 0.234989881556931 0.957084860259211 0.169612280889287 -0.0146531012158859 -0.187103431179411 0.0415914644315758 0.0218751975865481 0.0324760316887537 0.162692285677055
6.04116981311776 16.8728331855514 14.0152958682194 -0.840865211787016 0.191763267614499 -0.506134907707613 0.199398191164405 0.979114217245723 0.039695225754027 -0.113770662528923 0.0968415536766391 -0.0354861434908397 -0.317697875106502 0.287820758635579 0.0776008664339918
6.22347509577201 17.3131338401571 13.694418098528 -0.982424915979049 0.156120803593355 0.10231118779941 0.131825327472923 0.968371121324538 -0.211847715166601 -0.394607458478803 -0.217501261843728 0.0863407587637171 -0.49376564842594 -0.155395342827082 -0.373779786283513
6.03014504632069 17.7374961813393 13.4096294764192 -0.637055457164525 -0.0149010696243837 0.770673927560127 0.0198869254945623 0.999162591482713 0.0357578799136833 0.244867143072901 0.458475521360688 0.442277351393475 0.573397419051549 0.570542783281648 -0.302197961064014
5.91405624893819 18.2351153884723 13.3767091119766 -0.402988002272315 -0.145111581646224 0.903627854205866 -0.237120231944178 0.970190033969677 0.0500529078942122 0.396906099750231 0.516855230657467 0.361657227254138 0.22828553197505 0.0857431460262874 0.100042889810805
5.62373908260949 18.6885071745212 13.4570881517563 0.227137549530035 -0.216836898542454 0.9494157640486 -0.052574047411531 0.970745077239589 0.234286074178281 0.31510678207882 0.0518131905224649 -0.234471187318267 0.235469986319162 0.130785815996973 0.424826891032757
5.1827548101415 19.0188115764808 13.6647929502523 0.689636334545476 -0.00146841318387747 0.724154382599048 -0.335100651377686 0.885841676975455 0.320923786559307 -0.928170844652219 0.530483815799548 0.5359531657838 0.367065437032672 -0.383320506638952 0.359942140152482
5.83033155363551 18.9892650310383 14.5802562255977 -0.75065593058092 -0.00227187185681963 -0.660689422105395 0.123758455986453 -0.982777397092919 -0.137231309602124 -0.103093109224555 -0.454720626811867 0.0884270751805192 0.168419120705767 0.0681899250612216 0.761966480223093
5.77195183258866 18.3850538398403 14.5657355282658 -0.353374996029766 0.363612119730529 -0.861923626875394 -0.0801055198240524 -0.929746108660696 -0.359381801325565 -0.446854235553201 -0.0670359760413597 -0.377902414002413 -0.12681536939651 0.260871736746247 -0.21843005401106
5.37828501729148 18.1126889908996 14.4751055406566 0.489616351562952 0.0332119819559504 -0.871305223522007 -0.16801827740961 -0.976952924128253 -0.13165425360984 -0.0624331295012454 -0.252587399161523 0.231868916823438 0.329637655894328 -0.257250226684684 0.0352157114638476
5.12794509979454 17.7416322672713 14.19211921478 0.868925051308719 -0.0574503189649515 -0.491598124547851 -0.113142669758246 -0.989996925907265 -0.084290111959448 0.25440844243427 -0.0124691933340211 -0.2128677823158 0.1316513559179 0.596136385120689 -0.147189113567458
4.98696624731257 17.4382420959714 13.8858678330743 0.988403275279573 -0.0049063861233391 -0.151772503411572 -0.0644614197218373 -0.918510923889129 -0.390105637057177 -0.131244855245028 -0.335837048089786 0.234687187604087 0.40053552709509 0.262722059239612 -0.431694479504839
5.04936574348236 17.0969438350994 13.4769595822302 0.838857795075836 -0.173780160648827 0.515866315439735 0.0495525972831399 -0.919360247578255 -0.390283583148644 0.284700733293161 -0.198405639621131 0.0203767143367141 0.0313302193090396 0.0158933414312238 0.327235685545149
5.23932238112807 16.7247841096516 13.1231622298616 0.396460511862043 -0.290971021530722 0.870720923811675 0.0537970802560175 -0.93945110520259 -0.338433885847085 0.127573416659883 -0.418928542926428 0.0121266312897147 0.637012485336826 0.25246907971353 0.380755678682314
5.67667945683605 16.3266828676636 13.0269018580017 -0.227816491220698 -0.356988389719024 0.905902277253847 0.146425038092106 -0.932347649535081 -0.330586703643892 -0.396599943266254 0.517483429620767 -0.493241789123742 -0.151728135191841 0.12747424012274 -0.199749982871131
