t = 1058359
b = 30 30 30
E = -0.714436560654422 -1.16873073777266 0.454294177118237
-2.69306020962783 -6.37003617985885 53.2778420147807 0.807774216125561 0.332052978256045 -0.48707456861763 0.585076432160647 -0.350658201725059 0.731248517327129 0.21862280939391 0.00394625297002206 -0.413815056964952 0.404920795316942 0.830867336767058 0.244465140567365
-2.42693925844768 -6.7988278197382 53.6287304735022 0.682655132136681 0.510362015616699 -0.522984305293288 0.725496400488959 -0.387766761113274 0.568587646588707 0.289838373190217 0.717509813430612 0.02847289550515 -0.0472221824976726 -0.0870681872739861 -0.0764913242647929
-1.99714481074887 -7.16229293693161 53.5555918627713 0.38845696528001 0.91903611467046 0.0668865162559098 0.71742732755204 -0.347195942734666 0.603947851250509 0.0938317465850618 0.242220626660076 0.496376611130526 -0.00727136037994942 0.153690349932676 -0.548623711404001
-1.55717154341025 -7.37995695873583 53.5723835591974 0.133115850963278 0.890415909191576 0.435246687386423 0.903690864228144 -0.28937221804391 0.315605040097477 0.174794682483705 0.187856827468301 -0.157826910767769 -0.31471137084711 -0.12965061445272 0.518914596152582
-1.03532147086255 -7.26126875362199 53.4725145533589 -0.194582498206267 0.3640216885283 0.910837999686443 0.792141010233428 -0.489328343201827 0.364788147348179 -0.231636857253775 -0.219746856166453 -0.386432269419598 0.155259788796023 0.964916810408433 -0.0612399331303517
-0.478032549655315 -7.29589676169161 53.6817337996682 -0.639662641284693 0.0260667080310651 0.768213663037256 0.600402232717423 -0.607094349240886 0.52053204518812 -0.0779110163473171 -0.539573734074647 0.529962546815 0.469805291429355 0.189612303894634 0.276210397921768
-0.111045067076685 -7.49580121627222 53.9591659703694 -0.870662093444459 -0.103016711905813 0.480973051331406 0.490712663737949 -0.249285588735839 0.834899860399943 -0.0984373222551982 -0.0470052639555553 0.251921539585396 0.39751324135626 0.0211063101240787 0.211403033267183
-0.0581932424774754 -7.32655236488102 54.4438675441304 -0.545570538189939 -0.796616893076339 0.260296587616052 0.491366012600592 -0.0524469067531211 0.869372626457165 0.489155361609573 0.155759944726712 -0.0805546198304697 0.123206283637597 0.101271084775386 -0.221874155669803
-0.67509763351599 -8.28254448851003 54.5618020665395 0.598565775520389 0.797081685285024 0.0798736462098458 -0.678432376195675 0.557420963986984 -0.478551334589415 -0.491538355110393 -0.860162226929886 -0.293721539575133 0.441129186507411 0.685110143011022 0.388837187601037
-0.994181524672023 -7.88282017743917 54.6092185216284 0.735314535626473 0.495248391236463 -0.462646263006759 -0.634415848487772 0.743111730669154 -0.212841459611229 -0.665748409460904 -0.677078418249101 -0.241769819251371 0.0166002304994539 0.790977673916968 0.193606480326152
-1.31434116228397 -7.36722082597256 54.5751902894188 0.783753684257333 0.23904601114334 -0.573225232321049 -0.494374786823494 0.798785177434325 -0.342834960971662 0.0287557006851748 -0.273802770295027 0.581721738827914 0.526116110164268 0.311055986414286 0.428480772554061
-1.27090221769696 -6.7692053023061 54.5355314788995 0.243421268502875 -0.415403360900752 -0.876462283154727 -0.569639597193228 0.670148766278524 -0.475827027778909 -0.316398938317766 0.10658217114448 0.198070353180529 0.18469891197849 0.177538687853457 0.347119692085174
-1.29963647605108 -6.37550103579532 54.166994486477 -0.162213997444045 -0.763708703953006 -0.624848489267338 -0.489315327914882 0.612151435331174 -0.621161114437743 -0.178888400730167 0.363750911117069 -0.42592390330796 -0.0441573641819548 0.61498838159564 -0.139147955067473
-1.27782407629566 -6.21572850233299 53.6574421180233 -0.79774021589509 -0.597100280138682 -0.084153451515506 -0.437252861943316 0.668903996633386 -0.601146719204438 -0.88120654045371 0.185927993221732 0.477130749890672 0.00624629765842981 -0.164528258483569 0.174758856422086
-1.58520441876475 -6.01671791484238 53.1632799664109 -0.686631119685915 -0.683250427624623 0.248408048641002 -0.640140659693894 0.406237361166169 -0.652066823415678 -0.35425087490843 0.0933776718974795 -0.190206377863285 -0.231562726593405 -0.389375124172958 -0.775803406445115
-1.73710304842899 -6.2404527442466 52.6698950540736 -0.863901588613686 -0.0738360834696165 0.498219106386555 -0.497690695702908 0.276998672693905 -0.821934125545697 -0.245686576889412 -0.345476851521925 -0.708785985950542 0.230092182396523 0.485107725510969 -0.570999625499682
