t = 1000000
b = 30 30 30
E = -0.957569317148256 -1.32958256307851 0.372013245930256
6.28601785866876 -2.28043499787993 50.7586286001339 0.929339047839233 0.357233374003196 0.0933447944964946 0.307918529998268 -0.889359257827865 0.337973799871441 -0.130994728770033 0.090480040045216 0.802407203995405 0.651635639507908 0.194070768968753 -0.282709909951522
6.65017187734672 -2.72160938204813 50.677945093903 0.64154945844674 0.529850072186865 0.554682966540584 0.438606290173917 -0.846621520753618 0.301424157652821 0.194934777362836 0.235795731061987 0.165112307752467 0.256913376504776 -0.0876045426235607 -0.127678740915079
7.10340722516368 -3.02894953345433 50.6291078775778 0.100493274683116 0.407916283095805 0.907471987297018 0.556768780162103 -0.778961026570527 0.288493058011768 0.0980172555104301 0.226565703505452 0.619836201929525 -0.073635251667318 0.0397138224093276 -0.180293941839444
7.58203241088736 -3.23210355733691 50.847480595013 -0.506701465280474 0.244628970582927 0.826686332192651 0.577085996397178 -0.616143597558985 0.536039942494337 -0.249301089500985 0.245718660877762 -0.0323231313207206 -0.101357650439765 -0.399699489390226 -0.100847833055691
7.90468302066004 -3.36512178382148 51.3080913057596 -0.899479569025511 -0.134896764879773 0.415619258132504 0.387876801240087 -0.684485281753428 0.617277479034085 -0.326685089192979 -0.372605713572717 0.122468793900195 -0.334997301156053 -0.5345794086064 0.776247677375609
8.0100378257416 -3.65068009829507 51.8008009028038 -0.986212915470497 -0.165218745605873 0.00931941305169774 0.12089771588036 -0.680911278158485 0.722318194130197 0.267910166160436 -0.522231324679971 -0.221733526729609 -0.00651575255520839 0.251666076468552 -0.308344358872383
7.9082096340085 -3.80571401833323 52.3217837784823 -0.606124359941752 -0.564478219187638 -0.560337041741801 0.0679455455229451 -0.738671206646513 0.670632724607874 0.123291325176922 0.0552239978367625 -0.198315056087616 0.172465923171745 0.136749001799359 0.903426857096711
7.73950579411039 -4.11661284308247 52.6605529322403 0.0741402834060818 -0.474659951090902 -0.877041133132795 0.0856038206104752 -0.873186242228152 0.479810141910699 -0.324552476987706 -0.503867446495312 -0.329090859253774 -0.528372137868035 0.498003504776098 -0.224394908228769
6.70129202084635 -5.24129135481432 51.4212674956605 -0.857719122993942 -0.288302153485998 0.425675668021831 0.493375290093292 -0.694392260560029 0.523832236121143 0.136319785999428 0.163592489016562 0.535390821875188 -0.0672735091313596 -0.115732837040599 -0.882201921805395
7.02874281887604 -4.43546773917205 51.7762816281148 0.634792910510504 0.552417632900876 0.540252459157599 -0.28417380432299 0.817097533588842 -0.50159432765893 0.267614853817944 0.452117207498126 0.169676692539418 0.419503340442977 0.470256803141653 0.287922435984577
6.86304966310742 -3.91447103293974 51.7569806534637 0.962311554301925 0.263727535251173 0.0663645960385239 -0.211226047826298 0.878546416498018 -0.428415395122751 0.0607472775018089 -0.42177838819667 0.217152866379387 0.142043448753331 -0.113075754789378 0.192321388628538
6.81705516118482 -3.41852230401358 51.8040050495605 0.892477825643321 -0.00239120777087405 -0.451084928655771 -0.181397554675364 0.913667031571635 -0.363740955319706 -0.323996505262157 0.651243689963879 0.196970628995165 -0.317286275887988 0.2099811030949 -0.574134637074574
6.96093688134207 -2.88349392294625 51.8400225054521 0.527192044183652 -0.364660383870952 -0.76752286805317 0.0131902990694409 0.906640817372185 -0.421697100162183 -0.387840375119187 -0.301383655722858 0.223010993211156 0.0631588758808782 -0.0861133536822394 -0.00185769497867664
7.29156701485239 -2.52243442617825 51.7291855262216 -0.301824430563094 -0.352111700600147 -0.885956750307681 0.0909700906336538 0.914418602681345 -0.394414834508513 -0.250455152350455 0.320351701010636 -0.213008413210188 -0.051075605374165 -0.1288496549269 0.24788627430362
7.43497672206486 -2.15932035804603 51.4114223948607 -0.75490566158241 -0.335717069751368 -0.563392839134811 -0.0178659474956475 0.869256921422187 -0.494037663017485 0.552505018788778 0.569013978769883 -0.0367877949631821 0.203869907797734 -0.518540594613936 0.246383798407425
7.4392502470164 -1.84241834929528 51.0033152688465 -0.954124765376829 -0.299046072004532 -0.014743775409049 -0.207434755443001 0.695738282940778 -0.687691110808446 -0.574991918320601 0.175158394612365 -0.227316174673614 0.455582005823282 -0.662322940844845 0.0687146913218222
