t = 336118
b = 30 30 30
E = -0.801539731141434 -1.25605332642219 0.454513595280759
-3.65219006330327 30.9086607479457 21.9464296580654 0.962414046524184 -0.268849435994453 0.0384601588454307 0.170138214675422 0.486457723759071 -0.856978337475479 0.890335639181714 -0.38106874863196 0.167243703108783 1.0257784446525 0.396614422134389 -0.596516131141891
-3.24122473634493 31.2693648733178 21.8877596243333 0.460803615633735 -0.699569164027133 -0.54613461029424 0.215917474193851 0.685240673791725 -0.695575203208951 -0.14697443817611 0.0261550899547778 -0.292949844159707 -0.406046247271598 0.270751327237849 -0.490451853012488
-2.87641289457602 31.4862306771362 21.5602511320776 -0.0293918303184733 -0.823794379195427 -0.566126258988736 0.508289140971013 0.475359785591712 -0.718105301061862 -0.46716237277342 -0.367808122409941 -0.171204697594753 -0.229535631544576 -0.0488276091273642 0.793197777613485
-2.4174538492852 31.4903568131649 21.2590024534614 -0.626825849213506 -0.48173160014183 -0.612392047778671 0.499625924737145 0.354594318579939 -0.790339676696911 0.0215532518698437 0.14322195382873 -0.0431401249300037 -0.360396357905384 0.0798722828589154 0.0997092638730398
-2.13263047362631 31.439342885714 20.7806687915662 -0.949447188438165 0.161902782790965 -0.26895636317339 0.31367234572309 0.523753782852249 -0.792017445815792 -0.508828775272808 -0.519633902814438 0.256390238231422 0.302339790173149 0.0347153775765956 -0.294961179085301
-2.11455293994191 31.3813401596923 20.2425194363133 -0.757088479097562 0.624368698741711 0.192303829523275 0.332316786649879 0.621469536625977 -0.709465410260861 -0.112601426073421 0.752307128143777 0.431268986928775 0.100017982775313 0.310202575644953 -0.159980568361732
-2.22033946092267 31.5602415296014 19.8183245307545 -0.211797558263381 0.763413317219714 0.610198247625516 0.362253616205805 0.641211247580651 -0.676476498868876 -0.204853379134778 0.461889342642824 -0.529219853541543 0.372214562304568 -0.429061557130512 -0.165603055374725
-2.31512085755249 31.927232213899 19.4356405430912 -0.00724869506373382 0.536172160405549 0.844077526549485 0.136152388055903 0.836768142819914 -0.530359880070522 0.00707452026370818 -0.0546683773657212 -0.0959060452439618 -0.395529770895816 0.0712562679032112 -0.330458183185661
-2.43382014831558 32.619326474091 20.3549376013884 -0.0794857431843496 -0.519087320283304 -0.851017256318283 -0.45231014237492 -0.741994097146974 0.494833603248437 0.338714811139533 0.579879237409911 0.00969214349051357 0.502550120229625 0.439762399955119 1.25289996781156
-2.80632937404596 32.3963786316812 20.5238556080083 0.351341033916714 -0.586070683558147 -0.730123709901295 -0.287112584260393 -0.809711263294384 0.51179491405597 0.014125165787325 0.071784846025414 0.244336400077327 0.00274787033953901 0.0487437762891217 0.0119053462345059
-3.08578360183348 31.9873999255218 20.4339539791305 0.859268566856875 -0.498390522898683 -0.115171249435274 -0.372319870542125 -0.763763268947902 0.527298381379587 -0.388553241449613 -0.213548657367773 -0.341316467303003 0.25136208280193 -0.18672547085677 -0.0169645098683864
-3.29414051107629 31.5316075954075 20.4482587659827 0.943551237705802 -0.161915563860924 0.28895399634454 -0.302202970140854 -0.777936922230421 0.550897004773771 0.308534184948846 0.175229152941475 0.399324661760498 -0.201684668927754 -0.101079452568655 -0.365148806651942
-3.26481650230087 31.0159613110448 20.5275179666029 0.75971571404047 0.286370776681543 0.583801175146834 -0.195835982193717 -0.755355217362742 0.62536930183786 0.194343832916114 -0.617771749831816 -0.217785889096601 0.386279640831005 0.560259066099449 0.254524665248158
-3.10151333546254 30.5782215792226 20.7899271031814 0.192647511621047 0.79930071586505 0.569214636041482 -0.0440881488351182 -0.572444393360364 0.818757382649219 -0.179936453303741 -0.395688609287864 -0.145410086453523 0.70780560842937 -0.352212891536655 0.800837680835356
-2.81220898782812 30.3905854876117 21.3116785698477 -0.477537574831959 0.788385318261694 0.387822710233665 0.0519437798500219 -0.415299136186648 0.908200677833637 0.331591779539177 -0.190255024605348 -0.12602844230427 0.0901982268727951 0.0926111054302171 0.690799691464197
-2.58234119933297 30.3965266844525 21.7962757733656 -0.927584036487962 0.351955749142849 0.125359506612008 0.023224240796221 -0.280565819874614 0.959553779294062 -0.230891613018677 0.289463322107761 0.488384577795734 0.432700485304529 -0.114653749451257 -0.48229182466274
