t = 30359
b = 30 30 30
E = -0.870931985404828 -1.30980238693811 0.438870401533286
1.62217271140516 18.6524381694756 22.6143117945216 0.42187289489138 0.527825207804867 -0.737172849853897 0.902256261414609 -0.164415246825851 0.398624215708638 -0.474710598757495 0.506673321528358 -0.0747357828530542 0.00212851463285109 -0.301019232445009 0.108844168446668
2.11952488559186 18.4432633602815 22.6200825675446 0.158066728960091 0.909646714263937 -0.384132482907504 0.985826041422486 -0.167532856589659 0.00893073435843389 -0.159739288923589 -0.554703738649074 -0.646631954032432 0.104972776806179 0.369155703120026 0.530116385838241
2.44406663345341 18.3214872597491 22.2756519122424 0.240638542525106 0.91620103469061 0.320419655894032 0.967298847706801 -0.1991076072113 -0.157127655031455 -0.534360971319089 0.427282316609707 -0.333619899310284 -0.144650407645463 -0.00964860793803726 0.0984113298662441
3.03339921465355 18.4324654314009 22.0361925050022 -0.0703190027321133 0.547411161027752 0.833904226297605 0.983096078979593 -0.103639872639576 0.150933350503462 0.210998876363478 -0.0648918274029066 0.363410534245349 -0.137814099850965 0.167866879268026 -0.386965871114522
3.49836073726587 18.6538652383565 22.0727794127293 -0.331440030432058 -0.218848520385414 0.91774333631594 0.942785646632105 -0.0396121607697701 0.331037915084715 -0.0784373825743115 -0.560006238884876 -0.414796799631065 0.426315850246667 0.064193842635413 -0.0409385271587754
4.09466961593538 18.79102803243 22.4298213407421 -0.588662737378743 -0.504449190239244 0.631670164000751 0.803046191016412 -0.275312399787967 0.528507235160525 0.287280380271378 -0.195410665823137 0.425274550611108 0.29725837209217 -0.426266496053715 0.0200561747255443
4.42017015539882 18.735684186499 22.9192865649564 -0.647511287249492 -0.761893158496097 0.0157463621622939 0.645704210348989 -0.537557505526071 0.542308031463833 -0.201038577225181 -0.00245888936486472 0.0761598744989828 -0.197590258205405 -0.0191124102176118 -0.0624966543125497
4.48029367842893 18.5420990725986 23.3324944453281 -0.151264555067685 -0.808856848025472 -0.568216185780091 0.536416545686103 -0.54999824195248 0.640124381166167 0.170437652094881 -0.484164265444944 0.26194969464519 0.2347840340033 0.0105739549641132 -0.283306403485721
4.19375524820885 17.5806216529685 22.8252607982447 0.164413480183877 0.763030323154791 0.625102338405579 -0.851531191473991 0.429653348699523 -0.300487320694522 -0.127745751698632 0.425996996307396 -0.531367163776851 0.0463559117403288 -0.819764420279733 0.466189552746628
3.695838925229 17.8221409896277 22.9139514852555 0.554336202469148 0.821999570188952 0.130491690314991 -0.767815263277476 0.565574852785386 -0.30097310074977 -0.551621217038857 -0.425248356107321 0.244964766661087 -0.260837439419218 0.15449909247087 -0.583011669951995
3.37503641148657 18.1622842059935 23.1479655565975 0.595763411045537 0.549658259394532 -0.585612291485385 -0.784816087244656 0.553353781703449 -0.279039963941512 -0.607966435657105 0.758292097546454 -0.688996730095193 0.373657404535655 -0.0265292401822677 0.496540600085144
3.1871485245436 18.5951834515344 23.2213202989337 0.275851933915867 0.081689738958924 -0.957722557478783 -0.788659297475732 0.588821973929678 -0.176932742935388 0.362467122549614 0.575877544991591 -0.327291219614788 -0.764973544506535 -0.815387726644282 0.23893516147181
2.95590808607294 19.1270922944278 23.0533971468176 -0.0462747248389236 -0.553924225748701 -0.831280098384284 -0.796341718164713 0.52285559715936 -0.304075471601384 -0.0297024413646706 0.549574038118812 0.299650143005813 0.48543161826297 0.169711361304666 0.133421354764754
2.71192333438178 19.3969151066464 22.6878588135182 -0.289047617256936 -0.901630958105854 -0.321734502879637 -0.901620236894834 0.369357106850215 -0.225069491581915 -0.01770792847981 -0.434500036499207 -0.212243587385442 -0.00759239751038025 0.634377661656516 -0.550205665041492
2.38302355010179 19.4886278666776 22.2828746392175 -0.200119674610934 -0.963930108587809 0.175473250358865 -0.916905632261363 0.121131468632854 -0.380277831110672 0.343499770362294 0.16043872584667 0.0470509231713527 -0.519976884015941 -0.0375455973929927 0.231593057129499
2.05898064463073 19.4865450408809 21.8200326089236 -0.425342216328638 -0.734107499538009 0.52931104100585 -0.876843119110406 0.189433475826248 -0.441883585014335 0.686099414266964 -0.300901391076563 0.515157975911936 0.632119814678193 -0.273574946157354 0.242670490780902
