t = 2036
b = 30 30 30
E = -0.919193984682597 -1.31541968829182 0.396225703609218
18.3104397748399 16.3016808482083 20.9442275722384 -0.131614219061009 -0.94860994279597 0.287779210106616 -0.965846927926773 0.0573481445911598 -0.25268736044046 -1.11068249471634 -0.228482822267345 -0.336554989533564 -0.266140225660068 0.70742098911152 -0.0292688475442025
17.9374305583513 16.1343674869593 20.6002564658945 -0.088164880570393 -0.560876413681609 0.823191716679453 -0.979914755237017 -0.0995607612207813 -0.172785205656954 0.444610744761217 0.535610721953231 -0.506968751923484 -0.0988409470062174 -0.351593899157928 -0.398273690625416
17.4144485854394 15.8613618201744 20.4400910934185 0.0606064604840018 -0.320286524404685 0.945380029000173 -0.987157143551778 -0.159484035747034 0.00925290638302578 -0.0660679187334766 -0.52585754736342 -0.064766454313021 -0.0243534766319369 0.294741602077308 0.421447411167541
17.0964970668693 15.440004644761 20.418004155743 -0.128090261445706 0.313013086126059 0.941071566267205 -0.948454757465388 -0.316003384112932 -0.0239882110722367 0.358529365335089 0.464109544884533 0.21280870534037 -0.503679014516726 0.0994452774929544 0.443577043184203
16.7547926735744 15.1508915062134 20.6068148663868 -0.245782544670134 0.768301603316852 0.591019108892622 -0.950689430224079 -0.310049002849189 0.00769565412676964 -0.0777220205070664 -0.120071284285639 0.199362487562184 0.29155521799013 -0.680046759002364 0.237674019183489
16.5447466549715 14.9115940563109 20.9426562134859 -0.432626257668837 0.900063633573648 -0.0521533958018074 -0.898567373149729 -0.425741939462948 0.1063977297367 0.28151129903365 0.283738396140294 0.203247603125327 -0.24193425556568 0.259410490013867 -0.14185678425336
16.1227001674774 14.8592245593914 21.3407973342064 -0.318967278813444 0.712743973176356 -0.624704653213923 -0.939866144444232 -0.322796797549453 0.111596854881095 0.159458192080329 -0.0534240952008102 0.29446598769844 0.25320572681467 -0.263571727434694 0.318334255957796
15.7012827721945 15.0052333396466 21.5121184719029 -0.301385811404585 0.0595176370383292 -0.951642918097631 -0.914447599117696 -0.300757511876487 0.270796062596462 0.269230652403978 -0.484005827717049 0.298298344949468 0.18166767607429 0.240086192016558 0.110177784949539
15.4461218405792 15.3650904126643 20.3843567471682 0.0418270989304521 -0.119388450470814 0.991966174669903 0.978039262899322 0.207787725611334 -0.0162314913862083 -0.377661811023439 0.236328551661093 -0.22699446905677 0.119012339184369 0.104041032857196 0.0982252399252023
15.707912076725 15.7187584398506 20.598989661548 0.34482662310855 -0.796786903086227 0.496210873586839 0.866128010274163 0.473856887285317 0.159002893655398 0.185170159317557 0.557059941655455 -0.203298087187697 0.701771598392501 -0.40551121059101 -0.302709354322625
16.0337965555953 16.0320653621582 20.9333984306478 0.357846354297684 -0.931128462480276 0.0703261905336428 0.897952650048525 0.363800811402106 0.247648961019425 -0.447120619274425 -0.0498207872123199 -0.0544150140779339 0.439703520772265 -0.053478792691428 -0.264477956881566
16.4203996108007 16.0093165036763 21.3400820460214 0.366267424726275 -0.752445542971935 -0.54742476966799 0.899097536621461 0.134610550244772 0.416537656645856 -0.197386129066442 -0.697293861904501 -0.253029303633174 0.168912335234883 -0.191766223821886 -0.137527943444218
16.9101174474955 15.8177750293817 21.5227131227511 0.259765489072764 -0.250193827474686 -0.932697667725376 0.955954686588586 -0.0700483550795481 0.285033094815265 -0.48385884016045 0.376950007748886 -0.377847539859012 0.203315810087446 -0.251805829011016 -0.152218366527292
17.4428336756014 15.6768495465281 21.6241723335782 0.0668612716863786 0.165265224637198 -0.98398017046793 0.986835934705889 -0.156501257299207 0.0407700188486694 -0.462202772443647 -0.191821414643701 -0.323074273146172 0.313425413063818 0.289568959748652 -0.730011911170461
17.8296151569067 15.295553312233 21.4449042662158 0.0614807351798943 0.737535871008132 -0.672503500494991 0.987351292029547 -0.143594619271438 -0.0672161546346963 0.245952301925021 0.195669680283205 -0.148346966003701 0.320730656084322 -0.280780642702478 -0.212473064270372
18.1749620974081 15.2151885740846 21.1367214461058 0.240054895077802 0.952217718881008 0.188825483444992 0.969405627498415 -0.245410181977551 0.00515479933171931 -0.806733497837583 0.573275298643868 -0.520331396784138 0.702551192091433 -0.147504101239355 0.145373005521699
