t = 2209
b = 30 30 30
E = -0.914533392249812 -1.3035874095439 0.389054017294087
18.0811122653312 16.4100043288259 20.8198344628199 0.194184331348923 -0.974209100879513 0.114930732278627 -0.978146131700005 -0.201168460876536 -0.0525489808548526 -0.858155454084964 -0.255443971477883 0.168840190369151 -0.205009710539972 -0.0981464174449118 -0.833504645724466
17.7519206098551 16.1968420127213 20.499964899054 -0.0707777097806285 -0.653038001430314 0.754010533405279 -0.980351171374302 -0.0939908461012789 -0.173428087789148 -0.680281252619932 0.842776065668869 0.0127306414784921 -0.0632925508817399 0.436490911186765 0.217603187664718
17.4081586975809 15.9215486720747 20.3968375169774 -0.0943492727079017 -0.162431802594176 0.982198617513535 -0.975928468636012 -0.179769776144061 -0.123476522832821 0.425401906858722 -0.549891052159829 0.00420777532340396 0.228928338885813 -0.0179492086056592 0.154529607101865
17.0804239445219 15.5043589137736 20.43336047208 -0.22344927499914 0.488069541660917 0.843717099509819 -0.961532105108765 -0.25225935324722 -0.108725477899163 -0.0229967995345867 0.433058558839477 -0.514385981876659 0.344315974434597 -0.174865624719389 0.272290917108274
16.8427455272193 15.1673924909507 20.6825988333631 -0.454919050839917 0.787549113531785 0.415710296911454 -0.841319696386906 -0.533111812329339 0.0892914555059549 -0.230926191170192 -0.256516250871753 -0.454543992300744 0.194034400019285 -0.0401623287375429 0.695185561780203
16.4641131047617 14.9250660023464 20.9582016535016 -0.328930280249966 0.942600744681716 -0.0575213600339075 -0.943394791071763 -0.325241015975028 0.0649965361092044 0.202742077286461 0.242152912835922 0.527127311277679 0.259430251880312 0.409262222573456 0.0998401303992405
16.1353981025573 14.9002740102952 21.3769911394858 -0.398428318913929 0.627196075916767 -0.66923834098326 -0.91618598178689 -0.306442577107384 0.258256062296658 -0.536528370924958 -0.0802900058730701 -0.15827552375753 0.053394327035279 -0.150438777475299 0.0383891989562133
15.6221027625031 14.97294787382 21.5355560532319 -0.159130290075141 0.0667018443131132 -0.985001733371992 -0.964274990694182 -0.224525511612901 0.140577512272407 -0.313917635219775 0.558036285391725 -0.285107335690912 -0.0105998227821116 0.209137102345109 -0.136440832836846
15.3833309591335 15.3236336625951 20.450143790107 -0.0150838099150253 -0.309062512311822 0.950922100995635 0.881281483965456 0.445161852919198 0.158662757839354 0.34696043232554 -0.342732768923137 0.208525648171614 0.792257626507802 0.00992980897883117 0.342334192262931
15.7340874580698 15.7273666959864 20.5692843471908 0.20020965438662 -0.699704174931825 0.685806213061214 0.832314191072421 0.490750364457979 0.257715283062183 0.0798989623860324 -0.33094834347904 -0.28152790055861 -0.185599107167608 0.569722402428118 -0.193989868375729
15.9963107125949 16.013140663727 20.8503942275914 0.398178755022209 -0.915713931898022 0.0540525112907022 0.824336809932907 0.383049502788172 0.416823586428806 -0.485100697553713 -0.0939255020265663 -0.286690050629685 -0.186650245422817 0.0958333056544642 0.0330931853303365
16.3114564850841 16.0929620311942 21.3104450532984 0.362594162789446 -0.738953027723668 -0.567867850761993 0.923734572391377 0.204256739779854 0.324027196425583 -0.126807630002655 0.0997421218825769 0.381696186137718 -0.376281496224385 0.105955314875917 -0.124267448928005
16.8213952778614 16.0236579017563 21.5098269258466 0.198012567891407 -0.368186063402588 -0.908421733377816 0.974456408583826 -0.0262341016569245 0.223039188664611 -0.205820581983434 0.491512909752591 -0.117741886726944 -0.511269674954197 0.243058804879119 -0.419632284234514
17.336401634416 15.7990669358119 21.5668860040679 -0.0688243629981275 -0.00803691204403997 -0.997596418950418 0.968320666554583 -0.241138995854793 -0.0648619410859013 0.183741545558029 -0.246764467666316 -0.22530859075705 0.304256144128697 0.402444117731967 0.265336394954019
17.6118620578524 15.412155996571 21.3693798719618 0.0754034077727659 0.688697890483363 -0.721116871068775 0.95350734229431 -0.261412680799316 -0.149957188917901 0.0657957152166085 1.09636400057861 0.343885424448784 0.138693094693331 -0.510022701619845 -0.0534280397210072
17.9840145729239 15.1719402339575 20.9913151299923 0.315496353858782 0.946429932766823 0.0687926817677621 0.903136163647723 -0.27723383179028 -0.327851296203862 -0.328109085524759 -0.110456848366411 -0.200757678778433 0.368815176681751 -0.157020362886892 -0.574043537278073
