t = 876038
b = 30 30 30
E = -0.807114047408558 -1.20012578643849 0.393011739029936
23.4358637748631 -3.1220913939611 31.3863271194914 0.19838551372206 0.253123496238852 0.946874692658457 -0.551910817163357 -0.769502440188735 0.32134163197703 -0.26767912928992 -0.138931682502289 -0.210722584402617 -0.969664154889761 0.0184695533931201 -0.169877881366116
23.4869700369148 -3.61862981094323 31.5191394965802 -0.154597723640545 0.549140727892203 0.821306279542034 -0.192888538901767 -0.832079734549018 0.52003589002412 0.260386030426314 -0.15893949603434 0.0710944895973496 -0.0855351871997783 -0.206116301329829 -0.455219742867013
23.7525819641257 -3.8066785670506 31.9082049483786 -0.809723006629505 0.363476153384935 0.460688331147396 -0.116752428606534 -0.869162233210566 0.480547482331242 -0.332486568826859 0.10506756604762 0.565940619141568 -0.194518498203334 0.169894264913047 -0.330136283029035
23.5977100993963 -4.27877020186996 32.4400986439971 -0.768514496861359 0.624095945438703 0.141030915053784 -0.477931847989045 -0.706482592325309 0.521980359227321 -0.488957685814161 0.456515557737445 0.138633499896306 -0.30696877398349 -0.407884984910929 0.3141546813383
23.4180775680992 -4.36296680095991 32.9428601084986 -0.733526415556879 0.142158283754388 -0.664627730417778 -0.62632367340947 -0.521117529091135 0.579788907276453 0.0486562042503309 0.382980468680794 0.070892205892539 -0.233405403041469 -0.262647395354429 -0.144767493305114
23.0552258147801 -4.49293792870514 33.2876771681118 -0.417314807025594 -0.249685637850568 -0.873787980054855 -0.667745908288289 -0.567944383349162 0.481201183899608 -0.306046438078048 0.599378474560072 0.0377161787761195 -0.0778916286165876 -0.527603066545616 -0.101080291273971
22.5661684095963 -4.51528841303426 33.3820906836723 -0.0596373661854349 -0.661717381426058 -0.747377743629753 -0.852201487710405 -0.356125910309343 0.383310527315019 0.50950278588716 -0.102635529012693 0.285824492878601 -0.328023654408859 -0.00344140918837141 0.102567654358895
22.0628082856439 -4.57447800568844 33.2847071548209 0.256656732911184 -0.843400333367866 -0.472020337619401 -0.865865306328447 -0.417636478216818 0.275421573881577 -0.238066303885453 -0.182190601925755 0.78500163490127 -0.800439453866741 -0.261410161129655 -0.132629088036288
22.3783308557438 -5.60681333237288 32.7650669592294 -0.211805094461893 0.9134353035265 0.347526327393252 0.685593745497833 0.392289641079909 -0.613245508451268 0.301350153438778 -0.131328273265333 -0.0652262789193233 -0.260232982304098 -0.369976060931803 0.56525392700291
22.6071625892725 -5.26540853665902 32.4187457184695 -0.0779733292687297 0.559137008425878 0.82540048808522 0.616477538742712 0.677700407723265 -0.400846107125226 -0.0296998976286202 0.0318086331291184 0.239549079637908 0.255401348823822 0.214793322664693 0.071291337784605
22.4711114601539 -4.77112286245754 32.2902333248232 0.555791483673076 0.240837560037499 0.795671475140116 0.28443880227176 0.844257123761963 -0.454229541905183 -0.601268375525757 -0.411156163226849 -0.104716346187648 -0.392326559177854 -0.89411698527616 0.0816413321199041
22.4159461667196 -4.22983364029371 32.2716131475724 0.886883924932246 -0.162853507875442 0.432337412988335 0.331608950133887 0.875975612168896 -0.350288782401658 -0.277960303228707 0.0992447465883348 0.813737021616247 0.414923066808667 -0.130221427006401 0.460410292465613
22.5293186432282 -3.70460938296357 32.3951705439337 0.884971950428783 -0.45269707598384 -0.109041296534652 0.392308201941656 0.851008862811878 -0.349110570027522 -0.366962872540188 0.352351870937922 0.392882810838567 0.433799912885815 -0.179916302736249 -0.154786808885644
22.7844522740499 -3.33399441835271 32.5206520091722 0.735717218582376 -0.428625645507822 -0.524404643662141 0.495330950543966 0.868574712369147 -0.0150072804353396 0.233200097077172 -0.140074716209412 -0.328856887302153 0.172925912631915 0.222439419162473 0.478940800961364
23.1431908224375 -3.05562457283437 32.6469195272326 0.348225734638505 -0.312584473772238 -0.883758895000215 0.665936152669385 0.746007302941368 -0.0014644200379308 -0.0655713629315346 0.21830485197708 0.576581450352125 -0.258465642154917 0.243185159334497 -0.441854201336674
23.6026943038071 -2.95081675793696 32.7333067012158 -0.0323709685897634 0.152893097561809 -0.987712418222289 0.838972888925504 0.541254311259498 0.0562873182075996 -0.469484489689978 -0.278626696205605 -0.115948423227556 -0.105272462562574 0.328044276026677 -0.987034166194491
