t = 220770
b = 30 30 30
E = -0.654560007126319 -1.0420827578827 0.38752275075638
2.20489817488465 9.17815946348558 24.5434134579698 0.354628880138555 0.790818809806305 0.498842627918119 0.863207254278726 -0.481938003448364 0.150362884359175 0.137983196317406 -0.555205948216866 0.445296986834427 0.184788786724494 -0.465894370830598 0.242794718705925
1.83744976518414 8.07349131254978 23.5984190535637 0.215769873674343 -0.860044668922374 -0.462348925674916 -0.672754238892747 -0.474124019354752 0.56798604588733 -0.13775273362108 0.155534881038233 0.0696650604347725 -0.174310328758889 0.717162758908565 -0.345364729111056
1.38207717723049 7.78795522316297 23.6440652250905 0.803285157937158 -0.595483766025221 0.0114908414950854 -0.383673051770565 -0.502611162017538 0.77471091973744 0.318433077472873 0.165175073245122 -0.349005264663345 -0.47012730633122 0.320478580348024 -0.662934540519887
1.19460665284815 7.40366624857754 23.9234011388144 0.852355434784148 -0.505545593414758 -0.133842690397634 -0.360364675328903 -0.753250979898627 0.55022746392454 0.200633941637202 -0.431224578842397 0.323133972581161 -0.117423426389244 -0.3234311385654 -0.366655173203525
0.969378015348329 7.00677501932435 23.8781296259471 0.804846823390223 -0.182911666796494 0.564592696577242 -0.388925902063505 -0.881132080272665 0.268966354435812 -0.404762983128262 -0.0987928967343769 -0.478208484333755 -0.225168292766532 0.318260067257207 0.261198648421855
1.08085289176196 6.49108881322346 23.8820543800003 0.230533722862321 0.188561844253844 0.95461962766055 -0.354183106363569 -0.897488402450129 0.262809616707962 -0.204462700037537 0.594153089067839 -0.395048602776504 0.0612646827766762 -0.00211431412973917 0.0819597591054533
1.25636397534283 6.01828737828094 23.9955444589908 -0.432875792055859 0.394607304654675 0.810495912244612 -0.378171401374593 -0.895649730815084 0.234089621455644 -0.134088479986112 0.00647978892538715 0.177356346342729 -0.421910592141497 0.549153655430543 0.623295862288384
1.28445735065199 5.64015754486062 24.3453893422185 -0.906239083549358 0.404853086227236 0.121756732955132 -0.386282794481095 -0.909988547275758 0.15068658372546 0.101823600590412 -0.437747654245091 -0.0435936769892563 0.754689635476475 -0.456146180016165 0.565206945542239
0.56657701916779 6.15220330634517 24.9177294792682 0.811478925793377 -0.565049060294982 -0.149068817842589 0.545667513394567 0.823954327235055 -0.152794736350597 0.289742892233546 0.203739321541047 -0.642757510681296 -0.353505420063989 -0.144933942891145 -0.0337765350523284
0.993245945077843 6.45365172047542 25.0353394773045 0.391771960466511 -0.47765338939349 -0.786359949764203 0.469373547523698 0.838856841907773 -0.275694888725822 0.444507416879113 -0.346525287346196 -0.196860368019267 0.245723972488579 -0.184002368527492 -0.409447334710592
1.44083286989647 6.72441974950471 24.9599773975969 -0.295703295986381 -0.239623679158149 -0.924737829403306 0.541678418612753 0.755298114715453 -0.368929869645278 0.256483280796113 -0.246012951526596 0.561289715503444 0.46463548885092 0.347981092763808 0.176551315111874
1.96844511146771 6.82056092942812 24.6176700528329 -0.744506999321779 0.0883295474367293 -0.661745584806183 0.549157086549548 0.64469559966 -0.531783864056992 -0.628403230301531 -0.150175018218722 0.341683123412563 0.536197478601095 0.300082559202451 0.468822688526613
2.19719722919728 6.8913144213396 24.1585574120742 -0.836787157105692 0.539582609091122 -0.0929400972099902 0.505578501297439 0.696300745725668 -0.509466044528737 0.158610499696011 -0.543343808425245 -0.194404159611133 -0.138675859987187 0.145622805264633 -0.024495574688448
2.24586018476913 7.00456836342678 23.744863539045 -0.220946298255914 0.773195014193715 0.594434355764382 0.746596922722104 0.526251533371856 -0.40700412603017 -0.0630347732614887 -0.0276652743913945 0.0932148870758386 -0.317698655990012 -0.273435679786307 -0.134751398884134
2.89592763563345 6.15638489910358 24.3627338484058 -0.383062598264266 -0.55053113585365 0.741740193239331 0.906234061658731 -0.0684681174818586 0.417195328806538 0.0680775839640932 -0.0616505748659992 -0.154758787968667 0.0467872575911687 0.203421045600179 0.628125285465009
3.08918284655806 6.1938376330954 24.6951505767392 0.0333218377196726 -0.998993472228263 -0.0300282796099651 0.94252847194378 0.0214157422584569 0.333438818314267 -0.252001013234699 -0.957210293424261 0.613119647431911 0.278558384742841 0.0600817385277527 0.307456602505504
