t = 351303
b = 30 30 30
E = -0.882263594913428 -1.28597311143143 0.403709516518
-8.55025251538526 13.5505781313953 29.0090148035422 0.187676319352779 -0.202399344645494 -0.961151447193043 0.440098178219208 -0.857489843974863 0.266504711042992 -0.265004504143 0.591830928031025 0.0169875150895547 0.510758319637847 0.111638783660019 0.436739808143054
-8.52489795103906 13.0655166085192 28.9323866679145 0.75808206944715 0.202170539719609 -0.620031167645775 0.40677906714478 -0.889707655163617 0.20724642065931 0.388088728805573 -0.116343985378298 -0.233435017876447 -0.813932041704301 0.171320270395774 -0.480340239972008
-8.33426928924706 12.6165639622874 28.7581483342324 0.830537934605101 0.555952007448468 -0.0335276691093026 0.549541885348942 -0.808193446218265 0.2117240414714 -0.231471001922734 0.598897642030378 0.580900704702002 0.355327288815382 0.117240494488994 -0.537286761373407
-8.11987536165891 12.2609717603455 28.5114889077103 0.797986694806059 0.49569835467131 0.342783278601234 0.575099356653437 -0.796388093161757 -0.187154308117539 0.433008842911113 0.0646305445251026 -0.0847763005880976 0.219880209528911 0.205506337579799 -0.548750045274444
-7.80218908307162 12.0203117997197 28.2001771770557 0.375185177965153 0.252406273194715 0.891923290136114 0.681235578195354 -0.727607794549519 -0.080653482947828 0.0915343833370569 -0.00798675165977656 0.141869602226429 -0.459743446956136 -0.31896450141197 0.0600963917423743
-7.15422807433083 11.8990646396664 28.1192737632423 -0.132535610891728 -0.0602566959669616 0.989344956239591 0.475035584163689 -0.879909243488728 0.0100457454362468 0.598042889351151 -0.0890710279725783 -0.246801429310787 0.359968484625489 0.327711195321575 -0.558976929756043
-6.71397823517982 11.5785032643707 28.317385550507 -0.602154877178489 -0.104282509147825 0.791539425534827 0.271142211087693 -0.95921775676481 0.0798949089340562 0.701458977442809 0.00402120227962228 0.332731650411271 0.252204525899242 -0.610895488051044 0.286762598499929
-6.37100891562839 11.3153795149788 28.6450054157803 -0.873653587707571 -0.376842308397533 0.307764980605822 0.384242287393268 -0.92242055911192 -0.0387062876859459 0.289353081339411 0.0323121329661531 -0.343860749071956 0.518139407735456 -0.37291099420658 -0.4320387963776
-7.49173685699104 11.0283056717024 28.9260020272164 0.994042296586117 0.0978333230348254 -0.0480474088974552 -0.0972532550506892 0.995157341032653 0.014271333884632 0.510426905069587 0.248491718280939 -0.249628391784386 0.466158049705826 0.258720253269834 -0.148569970231363
-7.38235986819173 11.4494522237179 29.2519623729436 0.574441997444537 0.178523538206949 -0.798840245529739 -0.102171930349931 0.983932494108118 0.146416336816412 -0.0149365856575751 0.0826892171139621 -0.063360541568764 -0.591279195552924 0.103201061247876 -0.739471867405685
-7.17066663431951 11.8682785115514 29.3599154327024 -0.134496444553663 0.0337709579756426 -0.990338441544028 -0.180468906280949 0.981869631048846 0.0579913915140403 0.27026626784974 0.379264507259598 -0.0210388503409658 -0.164643977707277 -0.227364602680324 -0.0361364312568422
-7.30360896513927 12.3981094915252 29.2877456128932 -0.278947146615392 -0.370816004556259 -0.88582389906803 -0.330281063315054 0.903210906105628 -0.274088449788209 -0.336716407077087 -0.153962011476478 -0.0861124209148293 -0.157141108583185 -0.310841192519272 -0.0797747547635676
-7.22044914674748 12.818326315402 29.0024671206908 -0.753429807984793 -0.48503470153024 -0.443942409273401 -0.289695687716929 0.850972931941386 -0.438088435845196 0.147709001951406 -0.68754519995024 -0.316151208788408 0.414183669225207 0.475858361147894 0.142748502189929
-7.26652125023831 13.0935282068056 28.6308400079842 -0.944418453750861 -0.265287253845737 0.194155754902607 -0.325050529325781 0.841851226535087 -0.430846452656157 -0.390719158261827 0.494362319497413 -0.110082969998287 0.531750523406458 0.00814841508569976 -0.279026913390557
-7.59690668707459 13.4128913710412 28.23626834136 -0.724507299289279 -0.238135309368637 0.646823583141857 -0.584126192106369 0.710298448159539 -0.392775643640778 -0.14256875274918 0.160830700988571 0.167118865331637 0.736835802239458 0.233516972706566 -0.0513546717767602
-8.06084415417073 13.3413592026695 27.9828314133422 -0.39616680032748 0.468001359072348 0.789953539282343 -0.587436106824956 0.532034031542062 -0.609802106981803 -0.0930023853681793 -0.921908479269635 0.563833270230834 -0.259906608415858 -0.000104309607964838 0.062056479006265
