t = 2895
b = 30 30 30
E = -0.877203837988078 -1.22182906452931 0.344625226541229
17.6277016729917 16.3771868102205 20.6355916192842 0.41539507626479 -0.909626989024041 0.00506670050680724 -0.906877745321146 -0.414560577204427 -0.0755796458655634 0.12966572242495 0.498470618802399 0.139865783594537 0.182195215554686 -0.361041356620195 -0.0475015166468483
17.334127649282 16.1588588628045 20.3448656369674 0.157894914072699 -0.665642649112503 0.7293758014854 -0.90762427415964 -0.388781036851553 -0.158327137095392 0.588917921379221 -0.491072335378352 -0.144754602688572 0.182072591009751 0.828676033459517 0.0825313457384596
17.006485274728 15.6943293626651 20.1976257427798 0.0804166706985885 0.0387165947938196 0.996009128653613 -0.943473259670877 -0.319390013051986 0.0885902243402931 -0.055985783012866 -0.393146400350073 0.132070476731142 0.179032698320579 0.262312904297457 0.122258243086717
16.7583685353476 15.2974357367631 20.3220508838642 -0.169346124963376 0.656877066954127 0.734734243702874 -0.965207083531778 -0.261250974242589 0.0111001962763704 0.161817338107961 -0.214198128870929 0.437426750974958 0.275141052321001 0.162464516216071 0.239744031591339
16.4220473704978 15.0032446148418 20.6060157791379 -0.178785329867387 0.948990950552306 0.259715193229123 -0.96722045482018 -0.217904759831885 0.130392129440602 -0.297005895355588 0.392208999975236 -0.381480889704093 -0.387385122976703 0.179859543021185 0.540168976561994
16.1326013846571 14.9539763814636 20.8953826621544 -0.364222576373846 0.856216689128221 -0.366380807518495 -0.90368545338655 -0.229811520224717 0.361302181711587 -0.28718297965949 0.496372611748227 -0.0740412115567231 0.485804632009843 0.182829901175624 0.0746881492993983
15.7013897013037 15.030959203051 21.2397298185405 -0.359038648800532 0.301408058279659 -0.883314457637583 -0.893423419882439 -0.384753574291464 0.23186047501786 -0.329530052581703 -0.829962869735796 -0.0557905797940079 -0.00312935057408395 -0.522822261493006 0.334479126200293
15.2193772681269 14.9819343634592 21.332299416893 -0.190910917193157 -0.156404737595146 -0.969066860311643 -0.950355472839398 -0.217674032305464 0.222356674970832 0.0626945342671836 0.465095907341025 -0.550555876788597 -0.287668575318043 -0.125858139496698 -0.221741728037834
15.2520643148631 15.2718447038109 20.1868174781611 -0.261916666678216 0.307807752260492 0.914687950814109 0.935365732651955 0.314376253345849 0.162044800943146 -0.128370940697369 0.129114504847034 -0.111993041231569 -0.155719188512054 -0.316754417705869 -0.439539241302255
15.443911241599 15.7355428906368 20.2617812590927 0.0136814428035721 -0.511967476582329 0.858895873226047 0.929494799880059 0.323144117960652 0.177812530557782 0.0766989099032443 -0.0860551940955447 -0.0472395645844043 -0.103879134801314 0.653673913413185 -0.115874677846897
15.7820500783335 16.0964350862164 20.5336421090366 0.248983979959375 -0.924392906174062 0.288971854578717 0.897840741467805 0.332183752898687 0.289025876472482 -0.0238321970281785 0.251722329971216 -0.0183514683664208 -0.455781671918627 0.344569928304006 -0.307255472142571
16.1664844531827 16.112387837522 21.0019658405056 0.234691673316098 -0.917045311918519 -0.322409234303781 0.948855724773016 0.144067701193138 0.280922250878071 -0.430883260282508 -0.585085924477883 0.23668483393943 -0.185966408744526 0.20416459218699 -0.0956697096799584
16.5941901325119 15.9961175973367 21.3121053686915 0.165646630202344 -0.597225084974891 -0.784782384982834 0.984706563130631 0.143723993813788 0.0984702905940484 0.0336750625733647 0.143036459996446 0.163317902252684 0.0765991208372635 -0.426575898152144 -0.114225952435045
17.0732188659678 15.7998219148881 21.3804611674855 0.00356225578370718 -0.0587496068656573 -0.998266394319104 0.999336586291946 -0.0359734467132673 0.00568317076351709 -0.471340213844915 0.178735600463883 0.308287722128362 0.0863370412150554 0.0771955104336666 0.0169258170297557
17.6871250337091 15.7674913282456 21.2470829165891 -0.323186203433717 -0.2795910048557 -0.904090453391628 0.945652947347601 -0.0591395547950998 -0.319754618780461 -0.530312187279636 -0.21288177572804 -0.29591010324823 -0.29474908207041 0.388884800120954 -0.780187762533772
18.038725324034 15.4533429281208 20.9907880718695 -0.116049900675094 0.695414400649612 -0.709176446254698 0.98666097182949 -0.00135164013249137 -0.162782983562281 -0.188161103896384 0.49186205718605 -0.73563331447733 -0.486505804935763 0.456238532184984 -0.280207008265269
