t = 5768
b = 30 30 30
E = -0.937927613536549 -1.27888781790829 0.340960204371743
16.2289437616281 17.692659713453 20.4750044577166 0.526502740196199 -0.666169060438973 0.528217424437846 -0.762205781395423 -0.645092271473472 -0.0538359368135456 -0.511250401007717 1.16490752260274 0.084048606221694 -0.372139550947027 0.0425210323927293 0.560934192580093
16.1418073634132 17.2980841108532 20.1948924331302 -0.00778227051301164 -0.244856781351517 0.969528025841359 -0.706302688061896 -0.684992669202962 -0.178666045948145 0.270679347870403 0.29190902261119 0.429960899141979 0.0917245197319642 0.469618556872421 -0.108656385133209
16.0005457046979 16.8286153183905 20.1970375326921 -0.246052255071749 0.13410218428564 0.959934837342583 -0.614718929622329 -0.787309881886264 -0.0475792754065335 0.232606663290626 0.208319755888709 0.295531068768417 0.436130929306768 0.157011051145727 -0.396665505136074
15.787371521074 16.3462099715798 20.3050090403774 -0.516574377462639 0.559056675303278 0.648541861677357 -0.668213626248639 -0.736817674345694 0.102909010623215 0.26863761582806 -0.577203061976614 -0.44691254409911 0.177501328062157 0.486621904357484 0.122217528804535
15.5663286245766 15.931346963595 20.5548104740557 -0.597112781684687 0.790602877243433 0.13565919225464 -0.774586927337413 -0.612241952651593 0.158665949123793 0.0581988860800791 0.450280269275304 0.19836451887605 0.0648141765830106 -0.161776548089976 0.469503557974856
15.2402650824645 15.7823235396543 20.8760459413011 -0.623976257113471 0.712493469302665 -0.320946548134923 -0.781393679280464 -0.564255907918966 0.266531777390778 -0.260481845414878 0.115834956936161 0.667314606520143 -0.20802783682689 -0.403505802550951 -0.314130520168523
14.7983766240353 15.7922857054236 21.2143173446945 -0.372846848525106 0.325161780940089 -0.869054108649611 -0.862750532174802 -0.466220748873311 0.195703174609162 -0.0181503607724241 0.373857360114563 -0.128177435548879 0.609163386325007 0.519476456025577 -0.332713206006635
14.2796919052366 15.8757884583829 21.4434269943182 -0.12978405170676 -0.157493797395394 -0.978954444141586 -0.821867282720785 -0.535240849339228 0.195067687718347 -0.370005584045128 -0.114062492126482 -0.366725915703876 -0.0262589568115606 -0.0226373782478673 -0.387624447186699
14.0700433440645 15.8268996170326 20.2647829185693 0.114902467974006 0.0466691070146464 0.992279908747499 0.82925304688099 0.545466405147778 -0.121679024871851 -0.570824584438426 -0.036404711627152 -0.3683206249624 -0.356650709521661 -0.294689675090962 0.410425391047834
14.3199127132933 16.2239326315946 20.2231096904922 0.435122616816818 -0.427968853713791 0.792155899167201 0.734901468913024 0.677116527105742 -0.0378555109560815 -0.031944335458089 0.00449894935510159 0.200601960880368 0.162647308653304 0.763499498814221 0.263277690196623
14.4382879728214 16.7222067281147 20.4592297679719 0.664665836293269 -0.697115653922694 0.26879191044467 0.719787838439006 0.693912057965776 0.0197869513820899 -0.241356635966863 -0.264525880411462 -0.435758780445336 0.100783872876266 0.359628363885452 0.00925657493916333
14.833203413803 16.997685437292 20.6266093738666 0.468164338981726 -0.881000839083703 0.0682617992702487 0.846615364828521 0.469334695290196 0.250932994708019 0.0781689174135456 0.0241803450180351 -0.0126398947220818 0.0388947601203678 0.01876508165755 -0.226656864651259
15.2247688491552 17.0856715133063 20.9640933332185 0.510019376053127 -0.686604347464598 -0.518126148821977 0.857284568733502 0.454984886537291 0.240939663057103 -0.243471318218846 0.462685789190993 0.227932993477249 0.0238917132746884 0.292096564426689 0.408589049531119
15.662211299291 17.0504425584318 21.3252183356347 0.309414394779507 -0.304787875821925 -0.900759170397503 0.869373855656689 0.474468839544443 0.138088447749921 -0.412458649667761 -0.399256312935032 0.192718101743571 -0.557362814219283 0.000444266402408966 -0.226291406325096
16.1794294259573 17.0805703294252 21.5313415849128 -0.0104135234329332 -0.0337504169119229 -0.999376039280501 0.841047204185876 0.540287015031658 -0.0270100299761487 -0.475671168803103 0.279499156394837 0.147973710988616 -0.405614129989278 0.173547360094374 0.267868872216784
16.705890912816 17.1031947392573 21.493519722621 -0.417834454655011 0.487633049168937 -0.766569225746349 0.685642199306101 0.722830494989613 0.0860862941690692 0.0160736056594691 0.314718827807681 -0.0359237677595391 0.198497891214243 -0.0508895373864967 0.0647667536975106
