t = 2240
b = 30 30 30
E = -0.912120492752741 -1.32941566769329 0.417295174940553
18.0148243319933 16.3989718536145 20.8625915013956 0.159814178841994 -0.987094948819724 0.0101484114838268 -0.986340375616639 -0.160090678238377 -0.0387767735843046 -0.508793864664758 -0.246569444719378 0.029815768377753 -0.102520044607629 -0.227173858554454 -0.901545797562264
17.761175738266 16.2893191622179 20.5072398224353 -0.0291987031525113 -0.64039262859375 0.767492486593193 -0.985563950146571 -0.109656987506729 -0.128992423275314 -0.253639959168211 0.774313099282087 0.181281951801428 -0.0565249072194597 0.502674275712478 -0.0158668295430781
17.4480230921528 15.8710008749326 20.3661352633854 -0.117135543890283 -0.183169090036148 0.976078044427215 -0.957094185854967 -0.241485000516279 -0.160174011400944 -0.27054978472228 -0.296900503836809 -0.290086796845803 0.372966651491336 -0.303030556551654 0.296173566242709
17.1397489340477 15.5521317971432 20.3878119757716 -0.305162065165949 0.471174705438691 0.827569036962122 -0.933359593827779 -0.320443263719738 -0.161728115509597 -0.394962150095887 0.382180357624808 -0.0861330514589823 0.539355309671442 -0.224395702868725 0.269661624232264
16.851344645544 15.1765964932174 20.6175125197824 -0.477061845893935 0.793167581421516 0.378546143784631 -0.836823446446795 -0.541573494678226 0.0801540350757275 0.0105090255801673 -0.170559572405238 -0.373940829409731 0.0533999999840553 0.17216557478541 0.546659713854184
16.469958691516 14.9219050667411 20.9589709775078 -0.317633637725124 0.944435879696481 -0.0845561430496842 -0.946334456978295 -0.310130057013049 0.0909419775058695 -0.574352867420157 -0.173236989339139 0.714475239371575 0.352880947281926 -0.275548166427726 0.112918958084467
16.1388496614923 14.9010286884425 21.2771664565693 -0.395606147366897 0.623383774884856 -0.674454183303677 -0.917513691513596 -0.300876315760667 0.260080888377796 -0.888646646318732 -0.225789890235337 -0.534126419124513 0.0295104295554477 -0.143661953123005 0.113195348897478
15.6582533866363 15.030245751147 21.4852940641293 -0.135288710189698 0.0907306578443342 -0.986643254992576 -0.967485909257653 -0.226874555270828 0.111798710003994 0.48619916137668 0.217286779792585 0.313444775889518 -0.0631048136398954 0.286946294343912 -0.0489726003606124
15.4502242982518 15.2906139608651 20.4108106478418 0.0289949552709093 -0.322270400693064 0.946203509508378 0.848909216703555 0.507711291466675 0.14690944936592 0.532414010525203 0.123409806252752 -0.968439398945068 0.732476818626987 -0.296494123477173 0.253531335237527
15.7900707162882 15.6989944350568 20.503342736999 0.179364266311505 -0.700341091748022 0.690905793274107 0.860271841193394 0.452346647507385 0.235191134481213 -0.239468312153636 -0.0938536431692358 -0.38116410376736 -0.283247104814122 0.549720125848402 -0.211926297583152
16.0380645572222 16.0399340560234 20.7981114327295 0.337857328769298 -0.936212887983074 0.0967360003890371 0.856460965680066 0.348431917945654 0.380880312989635 0.0683308403888519 0.428208402938653 0.122534396590372 -0.310387909327023 -0.256436793310317 -0.121359817049663
16.3811534584928 16.1126694861854 21.2415802129613 0.375788669910017 -0.762176216167678 -0.527134035208866 0.919119804826391 0.233908565963273 0.317026130066433 0.347790460038236 0.0275606667187466 -0.367251736285717 -0.488488610679918 -0.183615644285357 -0.136186348921524
16.8607372711981 16.0359550026915 21.447685334136 0.199151880631898 -0.38157233958304 -0.902630089297882 0.978427568587425 0.0257869313736545 0.204974454989955 0.200895314507329 0.253063517844552 -0.181839416699279 -0.490091740723501 0.236976352507267 -0.352871153555021
17.3518523274852 15.8034225638977 21.5234158271245 -0.0586633216440012 0.0176428144985196 -0.99812190928276 0.96585946964301 -0.251730010033973 -0.0612167211570568 0.0125088430134696 -0.0566635817995049 -0.136105143139907 0.0963442294328552 0.023678801975452 0.220800737314941
17.6976875384083 15.4881117824974 21.3831815727937 0.145451371490841 0.692258739189112 -0.706839257927667 0.937918485800499 -0.323864056818786 -0.124181265473416 0.800906946187557 0.175749587580017 0.141309039247188 0.287685017373304 -0.545167408137417 0.142010254917819
17.9517114789098 15.2153828334945 20.9900469621297 0.308868232764215 0.951101156727503 -0.00264659417292198 0.891609927993817 -0.290515053884406 -0.347322241973362 -0.568963134825365 0.641593362504428 0.0891266476218764 0.153041035563572 -0.0857203472139102 -0.840221919557077
