t = 767544
b = 30 30 30
E = -0.29637250770257 -0.633119424925165 0.336746917222595
2.98766297948855 -21.9439721220903 37.7825224486624 0.230322812819236 -0.692659327180825 -0.683501615480515 0.70625800984956 -0.364211768457969 0.607082705436451 0.248292834624027 0.0781117095548102 -0.566135848262618 -0.175905886611883 0.161227073824895 -0.563594830494607
3.30677819152465 -22.2460762985873 38.0293083232169 0.381471367580795 0.366964037453915 -0.848420291442603 0.92152230768706 -0.223092223349322 0.317846655348396 0.125907709916273 -0.640821560682715 -0.231111612812891 -0.143080915462334 -0.40360582226035 -0.0264711381557873
3.6882846367282 -22.4718293272946 37.9606429201776 0.242157847168792 0.969522031982337 0.0372371663186012 0.845049880769049 -0.229614525422062 0.482874589026438 -0.532161864885747 0.323829992517155 -0.0280761849858264 -0.192699159419077 -0.312378944281972 0.171385525115351
4.09399067898792 -22.9927774644589 38.4403717536992 -0.0175170024368571 0.99054322326784 0.13607820348522 0.584167375091296 -0.100314553776324 0.805410124209762 0.417844458936542 0.00501052386820753 -0.605772221470744 0.42637739640879 -0.00701581165952846 -0.184726327113423
4.43538586685965 -22.8348490239039 38.7790009572664 -0.840515673253912 0.484855316946269 0.241761710457714 0.218899095981613 -0.104277089859683 0.970159509724489 0.211761578948136 -0.0857839784339575 0.286066074463459 -0.128868145546531 -0.372621305582863 0.158014159425243
4.60718364723182 -22.6060489855477 39.1830339669118 -0.894910547693966 -0.418463786161676 0.154994100846632 0.315607150627766 -0.347972484324324 0.882783822136405 0.406004250024794 0.00506259811915468 0.0604214037351545 0.457248222041223 -0.168638739781535 -0.351095755160583
4.4033305286075 -22.570932709568 39.7376792961772 -0.19403065280645 -0.940194078634824 -0.27997714240909 0.313267951553803 -0.329841875650061 0.890543388946843 -0.709110012544153 0.807835163536799 -0.0589915948118182 -0.014347414583042 -0.178555140039254 -0.24355017561224
4.56957964002343 -21.8420939520242 40.3316392787851 0.61310927443898 -0.397292897111369 0.682828947469115 0.573215383883642 -0.371051953646694 -0.730578244525609 -0.596085585257306 -0.0467208370672989 0.618480884799614 0.0278151174167574 0.0930445475223632 0.181377189892925
9.29789699195607 -26.7411555660462 40.3854190494035 0.480320686114205 -0.671567489952913 -0.564171201789927 -0.875538846946636 -0.405391605675843 -0.262848575295628 0.253110254425946 0.128026067207194 -0.256327777770741 -0.0576076927416359 0.373306701339449 -0.219042370983217
8.26680311457721 -26.1075603989669 40.595921719014 -0.717116928794979 -0.0444449390056453 0.695534296661552 0.0673553302176429 0.988873732418034 0.13263484016249 0.278303311221379 -0.367896098070971 0.186349780813461 -0.0594477822181556 0.563343930199521 -0.168996840972395
7.96824068970253 -25.6539926744375 40.6407535334435 0.0100096841561407 -0.279506535309423 0.960091611744644 0.00624109950819008 0.960138474473673 0.279455110012896 -0.211977985455369 0.17483649608266 0.226318092637632 -0.182276562760528 0.409447896423084 0.675159934520962
7.61276553152981 -25.3225237148925 40.8833890743189 0.731026057096867 -0.126131240316845 0.670590645671088 0.0504631381831031 0.990069277085043 0.131210892295644 0.185552596828856 0.301846765934857 -0.302900129910139 -0.00675412179923516 -0.0783419520102269 0.279759387627377
7.41910726347875 -24.9230301156739 41.050847767751 0.964646854590204 0.254542143376023 0.0682989251361785 -0.263542718420967 0.930404329746668 0.254741081798674 0.218145626132557 0.0183766893781682 0.453091730007979 0.0241434627306563 0.144941264963402 0.263333632287103
7.27809611222293 -24.5600837973035 41.2956772993326 0.895656750032496 0.225139559819258 -0.383550732922764 -0.0574736740091813 0.913764698736702 0.402157745341927 -0.263096665488366 -0.449880757338267 0.241734184113436 -0.0226710503282502 -0.189633651358358 0.837322665015703
7.37267223842425 -24.1262716495978 41.5517462163311 0.422631293663283 0.147002482844939 -0.894300318491447 0.112043237688205 0.970713460051072 0.212512802823876 -0.333925642440534 -0.520295166538588 -0.181127407954564 -0.356216459342333 -0.498792975638295 0.348404811577695
7.05873392638259 -23.3625629852155 41.0860114152391 0.849159269916398 0.494850913325982 0.184529422844998 0.0952369402556381 0.200194337729109 -0.975116481427727 0.693135454124266 -0.107459370706596 -0.471536392397335 0.173314948357612 0.25369274749605 0.10293040889879
