t = 346617
b = 30 30 30
E = -0.922369364282326 -1.32690985235371 0.404540488071382
1.42045723910424 32.0629176597365 20.9461883037432 -0.117878787603281 -0.934318521864917 0.336382953095662 0.457515609045387 -0.351749095420724 -0.816671317820431 -0.33827799717179 -0.067081143178027 -0.238596649655607 -0.712095840993336 -0.855478308879729 0.198075129226171
1.91757184811653 31.8773320021107 20.7509671415901 -0.434302938445592 -0.874074042656964 0.217659196017153 0.665823747051045 -0.474258868646325 -0.575983735337395 0.216553193585279 -0.373067804631471 -0.131459953813238 -0.00982292284854929 0.194937655000156 0.0615886309515077
2.3557181292848 31.4573412300604 20.5720540968575 -0.837772304726579 -0.54009718091186 0.0802034949624378 0.460814240160502 -0.778163476128157 -0.426745639093677 0.0920136591043238 -0.371004601430584 -0.52454132535289 0.132458250888082 0.00448194100082188 0.867979642454479
2.62194334015071 31.0471377690758 20.7518792782735 -0.749410136860459 -0.399057425779943 -0.52833475912596 0.580977798956229 -0.779060318787989 -0.235647653945359 0.400040017363444 0.163665847199633 -0.486058801644415 0.0362722273812393 0.223327221323213 0.589494141405076
2.65464246678917 30.4906572904611 20.7695767110348 -0.550995109054181 0.0578584373298555 -0.832500324941736 0.33285509019087 -0.899566264754215 -0.282821541347458 -0.0304914893479001 -0.469595609312377 0.461407767964836 -0.262900241705488 0.157521067083325 -0.0543643436085447
2.52281094110032 29.9592238437 20.6470486558317 0.0502998742078776 0.460482982252583 -0.886242261297913 0.273045392572121 -0.85989981710307 -0.431298641478553 0.0826411667641125 -0.270221633301529 0.009029046616579 -0.488056150901944 0.00371845869375084 0.0546005913936509
2.39497856954006 29.5470171340787 20.3538457147982 0.483598905801363 0.610752394156468 -0.62698772822112 0.31508969788447 -0.789770568799719 -0.526289778491702 0.114023919484261 0.455646800932813 0.530862625891479 0.090984345645359 -0.278063440427408 0.548212351561391
2.40870704875949 29.2447474401822 19.8023844195268 0.857427632467646 0.469788113736923 0.210040432470526 0.513748320898395 -0.75791705000392 -0.402025382391979 0.201681141225163 -0.316018016996744 -0.0941828986612631 0.332764797622954 -0.206471140364987 -0.370428620835511
3.39707087880258 29.9363062417727 19.7182799907085 -0.840826879174419 -0.537271641541107 -0.0659495447561075 -0.533578892158996 0.802142588477023 0.268068710583262 1.06135769453316 -0.391297070545848 -0.348682159886916 -0.26528876473299 -0.27580544396393 0.0594879111256486
3.06014396552151 30.3000546199915 19.6124853206727 -0.538421325647727 -0.642709898982691 0.545001341133569 -0.498790400269569 0.764354291492806 0.408620427383926 0.756530409563044 -0.328567771607774 0.403121404081664 0.121830344508477 -0.140871372592945 -0.044831307857241
2.56494656704785 30.4654102605043 19.5918318347397 -0.0344021025196758 -0.336367929390124 0.94110207279552 -0.59097668169643 0.766231165466558 0.252262487815487 -0.961147077658825 0.670365548719443 -0.694057436993559 -0.0734720587369154 0.248503390705057 -0.0526993151520701
2.07584870209304 30.6262129837304 19.7330961018329 0.475996531783872 -0.130367988297858 0.869730699329899 -0.622336091381896 0.648829907678483 0.437855615774661 -0.828197720161974 -0.100181399478053 0.508139941865151 0.354979498075017 -0.260207289139991 -0.6027541169157
1.74054006761278 30.6533391142067 20.0220833684036 0.700665017490248 0.341481598733086 0.62646536296279 -0.689484451018585 0.54990259207225 0.471400393546499 0.333116350871354 -0.103519861496676 -0.0659803006452909 -0.119668918073205 -0.16560416000341 0.0459020768536717
1.41239159129575 30.7700039643518 20.4617392013989 0.74225287654613 0.598773405612627 0.300883824739724 -0.623963071801022 0.453790167279058 0.636195385954244 -0.140986051997154 0.00504024960517228 0.42724329859283 0.0532833931950498 0.00315704659638791 0.346711234960908
1.24990872399673 30.8840435168952 20.9304529006445 0.573423132258485 0.804193887073011 -0.156390867333379 -0.485652560950575 0.487407645335403 0.725655136625348 -0.44575120932303 -0.1156522069802 -0.013737128714009 -0.588733133924377 -0.0715958303024562 -0.0943908222872614
1.26458665993727 31.0780510717314 21.4435307587096 -0.123578543538665 0.732219819546262 -0.669763002442278 -0.458493073310774 0.556444555090975 0.692931135709494 -0.0598652809732309 0.132450810895498 -0.161925785573662 -0.0486226166124298 0.00114422016515415 -0.257803389016676
