t = 8763
b = 30 30 30
E = -0.814260088070605 -1.20743872344173 0.393178635371126
5.26147679204681 16.4976897545912 13.3987743645685 0.37560067927512 0.0234016206294063 -0.926486100208731 -0.263852947497653 0.961011682589324 -0.0826932163096863 0.218525552032407 0.295115591363453 -0.327781547682915 0.65738394349626 -0.55809615567669 -0.204906657398527
5.46300127949633 16.9272312203859 13.2924047491555 -0.313588729340142 -0.10223088890889 -0.944039699474411 0.0228227433658312 0.993088949413814 -0.115123676702182 -0.329894679639017 0.0184314865382305 0.169320776884329 0.59886214404483 0.365068477900213 -0.178771801508323
5.55264335637483 17.5178998901436 13.0397206761209 -0.713403649181116 -0.354153688179978 -0.604673795102441 -0.307221335644371 0.933612079730883 -0.184346238110416 -0.296032509471414 0.237987723540307 0.0408168712507928 -0.46658021671575 -0.186188665000553 -0.489306973132864
5.50849273943599 18.0525765436565 12.8341585892148 -0.78125683471715 -0.42924018246074 -0.453200423619399 -0.241774799807827 0.877451786418071 -0.414274436442345 0.160465967152724 0.22010405602403 0.157979954745392 0.821272114674276 -0.266097677188313 -0.302449559766922
5.38605137384119 18.3331491919917 12.3867253768744 -0.93419178288304 -0.355091731028431 0.0345770928366415 -0.313750920061186 0.771540019634471 -0.553431439532662 -0.582496038822542 -0.208980561204026 0.330351311289877 -0.508625683351383 0.0778889494918811 0.365629373804352
5.23876775634948 18.6106695168252 11.9916031417921 -0.770013696568199 -0.318153058747556 0.553043884612204 -0.579824493474877 0.710642981824135 -0.398484766522769 -0.314203097412889 0.533460110571081 -0.534174613466479 -0.0736234720289158 0.153797009488541 0.290604983925286
4.79327275644736 18.7928498499877 11.6874343602571 -0.310563926692154 0.0138504737127042 0.950451583099047 -0.665341500024286 0.710946240566368 -0.227763323144827 -0.130437515015727 -0.227480642359466 0.357135768541403 -0.481449988671818 0.0880598341395099 0.161879766811314
4.33859343405238 18.8129979563325 11.6258216484797 0.245905741689859 0.68759448019228 0.683186795110293 -0.735847965058884 0.591204816940411 -0.330158502457766 0.0355630448525313 -0.0349856214513063 -0.708942060773165 0.0157036256159424 0.263337202642765 -0.687137360102236
4.64055450843121 19.3443920199906 12.6677122721252 -0.468674587308592 -0.384637655146814 -0.795234560022565 0.363605306696631 -0.904428402100819 0.223160136259602 -0.345655529329451 0.310894807817505 -0.294348519917926 0.476655491197736 0.0245834481185449 0.643875721252924
4.47285326941401 18.8627528867759 12.824576013406 0.302705112520365 -0.00362869727857434 -0.953077356466984 0.362606084458611 -0.924354080693918 0.11868597650141 0.221934791226409 0.0700779276473115 -0.00797116909047029 0.422026188926335 0.591310704593071 -0.0161092900159733
4.40864857017829 18.3257692519582 12.8537225504907 0.595100409473477 0.0854138590654749 -0.799099477739814 0.157851628866413 -0.987389748005817 0.0120145244278605 0.537300203276967 -0.246761689202967 0.230190552527902 -0.204958741925817 -0.0246229728206738 -0.236749019346822
4.27265761593039 17.9114248877233 12.4695537250223 0.965116219915609 0.243281547660531 -0.0967717449656845 0.23642389129137 -0.968585206806409 -0.0771131686706608 -0.447376581838537 -0.0737888587597864 0.48279775506328 0.309933065578314 -0.479018953032256 -0.347401428185516
4.48193836441248 17.4371752377735 12.3124534027987 0.802767228136278 0.489502469087658 0.340517415395282 0.489551414229118 -0.867072886117909 0.0923256355810126 0.4424245179288 -0.118708988715962 -0.0324142210981088 -0.35975036551581 0.522903916567143 0.491402572969669
4.90430696921352 17.1503867577529 12.1283293146061 0.409967301120161 0.331925882588746 0.849559898111918 0.470360510248926 -0.874965836765843 0.114872864032467 0.37424725333152 -0.36124323629151 -0.106170948865756 -0.0866135084012786 -0.265517579894043 0.535934161881686
5.30460028191154 16.7924495062692 12.1520766166122 0.0191141582208699 0.225331540545693 0.974094628766019 0.553101197674135 -0.813997945677228 0.177444102648371 -0.594165333572092 -0.0334527911532671 -0.120491394233107 0.202518996206742 0.217994994125181 0.0739905191296203
5.72564733124567 16.357485456491 12.3501583726497 -0.395113948811258 0.208839174734624 0.894578764866982 0.511290599723163 -0.759047676014048 0.403024252585868 0.632833719588687 0.437165498131161 -0.674831088748907 -0.359932913643215 0.0263007482174707 -0.284833634477601
