t = 829298
b = 30 30 30
E = -0.880393030207807 -1.25415129495834 0.373758264750529
-43.798105745908 7.80966708856728 21.939860260548 -0.468775916298265 0.871258830367851 -0.145455116117471 0.734966047682681 0.476063040574344 0.482896355497542 0.288399037717764 -0.0605588878733866 0.687257782806501 0.157469277946746 0.634479270328903 -0.0307361741068949
-43.4517205319712 8.38155208195581 22.4481880224275 -0.751671722040878 0.462133953071183 -0.470554812644471 -0.271898981013422 0.432879497823531 0.859468605876857 -0.212698161154824 0.00725436322257036 0.0253813885025762 0.123559441498214 -0.159419591483899 0.134340697423138
-43.5194584392925 8.76169174386764 22.8428933903749 -0.907241604293686 0.00854527414882975 -0.420523066820791 -0.354260021837979 0.523446547458296 0.774921640478144 -0.24770782798316 -0.392945962157927 0.709699713426545 -0.146312364278486 -0.12637121707547 0.170198404424615
-43.6198354760715 9.2414311954346 22.8804387136348 -0.947541181051366 -0.292377275575311 -0.129155870710093 -0.318658630672276 0.832558101862567 0.453104495807567 -0.188242229435379 0.693745797702652 0.514466621705884 -0.176117180292093 -0.051684606530971 0.492812173526397
-43.7898437421442 9.70664284272629 22.8406300285314 -0.680532579035138 -0.512956962917363 0.523211776498203 -0.24727801781823 0.832960884272932 0.495004795103203 -0.00277376998915939 0.122184315901699 -0.365053794519884 0.0119665772494872 -0.0280536096728315 -0.382454172637279
-44.1254243408293 10.1606981584579 22.9338043455919 -0.364199161211503 -0.639464784642433 0.677084751102146 -0.32650601689008 0.768542093254507 0.550215295889283 0.026298550025471 0.115982476649194 0.369457726494827 -0.196948951107763 0.516857067796539 0.540263141676325
-44.5501447636639 10.3867041190768 23.1487951863789 0.273462100856979 -0.521703022730714 0.808111647898054 -0.325272902060939 0.7404847921824 0.588115474827358 -0.414011405659344 0.114597329544163 -0.195218470143113 -0.0662756338837426 -0.42232149504103 0.348971787773368
-45.0298768368864 10.4705923711394 23.4340307973645 0.778386354596131 -0.0563419248693241 0.625252165514493 -0.419348541179577 0.694511921062408 0.584636632886414 -0.107830950942675 0.15870043950202 -0.0358295904012177 0.227425718896927 -0.815052466764757 -0.365949287841837
-43.9692005755789 10.2953210921196 24.1928266616733 -0.864994721536022 0.0772610192740602 -0.495797203113916 0.215826387434345 -0.83471959054782 -0.506618372784428 -0.392078105798963 -0.0643712317677562 -0.164020059754949 0.368010794840712 -0.0916161054862856 -0.248970326267145
-44.1465451341376 9.78193009247396 24.0703878574323 -0.332739952054482 0.530397557044102 -0.779719536620984 0.0641993219460858 -0.812174583670395 -0.579871444978464 -0.187498147647385 0.0315241700850278 -0.412255777819605 0.18247339188249 0.0223906437874355 -0.00979738854668002
-44.3986654234798 9.33097971715758 23.7756594018799 0.0510488501710586 0.678254015725889 -0.733052184396116 -0.207648907222652 -0.710759618581313 -0.672088309616656 0.122802244298466 0.544529173787419 0.872548822390492 0.464653948324225 0.193251395916041 -0.54743547239954
-44.656254154632 8.99529180983889 23.3458390172656 0.561121226341123 0.67912984370035 -0.473207802920602 0.188181700066633 -0.66138670157065 -0.726054597634019 -0.465766470039505 0.195311583948956 -0.0220569003464657 0.219951061666793 0.258554717939037 0.308881862702348
-44.713107821001 8.83075888593634 22.8149663819301 0.906751487056528 0.420349534547337 0.0332867770537945 0.30191340980963 -0.592101341899491 -0.747170859909546 -0.424517706562277 -0.601463813009813 0.272907915052524 0.28331737590915 0.0814318481655091 0.227607111423479
-44.5673036670336 8.73152401741115 22.3126448236923 0.894573188703645 0.142645298894998 0.423545899231468 0.445808259362147 -0.35166052669134 -0.823158471894486 0.0498004368832269 0.894917468302166 0.569666496319283 -0.0997004467617482 -0.315017620386771 -0.0897451591483731
-44.3570577444572 8.83074657661135 21.9273517449823 0.684413245762303 -0.530471630055978 0.500178326930368 0.492557481187419 -0.169391103419114 -0.85363562590179 0.140680426251228 -0.73102251815272 -0.330677502036588 -0.377257251741451 0.0977118608024146 -0.384578739832
-44.0123499865411 8.85969094992499 21.5772389527448 0.0845250169892079 -0.915424926527957 0.393513310313954 0.432734971526945 -0.322015059110398 -0.842049135219366 -0.594078943977701 0.481083593910349 -0.234495341496265 -0.342577699292097 0.247915738958689 0.24678561209028
