t = 1909
b = 30 30 30
E = -0.965191644942424 -1.28326327884225 0.318071633899823
5.06813992811753 18.5375074619752 15.6585590403713 -0.727870898376998 -0.667498073105522 -0.157004069043695 0.54407138947048 -0.422818674632255 -0.724714213702123 -0.143134464757707 -0.0402670657552001 -0.268180628944586 0.127478924111601 0.542772103088263 -0.150800389619298
5.22463610731972 18.0917022338331 15.5307696992866 -0.782029628403581 0.103925528786327 -0.614515373904868 0.524355322151398 -0.423231652688768 -0.738868367365822 -0.10376441973916 0.580859986677259 -0.316353550223662 -0.132733140805861 -0.419285555719438 -0.531915628481401
5.29608048803992 17.6771480947574 15.2537579768535 -0.439562945595714 0.658362553654566 -0.611018137868801 0.451843232086471 -0.425846048869888 -0.783895934598183 -0.514082877767583 0.23979590989472 -0.335014237526797 -0.653891756577381 0.00675284542078406 -0.313463244120543
5.22310574822982 17.4105859109352 14.8051361091822 0.165525405125341 0.925497440073971 -0.340669676775947 0.592349931717302 -0.369483434646777 -0.715963371909579 0.0724286823082223 0.470891623686537 0.462675338183029 -0.307870339871443 -0.0395826955763947 -0.39692175036139
5.35345194687982 17.3690417137804 14.30297747476 0.424220043913423 0.901956049573536 0.080700923041752 0.520660538209397 -0.170025140867356 -0.836662450110281 0.177264564197937 0.506241316370889 -0.0625785112255747 0.192223689907888 0.236331641407265 -0.149269980192902
5.39247947174927 17.5287826009755 13.8160411302868 0.750383082598669 0.479888103066666 0.454568628355269 0.550179680674164 -0.0722755079270341 -0.83191259752883 0.274840931298087 0.132191707461608 -0.272309730495808 0.123174707850997 -0.0691891360179277 0.371792575072889
5.69834460023504 17.8079453321393 13.5194487371893 0.765257552891198 -0.443134436877746 0.466918353243927 0.471876779880511 -0.107199523896797 -0.875123172293991 0.410885388548513 0.285000420821056 0.423859363044267 0.158678350673826 0.0540034801055991 0.559322420601513
6.03570356313743 18.0770221756149 13.272842269255 0.439964273720004 -0.870983831940449 0.218674649532959 0.560736240978328 0.0762492690152463 -0.82447614703406 -0.122407621031663 0.329623308974056 0.187395793685127 0.624607198141386 -0.121643437914359 0.0510362810284834
6.73436331939224 17.6252282526569 13.6541685964083 -0.619422507636323 0.700005356334246 -0.355398731197638 -0.429613837019072 0.0766547024551303 0.899753303763461 -0.00169805585163786 -0.64493197313033 -0.880660477605945 -0.0453325183962377 0.098786988207331 -0.377601023804539
6.61017370742624 17.8096134257603 14.0933481978103 -0.850938431506697 0.113682605311058 -0.512815806147404 -0.488202863231635 0.189054499339927 0.852007253849262 -0.312303831979502 -0.0408385649997895 0.238768515924357 0.452984537956222 0.187149942123144 0.00855285456087937
6.32084268991252 18.1133898806105 14.4204811996587 -0.722299369610414 -0.501791892251722 -0.475908097778172 -0.6666783926536 0.322211448214308 0.672100962213601 0.232672704646769 -0.120688014175348 0.12326578196336 -0.047043289295596 -0.020924712343824 0.388177684141238
5.89960655628623 18.3200162793528 14.4635930666459 -0.327662400715571 -0.944044896930929 0.0376375309495998 -0.706955116901605 0.271410820199351 0.653108436146212 -0.312372741441357 -0.0467480761385299 0.526023061365049 -0.0880904419882129 0.146628489175803 -0.683161767083922
5.39483448454135 18.5395557612079 14.5930088110061 -0.0753437016030516 -0.965270572648938 0.250152050174964 -0.920986036546579 0.163527221159096 0.353615000284497 -0.603678468895906 0.0897370168268079 -0.135790894778781 -0.193160027112087 0.415822116483193 0.266388146190988
4.7826753555003 18.5390721026922 14.6271063255237 0.347449342558515 -0.836563613282701 0.423603913210263 -0.794757260243893 -0.0229814340087029 0.606492168935856 -0.216661295547571 0.46752353751609 -0.236296333601545 0.0387550782924194 0.32198315010975 -0.0508698263690687
4.32199727910205 18.255774256875 14.8226248353369 0.780079798274399 -0.152417642044601 0.606831418696939 -0.577674174703248 0.197119835965127 0.792108779240584 -0.10583530606836 -0.847865713596861 -0.221886181615684 0.0733832122049305 0.270267783984046 -0.258639503069224
4.07602801737876 18.148893402848 15.2041976757236 0.782953476320092 0.54355303293898 0.302545788767786 -0.523514238662965 0.313012488420123 0.792436763414075 -0.180637038670724 -0.251489245825856 -0.000287657930190646 0.197751028537704 0.298870978858362 -0.00230201661619069
