t = 5144
b = 30 30 30
E = -0.938839918220465 -1.28085246754209 0.342012549321622
3.39608449029689 18.6136949705049 15.1500279976861 -0.473707740451678 -0.299382424960018 -0.828233747357119 0.71424754660251 0.419581708024502 -0.560180000056703 -0.185786138564698 0.567084107959917 -0.0627435882882441 -0.787683198546931 0.290310439141319 0.612484510652665
3.90050750976207 18.4598691872964 14.8232727580763 -0.673927069739574 0.130888691695579 -0.727111033514446 0.728710129710833 0.279848386281336 -0.625033141163371 0.548572053140352 -0.250406372126339 -0.19562446762327 -0.363677769189993 -0.373939126987525 -0.17800325343172
4.19290760989695 18.3134451084076 14.42408329864 -0.577529030413895 0.60998281709669 -0.542569057241536 0.761646088621122 0.163361351037053 -0.627063238178972 0.0531283479345062 -1.04757237890901 -0.326896010882305 0.585375654845375 0.417113332806157 -0.246026362328952
4.34510779923943 18.1604867454808 13.9461337083584 -0.310299567754338 0.943259340508622 -0.118220111633832 0.718165033208656 0.151117922401777 -0.679266044054459 -0.251649935694849 0.207627744306091 -0.130095221341289 -0.416966970885916 0.417724017468022 0.0953289287212176
4.44372041457575 18.2412069804049 13.4909094439443 0.229496487201008 0.906555851653372 0.354242643106996 0.794904741269072 0.0354486162969604 -0.605697818974592 -0.0609844239460129 -0.407167601513753 -0.265733509253808 -0.324552199308871 0.646115265991986 -0.503941264735398
4.66167140829669 18.5102098015753 13.0850564808957 0.416895227994904 0.546234467143469 0.726516535104035 0.811967906693513 0.135450584849836 -0.567768665535173 -0.125243000497521 0.703590367372073 0.415988444090876 -0.0451044670733711 0.382121158256242 -0.283779208260582
4.90215180470542 18.867583453735 12.7641973736267 0.52075353656389 -0.186373268464241 0.83311509346438 0.838953968270311 -0.0689186069853892 -0.539820770936706 0.143255791399743 -0.149403128992733 0.416001052639152 -0.242708084076228 -0.126429433289309 -0.196620759760603
5.27207632772706 19.0728977266942 12.5481084548693 0.406400170408435 -0.669300914964752 0.621992915328899 0.853684190034728 0.0355037205403032 -0.519579435228676 -0.071968756818958 0.732187562285282 -0.0896333839499787 -0.0408568999427758 0.255012973321317 -0.247274249230466
5.93644731715633 18.6421979217693 13.4324733235844 -0.732686370050334 0.150452763352994 -0.663727842674931 -0.578727689560699 0.37544199217198 0.723959647942945 -0.324374919048532 -0.538691073749552 0.166803640009704 -0.0271385098932238 -0.00998423506515965 0.429721358818595
5.55084579315613 18.9391261496828 13.7263965585492 -0.477904684922933 -0.204910237221897 -0.854177327497266 -0.875831001492546 0.185639381847109 0.445486337312362 -0.300760525377934 -0.176945999299285 -0.197223006364202 0.172737874965674 0.295598135364548 0.239861431945507
5.14977207277414 19.2653928684076 13.7622005330733 -0.44382639747182 -0.819693658472693 -0.362105558044664 -0.839657035914953 0.239241215136487 0.487585585326862 -0.212573790592458 -0.23061187425485 0.394829743372233 -0.0342671519775086 -0.184373643373607 0.200371502485979
4.57503174003722 19.3355000595724 13.8493726768574 -0.0175146407679064 -0.973002259339299 -0.230130051665111 -0.905964428963351 -0.0819289052551855 0.415350584370349 0.0485021757340323 0.490014409132774 0.0473790158122173 -0.131018488972431 -0.375581926735646 -0.106671493961546
3.99921092181528 19.2477524878741 13.7833491714963 0.330974214006091 -0.943557221048587 0.0124836000467455 -0.843086531701669 -0.289737773411576 0.453053112473312 -0.192940133188627 0.0540987585368487 -0.36473901649397 -0.247086773311175 -0.265630584234783 -0.00228099672694133
3.51359870244174 18.9902069234767 13.756151032737 0.543053048721169 -0.517523888847329 0.661258202782381 -0.837950818141505 -0.283218541277814 0.466503680856267 -0.170487261620653 0.10466269196758 -0.411680382578232 -0.0351128154024158 -0.417248101124684 -0.176887340219814
3.16303827850918 18.6193774791284 13.8660659572971 0.571758640456118 -0.126579441763328 0.81059836046383 -0.757442296177884 -0.461077221992224 0.462265035797326 -0.842979960398943 -0.0893674602258175 -0.223296025573586 0.00164621173658994 0.0921230628340523 -0.134604792589192
2.90537298056284 18.1731253548822 14.1484134979776 0.434609891788736 0.369345486690957 0.821400117738241 -0.775158088500726 -0.310933128606239 0.549955023040099 0.0206126294629915 0.195759566418145 -0.35570889564641 0.275046037925906 0.0825733268091057 0.382279543130316
