t = 147051
b = 30 30 30
E = -1.0160598260493 -1.34451991365659 0.328460087607293
6.804294452523 9.82489021694485 26.2283884925286 0.59114974367974 -0.357520312325368 -0.722994610507 0.804165376769733 0.330305808374938 0.494182273820706 0.109954746250383 -0.397861346287745 0.421928462314803 0.231391960173575 -0.103378715327359 -0.278987881797993
7.25514166617153 9.68871547526972 26.4987423283168 0.382361280074683 0.179650622318712 -0.906380441867638 0.86293842145552 0.281277325691626 0.419786072693703 0.164351168060886 0.0814368778512442 -0.191001298949956 0.152961634802869 0.193633810175562 0.0848015012919287
7.81023062051736 9.47758623150914 26.5521725582802 0.177708668297369 0.618350290387586 -0.76554722100572 0.9329317604848 0.141683118941929 0.331004870184161 0.173143193954305 0.0543921715865441 0.103507371017739 0.0950707290854418 0.0855637237813121 0.595773170870947
8.30244059319746 9.41266964685894 26.4889599575667 -0.142639863534962 0.933087275434429 -0.330154517995879 0.948646482499888 0.224039268025349 0.22332992997636 -0.505436785782729 0.101438889986798 0.268078388571282 -0.0685366221240718 -0.00694629857569305 0.335175033873964
8.80672561910189 9.65716141833807 26.3289363310461 -0.47266454539222 0.824197481512786 0.311908222073642 0.880816845800479 0.430855641299147 0.196278120316075 -0.126350001838087 -0.0249264169796168 -0.0690902830668256 -0.813805413846916 0.229666408308388 0.303512067855833
9.1276299751624 10.1412817948939 26.2444913255477 -0.512734033900302 0.45947245642449 0.725250902976048 0.719878765045489 0.69040311267997 0.0715409368010776 -0.506183132527727 0.242090203059818 -0.0566330805410775 -0.106148887156148 0.352953978411534 -0.499798920757698
9.33753029052533 10.65555946995 26.1210975831176 -0.306606593074882 0.0597693297901878 0.949957906593443 0.6778214683481 0.714382922197727 0.173824904770838 -0.652644573193335 -0.0172764964221743 -0.0101591211344757 0.560690371099456 -0.14728258928405 0.140491748141262
9.46581689939077 11.1909891269501 26.2504038916976 -0.0695589017956576 -0.507083099590356 0.859085728720258 0.897605771275741 0.343943308588344 0.275693452678492 -0.325673885526227 0.278051406170985 -0.05462807035175 -0.995309401145135 0.257098354397325 0.818884567096748
9.45490380204487 10.5645843599011 27.2700258601801 -0.217305801488261 0.748365052226655 -0.626680091629964 -0.939419241449407 -0.334700379456974 -0.0739401432642051 0.109813723088831 -0.00235580668117054 0.264898598908572 -0.0398780215568236 0.320607236766537 0.661861239292048
9.02809115819347 10.7190091190572 27.3231247899994 0.14879585451424 -0.0464578632702316 -0.987776017434976 -0.962986135372734 -0.233847811822843 -0.134063059735271 0.0627602806726971 -0.565337755636562 -0.0143453557142669 -0.291435180716941 -0.46909574690992 -0.0248299803100296
8.52846883805617 10.700842265696 27.0793501118606 0.477903555952932 -0.504357701518783 -0.71918808397122 -0.87819856097194 -0.292391807385857 -0.378515942174713 0.132616559537085 0.511250119352903 0.212867364429083 -0.230156060188019 0.00526068961423892 -0.314283655966245
8.12598963549244 10.6533769902761 26.623007544887 0.569651155085432 -0.798688814337421 -0.193891050237374 -0.756270568375367 -0.41701137776027 -0.504139205207919 0.108374665103194 0.672999285561459 0.119060231220098 0.0655905066046738 0.425516234777681 0.162135818805513
8.07111211264746 10.5243913432224 26.099466296668 0.180173451452208 -0.935177844208616 0.304926101036186 -0.692172685062149 -0.340797243330248 -0.636202965249582 0.108984233399914 0.0238068741930683 -0.291722220007708 0.136333935551745 -0.159768809977319 0.0707099358281871
7.90698823332189 10.2967076109899 25.7005546752574 -0.0527532508873189 -0.682437644648645 0.729037691540864 -0.725032045233591 -0.475846704163162 -0.49789401233738 -0.0108723941615789 -0.585324142327563 0.66210833163322 0.251319684142633 0.41073833474365 -0.290127593799211
7.75662829738426 9.87237493578816 25.4816671100194 -0.479159347304012 -0.21530762195305 0.85091065795422 -0.618252987332429 -0.605345430137629 -0.501318415646182 0.119139779039353 -0.546620849450438 0.223422459856788 -0.13438109367125 0.143044327191742 -0.0230756959942396
7.49370613804814 9.35531367556999 25.3387236258867 -0.544847324028608 0.449760659711808 0.707712330311138 -0.780992495109081 -0.579441020588399 -0.23302108540374 -0.195981052082357 -0.367734866494972 -0.178970929066221 -0.583396004880252 0.167227044985959 0.379521682068073
