t = 2229
b = 30 30 30
E = -1.00235685553096 -1.3658139502955 0.363457094764544
-1.57894453535857 20.5443190580523 20.1126425087389 0.655122016404517 0.373398409881829 0.656801926854512 0.0996912856558712 -0.904455356597861 0.41475553701634 -0.425923293395516 0.417688535863954 -0.768819674259864 -0.294169847086955 0.194737549429045 0.624187732855577
-1.27901760892356 20.157792728559 20.1710660242955 0.138040691788396 0.502990288734401 0.853197243812628 0.227629435819626 -0.854496152611573 0.466927366000814 -0.00287220482233935 0.166592441657191 0.321500616301463 0.0784780173258897 0.197721729754437 -0.135684898351119
-0.961474842472295 19.7763011367247 20.4393057221593 -0.249748585009871 0.69295038789504 0.676347103343904 0.246489010531252 -0.629976178715195 0.736459898391437 0.00548240586736835 -0.218694746859983 0.257848827997273 0.240527670710319 -0.222251223146608 0.0410107848205461
-0.595847016104639 19.7185083183022 20.7719099987319 -0.640387019339263 0.336309101851437 0.690507533249022 0.464041468868096 -0.546979401548393 0.696763266434517 -0.0951867577398133 0.538627381418366 -0.0803525072377115 -0.115869120256767 0.761513365623547 0.0402320388194426
-0.348806109111518 19.7058380471136 21.2317826485029 -0.931221596421618 -0.12434797467325 0.342584178783311 0.364447814664829 -0.312478060375799 0.877231584115509 -0.00722819150930192 -0.0786555495320608 0.117447961350273 -0.471051839702601 0.187986930343133 0.562620015002167
-0.338169339749669 19.7590640962979 21.7877054699207 -0.651365650116089 -0.754307878104632 -0.0821122090686183 0.220361243913927 -0.291613550687322 0.930807423281661 -0.354490646505594 0.275681274415914 -0.309270677255819 -0.367559240541072 -0.27228352589891 -0.170947310898898
-0.473588201791014 19.81248100837 22.3083963886264 -0.126621998150781 -0.959316902392703 -0.252344903590257 0.0783733122462445 -0.263272415780896 0.961532765440907 -0.451006950669589 0.0209945753041416 -0.46896533914143 0.358951899407807 -0.741234452705434 -0.265635970131751
-0.712857097134194 19.7155278479924 22.7468404959111 0.477378912248857 -0.822964635918022 -0.307958734522035 -0.0855924599812567 -0.392356456001401 0.915822221955974 -0.344796607084406 -0.195449133770543 0.607475113870766 -0.353853666673167 0.12189950586488 -0.0198083361386526
-0.468820971336907 18.5933735015622 22.2094592984994 -0.285865536428355 0.789683871101442 0.542844617551628 -0.318775043692297 0.455856393438232 -0.83100987965274 0.19814940606043 0.458805498382919 -0.438563076967934 -0.176062968988632 -0.092582009408542 0.289863462027198
-0.884105373162267 18.7423704962243 21.9900488944332 0.425756297474007 0.857921894750366 0.287578854697569 -0.408525718274614 0.465844408297575 -0.784917654767743 0.421875480710955 -0.37315237000499 -0.372339954123331 -0.0244846302117994 -0.56805390497615 -0.0846469671339487
-1.23150421761838 19.107184853219 21.8922733286102 0.804883857986519 0.553177834319276 -0.214840077198308 -0.536282396690863 0.523018271970093 -0.66245986911278 -0.143183801885848 -0.0697221990039101 0.512433948045217 -0.256617224791529 -0.118705716557036 0.453248088333223
-1.45738496461925 19.6035553630321 21.724281900915 0.885839028045451 0.0392153634722877 -0.462332533637024 -0.382318540047336 0.626288178181429 -0.679408310080368 0.651675231277131 -0.33078168396706 -0.130295261168084 -0.0923214161536298 0.00777574068867844 -0.0822016623936973
-1.43433329914879 20.0850307351192 21.5479957070867 0.668892358640961 -0.328123952584425 -0.667021502121258 -0.167506857339732 0.807697146904814 -0.56530237185597 0.607740714546085 0.0787372461394406 -0.300080088914876 -0.296795963441254 0.170487041406265 -0.183367361319668
-1.21599894776257 20.459848973498 21.376113000838 0.179820925174559 -0.517647132905607 -0.836484238144369 0.00415362118150353 0.850737384968777 -0.525574589613658 -0.690769925310724 0.984221771521063 0.176187969119633 -0.536078166817338 -0.30089486296793 -0.325440726363622
-0.926720344156017 20.8109808293146 21.085633460508 -0.311083464395663 -0.541596392907936 -0.780961218863463 0.18275923717399 0.772306074579906 -0.608393284310863 -0.00196235193221469 0.409325379391094 0.327708662393809 0.0309639407328463 0.148092674976197 -0.146399373772414
-0.690297563520954 21.0192379026188 20.7191474680207 -0.861805875934964 -0.324820674608795 -0.389592301708659 -0.0684105300806669 0.8354789720515 -0.545247546197001 -0.291104252761803 -0.101402526365487 0.105166039080353 -0.00945063054075437 -0.0198084098202176 0.622503314388802
