t = 2857833
b = 30 30 30
E = -0.912777055473415 -1.4014734425691 0.488696387095681
31.8208622292132 13.3965349955598 66.8111500797669 0.930011696412319 0.366592974768679 -0.0262266159955096 -0.312222869261511 0.750400184811921 -0.582594578196853 0.114144638110123 0.208422816365016 -0.0699928223764418 0.344395866569927 -0.230217912476814 0.175434935745979
31.7457101540115 13.8893251249866 66.8278104388431 0.738992497812611 -0.0474989670800991 -0.672037153960264 -0.341507283522126 0.833447910273238 -0.434439128259144 0.175118418779651 0.307845996081523 -0.508838959109735 0.155800457980336 0.593079795037193 -0.3999778775953
31.8710901299816 14.4152558568322 66.7537082362418 0.281994967343542 -0.346489654716202 -0.894664047320307 -0.306738551183438 0.85100543127876 -0.426264257417765 -0.20390489218098 0.87822747483938 -0.0440119776867435 -0.247193340281752 -0.0582470355665094 0.0655249637860735
31.9625175647706 14.9031500389371 66.4563852342426 -0.100879304062127 -0.567034130666083 -0.817493523320952 -0.166428099468371 0.819724891933292 -0.548044513933221 -0.0527546979265143 -0.462365987428221 -1.15498153695917 0.277903449146068 0.690453389486093 0.414141163353483
32.0286926742443 15.2469824467109 66.0811400805498 -0.366279650751946 -0.760521701825194 -0.536139868409284 -0.182143273443328 0.62363554984827 -0.76019900611931 -0.540461413235105 -1.14853378656277 -0.0598264370301737 -0.33991088218023 -0.455372154548489 -0.0372381583717675
32.1291400805509 15.4149404972463 65.5728177132301 -0.849397833526617 -0.521097982289802 -0.083547670546693 -0.303700791201138 0.612099880268282 -0.730136676245841 0.325076966469406 -0.729000693010857 -0.265087867124609 -0.107066058442998 0.120471224818628 -0.0839018847062136
31.9900149217387 15.3895150792663 64.9910002861098 -0.895097508137846 -0.00233913897535296 0.445864305988102 -0.337775350850597 0.65630946279483 -0.674659693033273 -0.654777763645435 -0.250759254984592 0.065843692735602 0.259291853077796 0.169854978933335 0.360434850972263
31.7147713163029 15.4621343884729 64.5405528820879 -0.506952462609225 0.410151866645708 0.758138936436764 -0.588834987830464 0.477544072188279 -0.652092797249377 0.046609594723752 0.283469483024281 0.128732108686378 -0.689663549905222 -0.139466776081517 0.371466919541899
30.9037760890945 15.7723255362772 65.3655192961087 0.526880139579949 -0.34105641494318 -0.778510013000684 0.317237781608492 -0.770851838406382 0.552401695458687 0.210340455031227 -0.25249237286838 0.646315015385491 0.0418815013951202 -0.90911565929183 0.56553261806142
30.8834409038557 15.2966113626788 65.4478648283356 0.942736533605873 0.193485432314385 -0.271682196116863 0.332563425564109 -0.607516031344447 0.721336148849176 -0.478654821879364 0.614736935248024 0.437697726903013 0.335221167739593 -0.0950961142018536 0.123593872778478
31.1281827343012 14.7908937764341 65.44264253845 0.873082519394704 0.474646212081598 0.111525278228772 0.372075549431176 -0.796424197494883 0.476726633575392 0.0667914019794655 0.477515440048207 0.148645933235643 -0.0801672406342748 -0.411624709892833 -0.480329609631854
31.4862239486653 14.415582755302 65.4223196552481 0.476251198169411 0.690765317930178 0.544084618223151 0.524938593070472 -0.719755459979583 0.454303369275178 0.132835835555428 0.436025091757051 0.0108013174271145 -0.083313593701293 -0.169165545133402 0.0959164558302528
31.9856748844361 14.2463627761403 65.4843859295029 -0.00779018507462493 0.477246846386768 0.878734749870735 0.624697287204732 -0.683859812180205 0.376947021004154 0.726704758160355 -0.297464072554947 0.0945260564375791 -0.104556730308788 -0.668914217073095 0.2461927139795
32.4112822976858 14.0849620694915 65.7214854351633 -0.53084115243263 0.202186335765104 0.822999609060564 0.603406813935848 -0.59172181015587 0.534570403484536 0.412475467603531 -0.167203734158017 0.0487771637760058 0.7059216206428 -0.310915500095771 0.603882274509815
32.74013180261 13.8454737436537 66.1688515723509 -0.884772763157139 0.0238300750627979 0.465413026351601 0.327265161458403 -0.679225654595262 0.656924671659717 0.0181767861468367 0.0547974408683393 -0.0865533567716724 0.0760457854762476 0.353606430416926 -0.456968268252227
32.9181441864051 13.7410382796279 66.6937052937332 -0.964520770660766 -0.25551851132677 -0.0664076300834154 0.156422208638602 -0.75572978355841 0.63592813028468 -0.0485493175150341 0.133108191416691 -0.343567480840048 -0.477262114084814 0.701086512526617 0.354335275378166
