t = 1000000
b = 30 30 30
E = -0.736997878915749 -1.00134771377752 0.264349834861772
21.0126729342525 36.1244328280312 37.5131286345401 0.245914910277604 0.683280919832457 0.687497666538594 -0.889553260763897 0.440811299364086 -0.11991828308188 0.171342174218219 -0.433897386007778 -0.0870286707831787 0.078225786574324 0.220030954733518 0.212832938902264
20.6922694730734 35.5113151030294 36.5629082705777 -0.729197670667329 -0.684218336112147 0.0107715189857924 0.48526454775239 -0.505938441239393 0.713123139696721 -0.0253404108123091 0.477920265712449 -0.445565965300537 0.167721013428542 0.15307005542525 0.256752519013833
20.5891161988311 34.5135156944696 36.5471520456952 -0.308789242477278 -0.902401131746741 -0.300535191204776 0.399421064059954 -0.409795279565808 0.820079656149808 -0.337326486732796 0.368455251433058 0.612583584139327 0.250066642765832 -0.546182505930581 -0.103149760626518
20.5290417011557 34.2839113984537 36.9921797859524 0.0588808008586165 -0.84141484482221 -0.53717232821795 0.346846079349986 -0.487337709778879 0.801373666816559 -0.319455340998949 0.354801523847985 0.452369065254296 -0.02333194750368 0.0907330012311568 0.100190959147226
20.4560598629693 33.8850689785692 37.3541135543012 0.778916563534955 -0.319826344202189 -0.539444247911823 0.290497187083076 -0.578324317047052 0.76233350222125 0.102431450707468 -0.142747485917153 0.400147636367998 -0.0403098799831618 0.0200684204524737 0.0794258533923544
20.4864155241894 33.4788935833993 37.608495864841 0.870842515694821 0.0539055281224207 -0.488597489653878 0.369078942098419 -0.728216189344425 0.577478931283399 -0.417527383853131 -0.153059519357874 -0.118155093345697 -0.218263499681028 0.117054615865808 0.434813480515026
20.5624451975117 32.9303576264426 37.5776461608474 0.875528202158408 0.48313070289377 -0.00592377807282997 0.436422492891559 -0.785503844340196 0.438770006068199 0.325121540692129 -0.328013725451378 0.077693215124972 0.366408089756033 0.49983236180414 0.0252654418833716
19.7296914309174 32.5423142742768 38.1243556048428 0.0275121169024176 0.684648258302145 0.728354203548949 -0.925910595515343 -0.257153878331392 0.276697401454212 0.370195255588401 0.267582591639202 -0.522924050827359 -0.441178586327317 -0.262477415075605 0.134366108837122
21.7068369157155 33.3031136411727 37.9949262084938 -0.427118772792642 -0.612690109674764 -0.664966452864196 -0.591797798693622 0.74544970055628 -0.306724810541805 0.218602160367459 0.0809091370955755 -0.0115122671244324 -0.401041759164761 0.012956008886419 0.100033261304577
21.6663491554016 33.5034195484651 37.5630889209599 -0.875175460988749 -0.48273937423341 -0.0321031002839664 -0.337831075728574 0.657268228697107 -0.673697736241899 0.161846922550359 0.00697989629867936 -0.578035565485029 -0.212711550330902 0.211490687113974 0.088466861922277
21.592435517879 33.5048600066682 37.0783172422742 -0.919599039577058 0.0148679311485393 0.392576809086221 -0.347899561033931 0.433372295758578 -0.831356932190605 -0.312979992646505 0.0156629756318688 0.115611805787717 -0.55569690628424 -0.0523187138476532 -0.279478896610625
21.298530740687 33.5362765008271 36.594591279394 -0.69861276416397 0.282016435347808 0.657576562797724 -0.557017623242863 0.362463779248067 -0.747229132281448 -0.224522092068411 -0.470352012722559 0.398070172861735 0.454491361541596 -0.223163956870406 0.522487737204205
20.8845943059733 33.376315011788 36.3626315863523 -0.460475426741026 0.714051512083559 0.52734506678154 -0.621907203895652 0.164391825417116 -0.765641402667562 0.031224275006761 -0.141821857960549 0.550802893072689 0.390821460918358 0.433078412018237 -0.153304183022076
20.31588040411 33.3895671892621 36.2002380443902 0.325126822777452 0.941573991269226 0.0879259237994736 -0.590056383759334 0.274644000429883 -0.759212840389776 0.144001750768221 0.0854609616765006 0.306750025163343 -0.439452636671855 0.124928645530337 0.115045374959444
19.9008215679007 33.7155837423083 36.1025082665653 0.696797547043796 0.60639029432599 -0.383097884855786 -0.649352868063425 0.306448641695659 -0.696010116837891 -0.00727112132081232 -0.728723875729221 -0.286166878147838 0.159490901696207 -0.131820474638699 0.121849923627096
19.6090991243879 34.1038947002213 35.8487892967466 0.871598509890317 -0.107039864356793 -0.478391581233839 -0.391424267774696 0.435553858518638 -0.810604637863945 -0.443543103636819 -0.0693942173709917 0.0627823079227875 -0.109166513622699 0.213606089287284 0.043274994809393
t = 2000000
b = 30 30 30
E = -0.784039791959304 -1.07192161071457 0.287881818755266
-5.27521607544158 22.6707950094361 65.4976034431527 0.978015404349333 0.205855771652939 0.0333057072078744 0.00959063198733753 0.115143045470743 -0.993302621992794 0.360899002930648 -1.10959454740779 0.041843810680069 -0.0475502146656133 0.132129205553425 0.263718346861448
-5.10049114279005 23.0206474042848 65.1601600736436 0.711452625036421 -0.67543272372864 -0.193973704520147 -0.0924649171542891 0.183652075049658 -0.97863279856422 0.254084599958351 -0.471361476576324 -0.315342624577808 0.593870740688461 -0.348871201454575 -0.206802218510131
-4.93691285409799 23.1970088619828 64.7042312320893 0.45154419277073 -0.89111711692635 -0.0449235561361339 0.15878709940162 0.129801141845846 -0.978743235296774 -0.206696814873062 0.150460171519846 0.495248610628171 -0.195640341995552 0.19627952660268 -0.286386811459333
-4.60735890174141 23.3816590648648 64.377523619013 -0.227139839633221 -0.961838325197108 -0.15255992079656 0.012585153967496 0.153742379975154 -0.988030816573655 0.151180341240903 -0.0535095331453457 0.0389770763206562 0.0732704442272115 0.45057663176489 -0.341045952060779
-4.32482935036912 23.1223998186723 64.0207875230158 -0.853658096815022 -0.425137811513325 -0.300874882573936 0.312355563898679 0.0443712093743724 -0.948928446975972 -0.222113460718408 0.0905326571817316 0.118524428549427 0.213331840443204 -0.157548444334943 0.0364683451019514
-4.23328329930526 23.074443225909 63.4533403553827 -0.859771933093495 -0.510664599170244 0.00372695841068334 0.13332765090241 -0.23150785943564 -0.963653386090854 0.16120306460681 0.0106724814084379 -0.494727416797723 0.05372903009936 -0.247935200975752 -0.143521918851587
-4.18043450314938 22.5869969199301 63.1156359749277 -0.989187359534305 0.14217040903315 -0.0359992018364562 -0.00344363281467801 -0.267913385379308 -0.96343684760738 -0.443037645612272 0.237916000721006 0.305212329296175 0.338900013801944 -0.331301437315971 -0.123120109946891
-4.18986112382849 22.2529427137999 62.7538024508277 -0.73028647388821 0.679873089670771 -0.0667401528124463 -0.0381092003082708 -0.138088213865359 -0.989686482702149 0.161836209775207 -0.856346856188107 0.0709531423460566 0.273662697660885 -0.275580092288248 0.367803517125102
-5.11014500796998 23.0146497831393 62.5926976099607 0.734412898854859 -0.653097581139846 0.184665220073562 -0.298047213163423 -0.0658980782634101 0.952273753710938 -0.0632841852025062 -0.088071425292313 0.175624049752243 -0.233588615949745 -0.207275455999284 0.193947846867556
-5.35134001155978 22.7267100843083 63.0426763430379 0.99625918985815 -0.0863361861200813 -0.00369994451702597 -0.00813176023653523 -0.136288604989217 0.990635801203211 -0.12372647793268 0.447660631755993 -0.308117476970593 -0.0375312116248802 0.0545762850219606 -0.116179313212141
-5.27065301632094 22.4917166289897 63.4708515952766 0.868178348100544 0.491659295304162 -0.0673609176779392 0.161381035900961 -0.151356931215821 0.975216509614384 -0.0502120241467287 0.512876720512605 -0.22493664843614 -0.0281928685021655 -0.264927559552827 -0.19916793773581
-5.08757127729998 22.3196955988348 63.9552173412591 0.662134270971132 0.731078197487735 -0.164629512432131 0.356461552437292 -0.114023587311817 0.927326147140536 -0.0797156289464566 -0.534912075798538 -0.46355036019308 -0.314998355260917 -0.262547981882935 -0.218411070071535
-4.58596374357439 22.2287212532992 64.2888586265173 -0.00167725351605181 0.999808660793826 0.0194891924490873 0.260778454448163 -0.0183775559408674 0.965223737344493 0.161923528238683 0.623142061177295 -0.00185244195759278 -0.0920208427366609 0.117904722408906 0.19404241711087
-4.23277837592492 22.2758926807555 64.6086303164804 -0.634053609056391 0.764274027961 0.117733729351139 0.35516450849118 0.152577856989667 0.922267948843861 -0.470928131622631 -0.2132172286113 -0.302817410128414 0.219084227304008 -0.0930693273037275 -0.216366985376384
-3.61113247164444 20.8622014457106 64.6865790660197 0.662726553552986 -0.701612208174949 0.261789657083072 -0.228740683912422 0.14321781726238 0.962894779475888 0.50276595067903 -0.160738382364398 -0.56212765495297 -0.147584951629996 -0.723879664732366 0.245990067283013
-2.82886536622984 20.7124790574762 63.8307313373422 0.682973165363498 -0.719710965724606 0.12475488450992 -0.730115973602664 -0.677750245465787 0.0870934547556781 0.0842776363741648 0.0673064954890042 -0.12394846652272 -0.237665530330596 -0.0699318145374358 0.130199757616532
