t = 529565
b = 30 30 30
E = -0.769833028530083 -1.22874399545454 0.45891096692446
5.78060103587383 42.312490306399 28.9424422317007 0.726489222357064 0.123915070003586 -0.675913060404255 0.642153843368677 -0.472600460665459 0.603562131040088 0.324711912282747 -0.35714068890075 -0.0727642682954114 0.665205341522538 0.617146050285825 -0.299352478889029
6.04683281067978 41.9254613552991 28.9331079022594 0.771015548667449 0.59364397523507 -0.23048178752371 0.601925005357939 -0.561208686888239 0.568094268309428 -0.315732670016435 -0.113839564191701 0.15896569477188 -0.300531470611301 0.413569374313181 -0.328157998895354
6.47139127657981 41.5732094265128 28.9306245394454 0.558762273355406 0.829174593700231 0.0159441223265641 0.805922843876037 -0.547427885958298 0.225413130482726 1.14021493528709 -0.380871014116129 -0.00368112895651707 0.227029061494931 -0.0259429809901164 -0.121549121445817
6.94870275177505 41.3705190882709 28.7555640970786 0.449819726727864 0.696335058850578 0.559267109047203 0.817818222879273 -0.57280238056178 0.0554146835175335 -0.540413923537358 0.106103128645971 -0.238386162791206 0.0878811918099752 0.524993935081265 -0.447457868827059
7.45224296528377 41.312950855213 28.5314168463138 0.345396119168045 0.32913438360795 0.87884701648847 0.809022132864234 -0.579016648842384 -0.101108401723802 0.0776140531088945 0.67140592106611 -0.0559165208257972 0.0609507520424938 0.123896915180642 -0.132624528651165
7.97340449788069 41.2911073560715 28.519872225253 -0.191153432794436 -0.173879538737202 0.966036371540656 0.835264172503006 -0.545745817859164 0.0670467331201435 0.357530950679292 0.243724895016373 0.108852401978599 -0.322351614725077 0.605336998580121 -0.555407405075969
8.47702419903497 41.1411155448207 28.7017119113448 -0.472686285398795 -0.283058082032636 0.834533281416564 0.851736540935401 -0.389705046435542 0.350249684679477 0.144616151600246 0.482011799605319 0.394553011641891 0.3972515172499 -0.54865281074338 -0.187674371805166
8.83870371699815 41.1351547505646 29.1027580733284 -0.498712129244627 -0.857293564026352 0.127804370908351 0.842674775188319 -0.445026906859551 0.303068103620843 -0.52222752181693 -0.0724743976134342 -0.0885277970721119 -0.301689427735928 1.00741686995302 0.0792577277979681
7.99375492716396 40.3487702070703 29.3190099863363 0.853676790594133 0.507314663119238 -0.117761495341676 -0.506506001398976 0.861356423487586 0.0389458889167278 0.138776991033493 -0.281077598673004 -0.239318057699364 0.0608700242136395 -0.4705439517709 0.408887787273957
7.86553413957432 40.6945918282292 29.5968345395617 0.545708079119789 0.453481017926393 -0.704668474364956 -0.581518456816366 0.810412173355888 0.0711926517169879 0.371164102790043 0.219613928133936 -0.299723257599926 -0.270226169164214 -0.0948954093823853 -0.216040931824724
7.79550303494558 41.3070358967328 29.7029443063697 0.190264711248615 -0.0137304622258213 -0.981636803538121 -0.554540259810627 0.823603874841231 -0.119003183132616 -0.0218832408785645 -0.517337131442337 -0.637878880347011 0.443683436462113 0.0849048527989836 0.728576516655441
7.81478729260717 41.8384096528788 29.5834785110468 -0.273035090744495 -0.478994246421822 -0.834275944227657 -0.558956446809147 0.784808671305331 -0.267662175165796 -0.0515987569784357 0.0990789172584347 0.211348050933191 -0.335191434029896 0.157845970682995 0.133520198747494
7.54673244084983 42.2443029953979 29.3013700688104 -0.473260325090506 -0.742444046733231 -0.474132367768326 -0.662055589892154 0.654820054113632 -0.364545048825472 -0.0415638913227717 -0.275512937112684 0.241362318935439 -0.472547360560239 0.644301001510662 -0.282244628183898
7.43983194841584 42.5363296740973 28.8719566399807 -0.74270430756874 -0.63319798556399 0.217831638190041 -0.647271645869893 0.595527932011458 -0.475800271802167 0.0822834531674879 0.495760106057528 0.364826812421265 0.29386678996082 0.0521824617182662 0.403233762042438
6.95146395739443 42.5987802374455 28.4478731019964 -0.729209797987218 -0.525712154399103 0.438040867084863 -0.678909472973008 0.475698181431538 -0.55927915005857 -0.190152984350378 -0.307868502402132 -0.00209571301660921 0.698682364822251 0.415536916631284 0.411030658729528
6.49493603848525 42.5686059978136 28.0462773173876 -0.416856882248136 -0.275340430757979 0.866266695026643 -0.87166609136175 0.391315844322432 -0.295076490341653 -0.23448403743056 0.270625907215045 0.245365978156592 0.791106785782115 0.70886689597787 -0.743181002388226
