t = 170552
b = 30 30 30
E = -0.62145984018877 -0.912759558825304 0.291299718636534
15.8914346422695 11.0024673686624 31.6679522977258 -0.557467191423858 -0.809785814474941 0.182967934789617 0.741669197899791 -0.584804415924748 -0.328527922712261 0.337977788783508 0.0431466121675374 0.308522692816459 -0.247533041110053 -0.0804018775491202 -0.399508170170675
15.1332848188104 11.4696751545126 30.9823294016443 -0.873653357147873 0.449592898559078 -0.186000099756636 -0.485676136100493 -0.828733539352638 0.278063682588262 0.169906625706918 -0.0135076624788838 -0.136052923026544 0.257919791782797 -0.314104796534001 0.305145464663104
14.7187301983373 11.1413351671066 31.2307369344193 -0.551610505391651 0.738312060722077 -0.38809940908732 -0.816582064635543 -0.572870796882662 0.0708010013673488 -0.358826185043057 -0.251818222716131 0.0475899998888076 -0.202728628968252 0.235053601469235 -0.407834742405521
14.2690396184368 11.2271846653048 31.5700705713278 -0.440152441786476 0.396265321089905 -0.805754071222062 -0.861577525728184 -0.439105419302408 0.254697070849646 -0.299107529328834 0.0566772149017692 -0.0589490335114941 0.536198297445644 0.185220724884379 -0.400282128832467
13.749262278814 11.2628739665109 31.7260415197164 -0.131823997120534 -0.269914353235573 -0.95381794683293 -0.834461727543184 -0.489165303052924 0.253753682839897 0.0106678254577753 0.265721015691836 0.272905444379215 0.191826075712699 0.253251899809235 0.0467535085339821
13.1568998841284 11.2244051947476 31.7588986312881 0.24080210520237 -0.460098385899743 -0.854589855674968 -0.919303450392767 -0.390513352810827 -0.0487902384950455 0.400011554663204 -0.101562995626638 -0.322556377034889 -0.0889639197759223 0.177119946215992 -0.448443666431567
12.7469452993305 11.1434409289354 31.536723692432 0.365200837221764 -0.925664804442589 -0.0988585773153669 -0.930624462537313 -0.360302132520617 -0.0641909886839187 -0.309459499145188 -0.428315686845685 -0.154818543171809 0.0064026109126808 -0.103756276005602 -0.247435245081789
11.7533945679361 12.0155135315936 31.5749042823446 -0.624292530495278 0.63387846848597 0.456570830822227 0.736620334301627 0.672257746841093 0.073891846001693 -0.286569408124858 -0.156502923613287 -0.164059201662212 0.501231198640894 -0.0468776687647148 0.166359112524103
12.7790044375247 10.1965451034831 31.2427741592758 -0.2606594467394 0.609578868494405 -0.748645614366738 0.918920683356262 0.394440460243287 0.00122516248657388 -0.764461416153326 0.146068196851355 -0.209293490978639 -0.0366886990836295 0.389008257176306 0.611105228198444
13.2262040665394 10.387475470381 31.1116957156719 -0.625510119706719 0.743783065618772 -0.235634974999961 0.778035995124251 0.617196351925112 -0.117169336694233 0.544457873401155 0.477339084105893 -0.457107873644938 -0.053511913411537 0.137815997284515 0.343313746019143
13.5040536196435 10.7188108167236 30.7879896062146 -0.496953928662505 0.65746439668794 0.566372103722187 0.772369631364364 0.632638799745393 -0.0566859912394821 0.0960507976500766 -0.523091702482323 0.74266941852927 0.278457504827592 -0.271855246207724 0.462409654972515
13.6087207253646 11.1327975375306 30.5856320664511 0.0533076307758459 0.180005873488629 0.982220027290562 0.855797321376202 0.498613458982318 -0.137824392786649 0.17699559849128 -0.036481394698967 -0.0504502330219085 0.656596067541136 0.452959648569424 -0.00358562637305042
13.7571806053324 11.6429978147805 30.554559976524 0.477173732184924 -0.366029566542194 0.798954057333462 0.742566478306012 0.654152061021338 -0.143805793894882 -0.18743759502177 0.184646726241416 -0.0408512583097398 0.0302211293420593 -0.459160356385911 -0.465244512744192
13.9872526437886 12.0356184861644 30.7071937032595 0.74511248557801 -0.655221281605557 0.124468694726576 0.666897625127443 0.73405043853726 -0.12813083657969 0.0667419764897163 0.0681361669970194 -0.227747913352736 0.213736096501248 -0.707756507500465 0.212801179487605
14.3315059460634 12.3152997808367 30.8827492307198 0.679466637656928 -0.568861194502506 -0.463381084745977 0.68209015267548 0.722441953405644 0.113272448470863 -0.134100044437454 0.26304820254172 -0.537950039452629 0.197399766599003 0.131836684335338 -0.0918098603122691
14.7755652905496 12.9168327952502 31.1272527766376 -0.230610870736239 -0.50706280040834 0.830485365759293 -0.0686748450551489 -0.842880470324981 -0.533700551247049 0.172257252192283 -0.530637671550021 -0.0344916258829226 -0.311033639918318 0.0376913682702834 -0.255317581686888
