t = 719562
b = 30 30 30
E = -0.886869550524254 -1.28438718509646 0.397517634572201
21.0989153518164 -3.23393869343963 23.4702471327045 -0.516280422102423 -0.0477208064018915 0.855089030680488 0.704738535336411 0.54364619796213 0.455842525718291 0.860000589847388 -0.531994109866569 -1.02545521429218 0.0251544254324602 -0.289187919652735 -0.369711004731067
21.3773910115936 -2.75981124960726 23.7413918369239 -0.265445654300723 -0.665347315923515 0.697747485703991 0.691605385076091 0.372820151910762 0.618617107476831 0.142330698181279 -0.0976593854060343 0.104600045766003 0.493573883727643 -0.329207889282542 -0.493128156797831
21.4796470455458 -2.59095731383271 24.2103893686077 0.174330221089871 -0.97100079208449 0.163604510286388 0.596591075289133 0.236335195837675 0.766958124080916 -0.0593928966219671 0.60241938111505 0.0690744028720458 0.410456645278305 -0.446979529930327 0.232706277461399
21.5966318161538 -2.51586954917182 24.8266369738383 0.336306919097613 -0.933425200044603 -0.124960202019511 0.565832356659974 0.0942077134848563 0.819120657093055 -0.219570943730579 -0.279118135587422 -0.100939698910643 0.343455179137206 -0.364335536506668 0.109118688658024
21.7171878383075 -2.6552492429173 25.3184665963649 0.693393577012355 -0.488170151618757 -0.529995519251365 0.611434563208101 0.00944729153645652 0.791238600927138 0.485971693033134 -0.0912131060956126 0.298718443420952 -0.326964676831004 -0.0982583399399648 0.0859944323847186
22.0146630593579 -2.79344442576243 25.7214499420324 0.75886634154132 -0.0214754926210452 -0.650892217569388 0.645750780090894 -0.104754380084593 0.756328268587863 -0.167334791502708 -0.13306919199701 -0.50377177232095 0.158300910327757 1.04715965438472 0.323301070191418
22.3043186496932 -3.05384052448973 26.0444799306454 0.655756803193625 0.441750896134091 -0.612241096978939 0.729691241905848 -0.162749677917515 0.664125917144952 -0.235934007920518 0.273224377478264 0.0812763250419447 -0.0372147226221281 0.0575182491541975 0.165719313687358
22.6851664435912 -3.39706230031325 26.1874817400643 0.395250786067029 0.838342147213961 -0.375445415897043 0.80102003579285 -0.114509621432684 0.587583567552534 0.187393117595551 0.0699280125242523 0.259453750886255 0.426012051686088 -0.280561866130808 -0.147232996262536
23.1877634612762 -2.33347992658088 25.6517173278315 -0.164273721771085 -0.920074547458567 0.355636009783019 -0.643591057648592 -0.173249762371753 -0.745503232959401 -0.0193549833179956 0.508936698251136 -0.294955753337461 0.190766239939057 -0.194693742717578 0.525007522873098
23.0672443280797 -2.56301347131541 25.2213159731838 -0.598288343394265 -0.369751375889966 0.710869170935146 -0.7092239251204 -0.168504078526089 -0.684549340483851 0.295935206067493 -0.0745379467705686 -0.180110850556327 0.232792211579462 -0.216287537889418 -0.438188372253423
22.8634542640208 -2.89763090917179 24.9155817426878 -0.699184522536177 0.0856793498309716 0.709788737906139 -0.678186296936189 -0.393709146653984 -0.620529172955611 0.18836855797641 -0.228457551037009 0.104830886305459 0.36726431720614 -0.125689171790696 -0.116660631417804
22.5330367728456 -3.31741247032488 24.7609940475608 -0.671987005248841 0.538317311045078 0.508574416782724 -0.70633344340909 -0.259520370630317 -0.658591105276823 0.511172929942601 0.1894744900715 0.491987957034074 0.465512002170556 -0.0291342109008575 0.0237059540087707
22.0590066546357 -3.63572852619088 24.6390372077336 -0.41097830107609 0.893604438408921 0.180465907307925 -0.763759890743117 -0.229411513851022 -0.603358257260687 -0.152145408718335 -0.280221678783642 0.282363555424841 0.248655335909561 0.00647622221607077 -0.264399943144097
21.601583223636 -3.63339716671361 24.6804912823057 -0.0346236366013446 0.876917055764639 -0.479393034052014 -0.931658756945166 -0.201916497750627 -0.302062391805929 -0.162185394726728 0.838768588588331 0.373550338615653 0.469169850844309 -0.203990048451313 0.450246095770307
21.1047563921285 -3.46564454868036 24.6252220073744 0.226796965006996 0.290270440783229 -0.929680702107529 -0.858772535253582 -0.390680382597897 -0.331479367905925 -0.221690150370934 -0.698093461191081 0.575773478247814 0.117549647685224 0.403282519800498 0.261004037205152
20.6792396304659 -3.27549756372038 24.5003640595863 0.439196468582954 -0.141638036086719 -0.887155639511893 -0.898190490521132 -0.0900914431533537 -0.430275928455168 -0.156048889065476 -0.120472395945865 0.747065432904785 0.229586570728354 0.60007626710116 -0.388411990171138
