t = 206111
b = 30 30 30
E = -0.915791350269806 -1.22783831960357 0.312046969333764
-13.3918882641035 23.379179639457 9.55276565644304 -0.724089096458329 -0.608325359474118 0.32501574948125 0.238028734255931 0.221876261481907 0.945575616362512 -0.227086991794327 0.0231292614636682 -0.386326868292248 0.108366570140475 -0.233902265441111 -0.270234154940533
-13.3892232883965 23.460410447993 10.0995590414179 -0.478402810979788 -0.869108493556583 0.125623154213198 0.1655578348002 0.0512237576758398 0.98486888974415 -0.193210383380556 0.621968974433778 -0.0534368462616809 0.472682297538876 -0.166989198017312 -0.0329524641334058
-13.5669232416968 23.4450315555263 10.6527726615578 0.077640649925931 -0.963951606582549 -0.2544979953673 0.000494101668326905 -0.255231311669327 0.966879896061078 0.00466319453353414 0.201984520087835 0.31646487414462 0.684424134851116 0.504836443615445 0.526101658142109
-13.8945716170863 23.2851233158578 10.9927311553811 0.76110793736458 -0.639965970919385 -0.10563268313302 0.00911600196670972 -0.152286110714775 0.988294409066191 -0.361778072317389 -0.0199274198465143 -0.774818204061598 -0.0162603277445627 0.2083832002508 0.322643911125857
-13.8934872317355 22.9285860979843 11.4265609905302 0.968019056308602 0.154932916851955 -0.197319279086351 0.207995338447118 -0.0558601396791424 0.976533452565388 -0.269164438094649 -0.473011396069194 -0.145042695559081 0.18397549087387 0.920167993884574 0.118886861289806
-13.6791390958681 22.6803435751925 11.9027931021214 0.819861104473363 0.398408390297244 -0.411215909118887 0.445568578296267 0.00708884227311271 0.895219744169146 -0.226743650548534 0.00388956742789904 0.151916994456537 -0.0885822356212637 0.211052063558978 0.20333979233604
-13.245387470315 22.579584383473 12.3148622497466 0.299241415662684 0.835570452453658 -0.460734841463704 0.482632126824171 0.283992677580925 0.828501291029506 0.140966427650852 0.601143919551053 0.0729865958736568 -0.140202635377553 0.132567922327122 -0.0117362269639903
-12.7801833213326 22.6091518509401 12.5436205536429 -0.314964563429242 0.947047236316196 -0.0624408197390491 0.415854802611126 0.196842370745035 0.887872662167684 0.70706914242049 0.640063639122904 -0.446031957468777 -0.273291013241654 -0.555346428886613 -0.165752338437005
-12.812178744755 23.9230355774904 12.2572679905821 -0.0986024825430691 -0.98105685115495 0.166748329042071 -0.645160543452609 -0.0645564544150996 -0.76131487399449 0.0324141528324891 -0.00595444684499007 -0.250800418108556 0.440049849623977 0.26872056880935 0.329457316726255
-12.9399492895736 23.6003215182693 11.8397131955219 -0.221686685766912 -0.927282600015772 0.301665366029415 -0.0630601822118544 -0.295082339292122 -0.953388602017699 0.513104275779295 -0.651011259696209 -0.113099196243038 0.152433587655614 -0.153542488919669 0.344961857128467
-12.7147642456871 23.2639343557628 11.4474386777869 -0.779628479676825 -0.496603046030755 0.381529616608963 -0.180816527884599 -0.404783907447285 -0.896356721130321 0.336464722329783 0.199972972615194 -0.206813370452797 -0.0578349706644342 -0.120425597218529 0.0982628139177685
-12.7673978764124 22.7764592087273 11.1190402537488 -0.93848808832805 0.155679266120191 0.30822730924861 -0.338659214253087 -0.240590211159937 -0.909629752644172 -0.489809498472108 -0.0809018698861084 0.0410885907539772 -0.450469513750804 -0.0626962010688363 -0.0811816216877912
-13.0471853315718 22.4254798633588 10.8559556821682 -0.60646706270212 0.788718293823236 0.100603950449457 -0.460861245172838 -0.245589129305714 -0.852814688114953 0.106807799409932 -0.190313423839164 0.128500492673528 -0.0578768005433528 -0.55283715674214 0.290737453813894
-13.4452889263183 22.2494249544419 10.5535077311479 -0.0822385761791175 0.995844575749642 -0.0391202957306017 -0.400471936903552 -0.068965428630216 -0.913710018226014 0.0175290733749289 -0.212756046103384 0.386315842511812 0.125645755336718 0.16946021294158 -0.436418832515028
-13.9335958769721 22.3686141279774 10.1406134833942 0.491600538581685 0.866584458190398 -0.0857921167069541 -0.547559668391365 0.231001595131446 -0.804249135901233 -0.365683913589122 -0.216739386459486 -0.00955880820692908 0.0244171937234603 0.000603729505473737 0.344823786491874
-14.3744647636983 22.7587664558713 9.85968200692472 0.833651070106011 0.513206602340208 -0.204070763769723 -0.386637431182443 0.278452493411827 -0.879190369443016 0.095481032858998 -0.532330357339685 -0.120963361916263 0.0757337380260924 -0.362786339616422 -0.0143239644394371
