t = 5509
b = 30 30 30
E = -0.941510489791811 -1.3852951979968 0.44378470820499
17.1900356944848 15.9590339222392 20.464194390632 -0.177851793949281 -0.622770928421396 0.76192198426228 -0.801903941916279 -0.357049658824659 -0.479025687278174 0.422580406293235 0.394030677162101 -0.159952843438108 0.0987461469995585 -0.032427939492183 0.383794682472577
16.9151520525215 15.5570724685865 20.2091046974586 -0.401617404349107 0.116313601761108 0.908391218897033 -0.873870765816601 -0.345394136865528 -0.342129763203998 -1.33710266821267 -0.0611370513958292 0.54575446329731 0.542504357057096 -0.429855724966441 -0.609766843809815
16.5530465233768 15.231585890318 20.0937247220564 -0.378033488442137 0.576359180345514 0.724500363593911 -0.915980285007219 -0.346485502451286 -0.202306485484706 0.476620273687442 -0.0853366454534381 0.0177268393377859 0.306642791593863 -0.0397898164535336 0.176432640839672
16.2076744575528 14.9042365562884 20.3608729931715 -0.436513277217575 0.873678054960278 0.214808787282072 -0.899135254847766 -0.432065894190631 -0.0698201730668705 -0.106818650471566 -0.661179111301107 0.270689270737762 -0.195774636180351 0.816070212477879 0.2606199459722
15.7972002094421 14.7275292339862 20.5485122068076 -0.330159333819919 0.92007500844269 -0.210847796125025 -0.936204993401306 -0.34769545107628 -0.0512648381576038 -0.422669216610394 0.0393998684949606 -0.263235540827548 -0.281170796222558 -0.130440733432722 0.106233896148078
15.3841960799085 14.6728532182193 20.7715299858382 -0.127246357549854 0.534994933845334 -0.835217807071978 -0.948412557229181 -0.31215113899567 -0.0554552766986046 -0.397610368041491 -0.464299312555673 0.158123585759023 0.0578627328480718 0.484440076801812 0.993829828523058
14.9398683291439 14.8446112713207 20.7986213894598 0.0133327465869728 -0.12167818999671 -0.992480053173649 -0.992161208957042 -0.124948686648361 0.00199026273129938 0.629284024384176 0.210843217704728 0.213828402968788 0.0966823954904838 0.368301921550079 -0.49459789172489
14.4704741311452 15.0682651691177 20.6512848733456 0.100540782236212 -0.769637224904413 -0.630515735845473 -0.975420128957404 -0.201142311092018 0.0899852360850486 -0.117091973699274 0.480684319569952 -0.473355536102131 0.195047561498093 0.0867163982871014 0.0930399310318426
14.7540837892049 14.4780868500061 19.7083642158381 -0.450540018664523 0.469379075362937 0.759405672347265 0.786661571043261 0.610920011071221 0.0891084323534271 -0.190253833437212 -0.36579844118472 0.418869094854911 -0.141748738410312 0.457120877444364 -0.0916438281592507
14.9556894856843 14.8629780947226 19.6662037370173 -0.0240518268836052 -0.163469691611931 0.986255123965325 0.778500306839914 0.615858060348596 0.121062470459774 -0.535715774433978 -0.0468376951919409 0.019797709200959 0.266709295919062 -0.265921767421367 -0.185677450804888
15.1419954241601 15.3705681390325 19.8290957542925 0.286914180529562 -0.670158588313295 0.684520065097431 0.757225188982788 0.596338942383759 0.266439259431855 -0.0549872019952205 0.38794320662114 0.279800581285558 -0.180481099126981 0.491121242232865 0.168720521573377
15.3620794626869 15.7573543727153 20.2040709762665 0.410029590492954 -0.867471346364905 0.281725394943445 0.825565429544561 0.484293069167363 0.289658324060185 -0.741852306650522 0.840643174506822 -0.227197958528976 0.239685726440539 0.292653613274659 -0.582276872382573
15.6623124212515 15.9348680330597 20.5485560159127 0.516025263550171 -0.841054235506063 -0.162313586354608 0.831316210005588 0.446059891930431 0.331577942259365 -0.127224967776908 -0.198996403848957 0.213550688455389 0.0866047269202396 0.100053520335732 -0.0508235746356697
16.0326645471684 15.853600053433 21.0060661719042 0.493010243312421 -0.557084205290386 -0.668279947480853 0.868256993453331 0.266114939043356 0.418703513882238 0.101770348998312 -0.211186891717674 0.265528244520268 -0.0635685660419269 -4.71875437096372e-05 -0.254734206651106
16.3966872721737 15.6258400342112 21.2947254258169 0.440610652613508 0.0501541968160565 -0.896296161625853 0.875104357852376 0.198598580834851 0.441305978384806 0.0392383690312445 -0.202980833759125 -0.425766477249692 -0.668659083137791 -0.767301967760315 0.0351918592723969
16.9392235269614 15.4442133487763 21.419469495482 0.0162536812399389 0.497042553625639 -0.867573926378296 0.852667274913747 0.446277741947521 0.271651790594831 0.264872217178797 0.138640793955764 -0.727794047508998 -0.216764355947462 0.301403949943765 0.00775561610593789
