t = 907340
b = 30 30 30
E = -0.924976540105058 -1.25815131837775 0.333174778272687
-19.2594179126091 19.0457818021949 37.3433580740585 0.0560013168936151 0.103275165071682 0.993075069058526 -0.996206239625113 -0.0605777672969583 0.0624776939498873 0.449930817179472 0.236876234778868 0.679190217820553 -0.0230475815461788 0.217045288245495 0.0571986489976898
-19.613906144513 18.7890109866698 37.6799352252626 -0.0293017234612245 0.82019566737694 0.571332194277816 -0.961530572005935 -0.179310910419385 0.208102274140639 0.717664981642987 0.198776471172845 0.467884655131249 -0.445254302807887 -0.381866703822533 0.0256924772227623
-19.9609080408253 18.6443123653357 38.1413897564863 -0.0320474114370606 0.998805732066767 -0.0368791677072502 -0.949962819106592 -0.0189680737071272 0.311786552780715 0.418495220253315 -0.325992592297527 -0.614350133634618 0.615431607742577 -0.67888547850624 -0.010390430782003
-20.4030849879579 18.7899888337594 38.4834452086855 0.077689840611853 0.651989808959172 -0.754237083203336 -0.971589216748333 0.219153221652947 0.0893658734500929 -0.0284516532675641 -0.0430563241512074 -0.146017106801697 0.122284627160247 0.283410989129123 -0.222769113338232
-20.7398483287549 19.14894040449 38.6704088211143 -0.160846417435253 0.0534981740131456 -0.985528475172331 -0.888415820728971 0.427120552461807 0.168182529244794 0.042994872959958 -0.109376788208276 -0.012208892676212 0.341406004690106 0.0656287312582847 0.243171447874666
-21.1043336465718 19.6131914572973 38.6606380286443 -0.169383262131997 -0.415742903000324 -0.893569890447522 -0.932684520851467 0.360580047405193 0.00903404545733976 0.171442729132671 0.460672524331847 -0.0307262556142594 -0.515794793357235 0.183265574073605 -1.0057549001242
-21.6293555538581 20.0410997494082 38.4966677310876 0.00657260875170539 -0.775702840111137 -0.631064105030341 -0.957738613320393 0.176596564378333 -0.227047136086128 -0.230036630538814 0.116914201313609 -0.333635025434498 -0.768482317313548 0.801281524355787 -0.18834247600993
-21.9741506707815 20.2120070878465 38.1384535985489 -0.0993555742976222 -0.98518687778654 0.139768686382888 -0.992029701129492 0.087132339657742 -0.0910221262259622 0.0277436667967695 -0.328000643841647 -0.530750781763033 -0.0993883954782092 0.324940258787349 0.0528290526630798
-22.1008203453229 18.9599392201182 38.076783220691 0.115274800712097 0.97861152328772 -0.170385465369742 0.989164942483458 -0.12878788654707 -0.0704726673287288 0.0958143190503261 -0.0513378426108377 0.330324133969097 0.244514990764299 -0.180381486740568 0.194588333363431
-21.669333084121 19.0460916976815 37.7649196814743 0.0125027474145699 0.836812546441873 0.547346730532427 0.989264962962441 -0.0900563130025624 0.115085592248907 -0.134822305185232 0.17186964005253 -0.122347617264733 0.48566957669928 -0.0650525686867607 0.00925150015303399
-21.2561698437542 19.1625493958054 37.573764974835 0.120172057913207 0.332981305217874 0.935244420925522 0.992356529027938 -0.0136663938697734 -0.122644808182875 -0.172197517907817 -0.318333881955431 0.2447227786726 0.377000062881498 -0.323629884853633 0.297658276415638
-20.7663119688676 19.400293948894 37.4950733828098 0.0143836038584771 -0.184928203905719 0.982646768345703 0.994225301400498 0.107165867340421 0.00561488488394281 0.170183874130375 -0.31211574283777 0.194075102993867 0.211863407297581 -0.02432052246224 -0.23710532714578
-20.3888532967228 19.6485211133553 37.6718537175018 0.0626072949059829 -0.823708653133741 0.563546254869231 0.987321147938328 0.133643144031035 0.0856531428918278 -0.268300072355944 -0.134709039124588 -0.161811650692232 0.212760669998943 0.00733010028164271 -0.538148207995929
-20.0300671123327 19.8663501750187 37.9454640090872 0.0947728368003201 -0.993780179696442 0.0584727615845724 0.995488290953413 0.0948796886519329 -0.000952499857974439 0.272306928830273 0.0719330998056901 -0.17108798173844 0.590098572074029 -0.413512423475341 0.329118904807601
-19.4568768717373 19.7697277054067 38.2164384626616 -0.22496573595425 -0.882852043439188 -0.412265311470474 0.973172051423755 -0.182641059864408 -0.139922841520956 -0.201759202479559 0.0510452013382966 -0.103147365347591 0.0608850526439809 -0.469579806112282 -0.145669830650269
-18.9836388645407 19.5176486268584 38.4280299773084 -0.227094855117528 -0.383008721669899 -0.89539502226891 0.925726139030511 -0.370408893765219 -0.076343741952304 -0.259448976844544 -0.329653680298725 -0.375827646144921 -0.49396323331081 0.0828217585496198 0.0475146889856785
