t = 71805
b = 30 30 30
E = -0.627904474431262 -0.956891975638639 0.328987501207377
17.729169124436 13.6651263446006 24.8832053601021 0.989211947953495 -0.13164837405466 0.0642528414532598 0.0169293766727815 -0.332937229796353 -0.942797007431092 -0.0436184985722853 0.12040715760272 -0.0483098326710577 -0.164073492920711 1.06837877205215 0.105080514193587
17.8566361795411 13.7823680055576 24.4426607443046 0.49666381667103 -0.810646950874944 0.310123482256578 -0.264283823486061 -0.481589510615367 -0.835598949202807 -0.198958696740392 0.602103251833835 -0.0819983805680482 -0.338564396252137 -0.60487605291493 -0.155447486812252
17.9671316889502 13.6254165957355 23.924209837603 0.0974494427131114 -0.758627959237356 0.644195021385806 -0.00845631997324762 -0.647883531454323 -0.761692470963681 0.503990488740337 -0.448472434129359 -0.318128915410989 -0.216436815326226 0.31245755996736 0.184651115543252
18.1897838123329 13.3353394453039 23.6669449683778 -0.49930292614397 -0.63800107924828 0.586217716230159 0.335625379940202 -0.766188899913101 -0.548005633173558 0.149000614196608 0.149009835738003 0.329878619811641 0.256398803593688 0.0137910004673531 -0.399319046849508
18.5304846982635 12.836986112857 23.5860181113451 -0.931470463326803 -0.322027983806195 0.169294871734239 0.185195139426775 -0.820218875682353 -0.541242788688294 0.0525291120530506 -0.00293342913243224 0.33030771845922 0.326350504800738 -0.129859735896599 0.211839064025524
18.7005813030716 12.4283243489458 23.6420530228483 -0.751744436286844 0.0670729947670147 -0.656034691068069 0.34480282348182 -0.808019826552197 -0.477718507928586 -0.128866678217218 0.101778280515696 -0.400937306851098 0.149527850645596 -0.517130092967265 0.128442149738302
18.5769135745766 11.8906155444099 23.5000773208618 -0.41145169275867 0.545627367963752 -0.730067311865813 0.317819721221281 -0.664843511084803 -0.675998321426383 -0.345934408058499 0.0351256949901859 0.228103776661541 0.371804693379007 0.379584338961209 0.0692924589352815
19.6212900219808 11.3497950141252 24.0708366900996 0.900445666655258 -0.357548327351649 0.247703037950358 0.434888687902361 0.729130087943634 -0.528432724185271 -0.0630293413634576 -0.166864546176962 -0.305920411722021 -0.440404003032601 -0.500727533486657 -0.0267426126007277
17.9574459956255 12.043931018033 22.5341256462108 0.0546676998233374 -0.841398370739064 0.537643212840702 -0.119939551820458 0.529016325716852 0.840092989516122 -0.0671602863206374 -0.0239925607517551 0.378585004059956 -0.370860357566026 0.389481498593578 0.122627419614607
17.6459203562425 12.1601159261149 22.7966529595851 0.757032879046433 -0.306321356307204 0.57712082505554 -0.269217174215644 0.658582823205274 0.702702481912784 0.181105261168586 0.294285386847333 -0.32802138946502 0.279064036283462 -0.0129645588937051 0.164045734580238
17.5503152148044 12.4189280944602 23.2554723930109 0.968176705324838 -0.140823707630756 0.206887773045012 -0.127982252734015 0.431805255826867 0.892840839133954 -0.134524991159349 0.168223448134919 -0.163406634521485 0.545831558235326 -0.0357143443361962 -0.376758979541502
17.4400586855551 12.3712852056157 23.7821435971918 0.843839917269049 0.473688275786719 -0.252098416110789 0.0116468926318194 0.453532167102295 0.891163802729629 0.70802177665789 -0.574889808646975 0.21996417040109 -0.15351302022195 -0.244326163006775 0.351060708042034
17.6203079307561 12.4959914838303 24.2119306250042 0.468838536556273 0.794592311785754 -0.38576350875992 0.122141110021453 0.374220616937981 0.91926083300732 -0.289983195389292 -0.0546692979900165 0.0629811000442259 0.0957063793090049 -0.179176471659692 0.464652274748709
17.9295989516005 12.5993377708645 24.6078773959082 -0.362425208614937 0.873282535976895 -0.325615694520707 0.0141632519481234 0.354488407110639 0.93495313867509 0.479224465788477 -0.640692862651171 -0.421092801515658 0.217468183578706 -0.305425843660438 0.478705471499665
18.2697282591574 12.8746103511619 24.8401355088911 -0.864999926053553 0.448816144862264 0.224363981151808 0.432302716898235 0.439590508212435 0.787321120034199 0.120450453360669 -0.361951859147638 0.27845564418479 -0.38023160150645 -0.671522498933236 -0.265627281096038
18.5220614561686 13.2818915973544 25.0866997583818 -0.899981732122065 -0.292674538770856 0.32307041988066 0.192757004610092 0.397544922446116 0.897108004540743 -0.559910208268615 0.173703679970474 0.213765623078199 -0.366420135656532 -0.0901403756062029 -0.394460763385485
