t = 113171
b = 30 30 30
E = -0.961747024037378 -1.33744304251209 0.375696018474714
11.4949969575871 8.38990015022455 30.8302903255329 -0.997667899946604 0.0607096736783441 0.0311945017271711 -0.00397392219638506 -0.50791731271453 0.861396663208761 -0.272162343357444 0.220769364947497 -0.0751544401102621 0.0802790231202924 -0.124804056728542 0.470909249619768
11.3773479311695 8.46840860814785 31.3595342958206 -0.859752527225355 -0.398611179013813 -0.319272172127199 -0.100791202236229 -0.480424343795238 0.871225334480509 -0.287544518368155 0.150946006901122 0.0268676383967497 0.166686065282873 -0.317739508307244 0.110433318837129
11.0946983262238 8.62669806016849 31.7508208833519 -0.336830240874455 -0.850760034235036 -0.403426267093293 -0.126759358070801 -0.383589872759116 0.914762742276982 -0.534969209794209 -0.327555964782934 0.246473427587918 0.456433534510551 -0.370724154787044 -0.632208338431817
10.8079482004648 8.45842258569378 32.1561121678121 0.252963629980039 -0.839794573891085 -0.480369103471979 -0.287037177205812 -0.539308376208006 0.791679312760945 -0.0646838736316096 0.0970896202681712 -0.0734308154560813 -0.376310489329299 0.346878402603638 0.12748896310739
10.4110136222016 7.99920955818335 32.4326594895452 0.669180480460635 -0.518452485658694 -0.532357497068287 -0.0993620805138745 -0.772395624105437 0.627321430224351 0.053279524599579 0.0830328057675786 -0.00217808377814906 -0.0189248437452702 0.0508420826828423 -0.399603396949861
10.3484035505976 7.4886722176634 32.5890210174393 0.930480526236514 -0.085398108171412 -0.356248724089483 0.119590480840786 -0.848367852360721 0.515722894559791 0.0663388608256973 -0.967458284119832 -0.0964274133385053 0.630469737622237 -0.306111631241645 0.926620285355674
10.5169297082829 6.98562597671548 32.5061744403853 0.904927859640981 0.363670694505513 0.221018539501728 0.293838954540703 -0.90962998297605 0.293652793048911 -0.0430229147772179 -0.112350358869925 0.15714466322288 0.314864994467734 0.450037216499574 0.112796049895085
10.7266884250035 6.6202880820649 32.2731611460234 0.392967168466787 0.281450781534442 0.875421191245009 0.183311245179252 -0.956876796420314 0.225352576784088 0.468029317834399 0.135168006024035 0.780378915564159 -0.10497146952669 0.400787592504381 -0.451957668661819
11.374507178046 7.18609836873917 33.2228338047347 -0.290863251733605 -0.614923976058979 -0.732985042452295 -0.285341519718883 0.786996703699147 -0.547006769145663 -0.180245606475573 -0.23236289901989 0.629766029818399 0.180670332437071 -0.606699188505681 -0.144344060252762
11.5580170364844 7.40672642935561 32.823733404994 -0.895135264174197 -0.379246962085816 -0.234317307471022 -0.169464391805156 0.77563917640409 -0.608001388104728 0.250018921597978 -0.191615712823654 -0.0111981888328579 0.0767756005855779 -1.14932647958752 -0.120806146183402
11.5148882915253 7.4808420673311 32.3984564374265 -0.994914052057648 0.0113133480902066 0.10009014523523 -0.0811321250742676 0.498891665734881 -0.862858438065712 -0.434498614612848 0.0508739989414083 0.416791520529191 0.144252224426262 0.309779727510744 0.200743771444559
11.3223321021543 7.41281838939561 31.9323199936134 -0.810541934531026 0.480992880736967 0.334167055598073 -0.21622252645537 0.284505948210398 -0.933972261090314 -0.420468915235669 -0.509701720777934 -0.111363462149565 -0.0199032887951891 0.161521260559695 0.224352872806607
10.9334817898557 7.4670266334725 31.51904886323 -0.116715075596378 0.831361653692761 0.543337272693271 -0.354764882962332 0.476084123442687 -0.804665014290123 -0.266359293709031 0.293104606218592 0.114880124862385 -0.313729329666091 -0.374641176416234 -0.410084990231463
10.4923123755138 7.67030243460761 31.208880364543 0.467539770656981 0.734506227453777 0.491840588692762 -0.150308149990096 0.614352985407849 -0.774582383847591 0.131552990741401 -0.723920059009555 -0.359040364227648 -0.281098365956564 -0.18276676486974 -0.311399124346155
10.2808755680074 8.11266596562458 30.9405202843892 0.876837166337392 0.260679791812972 0.403983452470208 0.144083373455714 0.659161486509718 -0.738069181171995 0.0468554338873551 0.251959353454334 0.174748753266112 -0.0358898510374221 0.403934023463879 0.39005302217455
10.2802010246207 8.56359863539842 30.8148884683585 0.978271243010408 -0.206502334256912 0.0184975956628189 0.166506042317113 0.72935621742857 -0.663562541114397 -0.176845115641713 0.455502878195903 -0.332995352095054 -0.331002856066693 -0.367934942871287 0.0300371261311676
