t = 2102
b = 30 30 30
E = -0.915711828769824 -1.29782674110448 0.382114912334652
4.94986789561229 18.2494956553717 15.9282218166323 -0.430150325991664 -0.75151057634849 -0.500202509675451 0.72115835109208 0.0472539675146933 -0.691156780480573 0.0630402795120317 -0.149470210271746 -0.403112828843191 -0.27527784225295 -0.533375245507166 -0.288944980453313
5.37963862546476 17.9889001433305 15.7921251988558 -0.663979467051438 -0.174683078907707 -0.727060581573102 0.74486420792169 -0.0691603528752631 -0.663621998842232 -0.0416652081296218 0.53386173653165 0.639617100243855 -0.531404610682924 -0.175679648090204 -0.0361763210503293
5.61924950022114 17.5903314676707 15.562809951012 -0.522694879919921 0.47404412603731 -0.708570553350206 0.78390865957199 -0.0594245654722051 -0.618025836406933 0.224049861933584 -0.712046162229827 0.19009647197465 0.00419500797373089 -0.268599911573833 0.0216187737621249
5.88750790935872 17.3653280375019 15.072880199692 -0.505898620881247 0.802594422663164 -0.316083498620912 0.615432468454895 0.079080833518852 -0.784212406521016 0.108339304737593 -0.410891992684804 -0.499706270541174 0.0920472810411037 0.804189846260925 -0.636232714558135
5.90329680732843 17.3160821436822 14.5758338155054 0.0109849001303256 0.995277057504679 0.0964515980891815 0.549100924872785 0.0746087153552486 -0.832419193613947 -0.342502413706706 -0.178823575504027 0.127484735201497 -0.0909810357489766 0.525723425315885 -0.0192800431659591
5.81050933161688 17.5079507485379 14.1710143752351 0.71654254411404 0.6087283761897 0.340612017544947 0.336776952948189 0.125718483013878 -0.933153871015722 0.175066326329924 -0.309310555556767 0.0536083713130286 0.29461473784119 0.139755138094809 0.367411228241649
5.87762427585227 17.8674605423857 13.8672634331566 0.865001168289099 -0.462547277587998 0.194481348345865 0.274032288564591 0.110792648335831 -0.955317378622825 0.298278281481278 0.536071954145221 0.184676295274822 0.756209470854827 -0.319948006781946 -0.216603725457326
6.28928126506298 17.9526275169677 13.4762335965356 0.432158564641442 -0.888769820889572 0.152732381906943 0.406828121176931 0.0409926741019244 -0.912584505944315 0.441114450207809 0.215050519471259 0.393715020318194 -0.13028416983386 0.15894804564056 -0.0223476871782985
6.83862644847197 17.7311803064776 13.9410673444303 -0.575678203870152 0.679044437046664 -0.455514278705749 -0.390091280197075 0.261523830234876 0.882855639010982 -0.494085524666757 -0.371891513387584 0.348589997610603 -0.0240262901095715 0.559232200884483 -0.0981000880448457
6.73668367513105 18.1051950450194 14.3324843622391 -0.843207532222073 -0.00727958410794378 -0.537538896508122 -0.537586139178131 0.0141771563501529 0.843089646005319 -0.0913828616395519 0.571540956823354 -0.12440770713887 0.164370207460941 -0.0711734442452475 0.199535609195099
6.36356662577747 18.4693207265073 14.5062028359682 -0.563061447693947 -0.748271906608166 -0.350786202553307 -0.607325534175026 0.0867954322073398 0.789697567735238 -0.133861961015993 0.741306839802346 -0.193147933319059 0.0237943245441803 0.74699895725654 0.335359136616667
5.83940793551432 18.566638965636 14.7052315145715 -0.17278827225558 -0.918063964883313 -0.356795136392952 -0.868688291582999 -0.0286970670112313 0.4945271786379 -0.316566975078289 -0.210319683780441 0.363211693710804 0.435286881615389 -0.0602283959126003 -0.383936628448384
5.35880366065153 18.419946848507 14.6664023665286 0.330823090017093 -0.903626068317239 0.272058838799761 -0.806013580736807 -0.120620997199861 0.579476214095406 -0.394508344703726 0.339618834402659 -0.786685923707579 -0.410131735942809 -0.0622554310581924 0.00589640792766423
4.9240467327821 18.1140503456603 14.7305047619972 0.627541710751692 -0.512889362890201 0.585778031937808 -0.774422461203272 -0.333507270122652 0.537626963943596 -0.303405590830115 -0.290052236702356 0.103272441739595 -0.18769281921445 0.101515898767325 0.438020998715019
4.56785203464194 17.7783299228101 14.9143554618938 0.713901103283 0.101498041362713 0.692851616387561 -0.648899960767014 -0.276008189073529 0.709047474067092 0.40337644439877 -0.130886737985289 0.146308465610155 0.44373784427438 0.297273769984127 0.165026341624848
4.43948235824733 17.3949210623507 15.2637853956543 0.359693688638678 0.758312661689717 0.543674863750901 -0.563274249766818 -0.28805270660004 0.774433830465856 0.373053298970083 0.102030803799698 0.330336843378345 -0.617966047955533 -0.436717105279687 0.252924212394559
