t = 7818
b = 30 30 30
E = -0.831528163920661 -1.27576295740016 0.444234793479504
6.21429572904966 17.5319367493887 16.0015997588463 -0.0328837406713872 0.392067208993774 -0.919348662494969 -0.893911256070811 0.399889637233259 0.202511590540825 0.319373419108742 0.649218554464745 0.57593703590826 -0.12383064655124 -0.421065372900712 -0.271237916465722
6.00570283038943 17.9730718222316 16.1587559370439 -0.434604715962339 -0.31768057348796 -0.842732338344533 -0.805447658898451 0.555760558582296 0.205874404186866 -0.266129912720939 -0.273187955477571 -0.620940700012793 -0.202158469284576 0.0897501860499667 0.312291315753053
5.72804382412502 18.3774261780988 16.0446384760062 -0.464032294437017 -0.729200524385821 -0.502932028165773 -0.839957403153342 0.542527904523162 -0.0116204002336877 -0.152128916063511 -0.092736243712847 -0.37808260987004 -0.427250208537873 0.351209895208663 0.63883345198197
5.34722581060547 18.7352342955498 15.7658943139839 -0.364299041378296 -0.928009099908816 0.0780084542680131 -0.927957921740042 0.354651931505886 -0.114525555921102 -0.19753838171411 -0.390154414796375 0.527803255414928 -0.290542485861995 0.188397343526906 0.298137702543725
5.02427125800993 18.5841598990679 15.3913387670258 -0.473492634463362 -0.476957437251533 0.740483847331857 -0.831720324898754 0.51882082741985 -0.197651840835558 -0.36197244653687 -0.0804833606649779 0.496078481344855 0.437892448851754 -0.31739239630989 0.177181124514215
4.53883105791209 18.646804512094 15.2455844841386 -0.207988363665189 -0.236362178320167 0.949143698941111 -0.962096219329181 0.224420253454883 -0.154940035470969 0.101686570833638 -0.0749164561220578 -0.249980852502816 0.486449818428908 0.140161605630803 0.311426481862413
4.06256351345545 18.5551117321909 15.2157408521305 0.0349599387341519 0.379713208205228 0.924443444564458 -0.982860618044687 0.180596835417155 -0.0370106543326961 -0.241009342285511 -0.547319334795987 0.620453191573218 0.275150968500194 0.015758577249717 -0.00246101019249639
3.58050723982553 18.4310822820552 15.3185173747621 0.306319687131866 0.814536202040054 0.492644927753856 -0.950761808839702 0.287403837275543 0.115978520300724 -0.492917779152041 -0.0157137349447898 0.273134303168653 -0.609874043229986 -0.28509678382567 -0.425038099947834
3.9430421128738 19.4519682898131 15.9715633738859 -0.510077222507026 -0.747791961322227 -0.425004011347388 0.781200164826925 -0.609532299482329 0.134895064261712 0.137120007370776 -0.0582138334934325 -0.332371320164039 -0.87952261874143 0.182990499801115 0.770735664951081
4.07122329436363 19.0220506091453 16.369450071168 -0.0238316812008558 -0.435190379240537 -0.900022991255011 0.839963964209033 -0.496912969995737 0.218032197347674 -0.552059104866175 0.24988840967132 0.2327273281207 -0.0286621108351214 0.651339868327881 -0.159591627865514
4.42233049358676 18.5859439778438 16.4717734896598 0.091532818083716 0.0298806400287102 -0.995353651003063 0.791424265914354 -0.608832603542695 0.054502221838544 -0.0941848073074777 -0.387230217809102 0.212147767494729 0.419337543035283 0.471017986871121 0.209003134801948
4.59115668159304 18.0670785245628 16.3234068119839 0.293026823287509 0.468924996276601 -0.833213435261951 0.703833266655747 -0.695624066006219 -0.143964896907791 -0.154756962141932 0.0290724000785414 -0.209149257271013 -0.0267274777216626 0.594349028454432 -0.192978733501887
4.83406604281805 17.7193660308155 15.8996711352308 0.520350748768848 0.843212335970516 -0.135011313314293 0.802036468285044 -0.536854647291329 -0.261772021466312 -0.315681337587797 -0.193204280283477 0.00760956119973269 -0.263615597882543 0.375656526729502 0.546576092507342
5.12089321759138 17.5332351272908 15.5990578282126 0.575310863335388 0.701757220028493 0.420183548780978 0.800446690524844 -0.377380671757475 -0.465691876901133 0.986045214240861 -0.0553489490000145 0.18322555071383 -0.145537432518319 0.124211095022953 0.303139360036264
5.50540976514401 17.5524807263059 15.1552970415938 0.440982133633326 0.393177916194927 0.806812173949314 0.897513367206741 -0.195309911185385 -0.395378039701232 -0.168858783583434 0.870702813705729 0.0216252623555676 -0.361872278869781 -0.636083862169172 -0.588483119043194
5.93648599471981 17.7745690613703 14.9190709682561 0.315534218219674 -0.194054840067401 0.928859987392564 0.941148620005123 -0.0609751938557701 -0.332447440652952 0.033209122922192 0.244610065260147 0.387973922810275 -0.146264138618217 -0.812884771142099 0.287864766218887
