t = 247374
b = 30 30 30
E = -0.722425954717074 -1.06497681988945 0.342550865172379
-14.6903620468355 24.8461865595249 20.9303290060753 0.986728347751777 -0.112182360213673 -0.117397980391205 0.0387006627435958 -0.539678741555204 0.840981042959096 0.116562770505356 0.282475402661131 -0.0342572762723684 -0.0280413308502362 -0.540142245739642 -0.200003951371983
-14.4473281979011 24.353316551792 21.2069677076585 0.789005962880764 0.602117848464779 0.122162543763214 0.213301636229299 -0.45492562849564 0.864606895947368 -0.731405835723833 -0.0744637519204747 0.207115760974581 -0.0569337975382688 0.0514122801708236 0.180637461306031
-14.1501171324789 24.0000173104211 21.5418592696453 0.454723968669599 0.890237857084552 -0.0265079258120073 0.365921019277289 -0.159607990995181 0.91685718455033 -0.397729567515295 -0.129062977781621 0.426772865807888 -0.0368516222147455 0.251636800697916 0.52911300690997
-13.8635930402701 23.8426275421994 21.912568007387 -0.19137041378157 0.981153920420548 0.0267273113589004 0.316594736801709 0.035929711382037 0.947880176219274 0.336025145084909 -0.168332751800664 -0.227401225340559 -0.207443871721607 0.0230033027459091 -0.191831504421731
-13.5063395937486 23.6798650699569 22.4785165629425 -0.491732248263651 0.867989048678391 0.0692416593674472 0.368590105087523 0.135448814029768 0.919671111435776 -0.10479669973577 0.120795325938033 -0.309644533604106 -0.357827554855511 -0.261259638673793 -0.0101007021931167
-13.0307357559905 24.0322088477787 22.6590257934716 -0.761923021498557 0.553720739295633 0.335956324816793 0.448906615862682 0.0775890977288958 0.890203786864749 -0.881662498721939 0.195056070105919 0.514430605445637 0.215914697876518 -0.168666124151824 -0.445430100185672
-12.8387792825724 24.4147415124786 23.2017072318659 -0.993784546652097 -0.00644644555770875 0.111133785030268 0.110696725516221 0.0483180457920087 0.992679002201023 -0.0445761774389069 -0.251589684941853 -0.271674025146825 0.455287856476292 0.478733491576537 0.121287166717373
-12.9035287451249 24.7441029442139 23.5891716306532 -0.777748113708329 -0.577475358383756 0.248254067605518 0.197554384206284 0.150368080429536 0.968690717240943 -0.178113158891845 0.145200035947775 -0.0232050278268262 -0.627638656415621 -0.196654753364673 -0.92887310881792
-13.8369692391634 24.1844487779044 23.9596752716761 0.676705745656316 0.576406997120509 -0.458065833113808 -0.305573109989777 -0.346159790184489 -0.887016614337422 -0.419294760121816 0.304413043544263 -0.32912769559271 0.158595794601164 -0.245461022071166 0.290460506335319
-14.0313020430376 24.3522876522561 23.4517991876867 0.95183977924038 0.0510075157904503 -0.302323118514788 -0.2912589807487 -0.157534319404557 -0.943584200982072 0.175473287754339 -0.0758762259874482 0.208312466038645 0.26585575240786 -0.474336695395532 -0.174176504882364
-13.9985988330339 24.6583289677464 23.0207475144435 0.795483446913776 -0.525526542914294 -0.301708366438092 -0.332864696243438 0.0370956383153745 -0.942244664411943 -0.211007999866543 0.589851639215933 -0.699018113176913 0.273747903879877 0.610641547543509 -0.00495287247179572
-13.9198283135649 24.8710017333777 22.6231286576503 0.194638298561845 -0.924130206114667 -0.328784572143243 -0.317420255185516 0.257815681197224 -0.912565316087982 -0.270291066280403 -0.307880019026139 -0.519648369605875 0.268214044419829 0.286265314405961 0.311213473374119
-14.1503853286524 24.9945283780135 22.0679463643156 0.393596274542209 -0.904313495483339 -0.165224315865459 0.0170737668095163 0.186891826139049 -0.982232117072826 0.0588087917905788 -0.0131872427381795 -0.325056086809481 -0.0138602938851029 0.356204072931184 -0.28776462100183
-13.8359222379459 25.0521423882254 21.6906750215383 -0.434426875026402 -0.869950734234621 -0.233364543706713 0.122402644733616 0.199665799690474 -0.972188850479255 0.0170394366204319 0.209380441729218 -0.221504763500574 -0.0826164240400994 0.428915161291999 -0.128864207233501
-13.4326189320217 24.9416446122408 21.3359614108027 -0.871677365176022 -0.470352962043547 -0.137646874779805 0.0343733339111136 0.221497459072847 -0.974554949471868 -0.460202789243773 0.189952341732027 -0.570573233344904 -0.242642274048251 -0.0986219310665569 -0.141902261552087
-13.468477246981 24.7273573575811 20.8897849010638 -0.9044416060097 0.426163441221003 -0.0192380530533606 0.166006191110071 0.310054537297916 -0.936113309602056 -0.0783526459076607 -0.483496595479629 -0.353295357338133 -0.516174288510132 -0.56012241444174 -0.361123506133889
