t = 3703
b = 30 30 30
E = -0.938144201122294 -1.30470645757222 0.366562256449925
4.58548330424945 17.8027015636488 15.3585601209597 0.00386360863648484 -0.667923050584311 -0.744220310812901 0.84985760190776 0.394401806931766 -0.349555819817872 -0.293441288722022 -0.014431630949915 -0.29798222658186 0.236879347426279 0.535141249729879 0.0519988738681605
5.0840069545864 17.7187878183825 15.4551149727372 -0.374960539014912 -0.125751962984977 -0.91847212150782 0.76143624253069 0.52335782105492 -0.382506783863228 -0.00146681847957573 0.229201224941892 -0.39787986226606 0.400901339530302 -0.190280127804171 0.0664028616281625
5.54187365626001 17.8125739081991 15.1260217494199 -0.738527216024464 0.0764621631943168 -0.669873934998817 0.582397066808275 0.572925274116394 -0.57668907294292 -0.01212614653591 -0.0701947889509474 0.412220092952947 0.405063094551389 0.198312024694821 0.144947393231391
5.78042929594415 17.8765210209437 14.6112834523598 -0.842312428897791 0.52570522548913 -0.118927658758298 0.468215751372718 0.604376154250981 -0.644595589760956 -0.20152361891328 0.220039619512082 0.296938955243251 0.433526411767693 0.439290333576678 -0.00827818176542386
5.83109710884964 18.0314751219121 14.1370001562587 -0.654219861860086 0.673563773325437 0.343959613343448 0.214981481105765 0.601648585934076 -0.76928664477235 -0.0253641800022428 0.35162253432932 0.816651578360723 -0.16665271704119 0.494628651942168 -0.259912236865746
5.77826963890546 18.3282695995013 13.6840621487206 -0.0912618995852553 0.589832929684149 0.802351781168524 0.440608316368022 0.746473841841537 -0.498639263389551 -0.122482452852273 0.261562493057988 -0.156549545043405 0.13813143445792 0.0120815357616087 0.397811567215101
5.67210685605233 18.7449121797499 13.4078954779446 0.412070419208618 0.211874779917428 0.886175517179399 0.513704209345968 0.749250448070341 -0.418009271866819 -0.38760830808777 0.0645982256362359 -0.128139254240478 0.424631432309424 -0.238159191767806 0.00956409947724642
5.8467579538792 19.2761224992679 13.3379765294379 0.625601623461814 -0.216938864293124 0.749373163304609 0.474331547361508 0.868390541899888 -0.144594086727145 -0.335146223204222 1.01627073793095 0.0153795302112725 0.327621508717644 -0.252035092991353 0.598402101620549
6.61458751406138 19.1779998789529 14.1880262722209 -0.753710440623354 0.253397616766657 -0.606391143992333 -0.556239364520983 -0.737376479904561 0.383241041957735 0.0493454588099146 -0.657055093160286 0.102014873996186 -0.375330630602665 0.348971271392934 0.0765382710320111
6.18959690468836 19.1061475974962 14.4794231807949 -0.479769840685391 -0.321796273560214 -0.816252447648075 -0.652785949238175 -0.490694932808846 0.577138620604217 -0.337281589781533 0.0498816642911301 0.00843437697709137 -0.568792596195439 0.297035807215807 0.76672614276318
5.65230644313837 18.9818074932336 14.6273875883614 0.01876280838706 -0.483061609590224 -0.875385308513646 -0.725352889352751 -0.609160169568811 0.320604232221775 -0.062044838347517 -0.417865832387602 0.228240069138137 0.174390351621308 0.100326033047342 0.36666897751179
5.13881026208115 18.8958590620575 14.5557517344837 0.559064445092258 -0.757335795689945 -0.337475093600059 -0.681440555769169 -0.651566893263119 0.333315695034681 -0.713259739667853 0.237495497921189 -0.272097011376361 -0.267611192873203 0.313405386670009 0.347148633980506
4.74525075145354 18.5462880203093 14.4975225632893 0.842735653603687 -0.531915147717982 0.0828425842989368 -0.514122841238826 -0.749630733900637 0.41681106860076 -0.299752391573401 0.0599231415378472 -0.0975750324990172 -0.164085263729552 -0.260366504996808 0.0566679546856476
4.68043286352157 18.0604252653237 14.3679820429518 0.747295814528956 -0.178821176338793 0.639978087500122 -0.296303226594525 -0.951732578166895 0.0800593377781012 0.78890809962977 -0.357032746879026 -0.433787711333451 0.462268156947289 0.0247582851096305 0.332213847207492
4.72778219912983 17.5141898940488 14.3075741485536 0.166516602498975 0.234184554768021 0.957825566269923 -0.619163966052869 -0.731167713320735 0.28640837651683 -0.147610382155587 0.214295274351549 0.579185413587868 0.302609488308231 -0.146063572072176 -0.524688668814008
4.66731332962739 17.040921745059 14.5066350875587 -0.139313613883046 0.609343599560439 0.780571646078417 -0.677683361232418 -0.633423473104935 0.373523714947811 0.324952768091857 -0.0360036615415994 -0.632433123271454 0.112330252401516 -0.595880517272281 0.217978865488185
