t = 50659
b = 30 30 30
E = -0.968574774756699 -1.28732794285329 0.318753168096588
14.2133722507647 23.7409554990071 20.5521074410524 0.155599319181698 0.387992243301517 -0.908433195677068 -0.786352891197104 -0.507941616803437 -0.351631119818897 0.097882136369839 0.0700567432068923 0.361333949657417 0.0973696809013492 0.705716932389952 0.408048827766179
13.8168498352683 23.8541783466899 20.3519553994871 0.450059485438865 -0.466412044691255 -0.761515767488408 -0.850403389028453 -0.484082532092696 -0.206102348486587 0.462366379036656 0.305979323802197 -0.537471578405007 -0.164797704116116 -0.587619287757407 -0.489148436933115
13.4281864352688 23.8084914786305 20.0561282382239 0.653508912236706 -0.695238485406417 -0.29928172352646 -0.75586237621963 -0.57853452156465 -0.30654506287586 -0.382353677142535 -0.185156235157904 -0.126278613125252 0.229848602645941 0.0560026502409907 0.20935624111461
13.1160264924574 23.5668968117707 19.671684905635 0.626500425355439 -0.769427689703118 0.124411604553498 -0.723561775379007 -0.63348272509407 -0.274149583654168 -0.0827091174377636 0.609370800436198 0.223328375638861 0.0785476372906222 0.308003986295266 0.703824732237152
12.9812990630235 23.2215461417929 19.3019646188007 0.468645702178939 -0.631739482552773 0.617475855409074 -0.708770366180474 -0.686106431983484 -0.164019913471726 -0.632060653597536 -0.0379386287902494 0.0245814057373072 0.129104029871406 -0.59622528997719 -0.216799061866013
12.9362600653456 22.8337219888671 19.0674800595124 0.0119446777494308 -0.424362504350353 0.905413601386091 -0.609287458036969 -0.721057014137491 -0.329917528849203 0.279957902924541 -0.310414698315597 -0.0109096502694497 0.227649514590642 -0.744116015452747 -0.1810879587632
13.0045836042983 22.3644099037024 18.946815575123 -0.517057710876961 -0.162058978073818 0.840469042409269 -0.23744051657679 -0.916221256748945 -0.322739228742223 0.364363128170957 -0.0269837837931278 0.084862081996082 0.067145614416165 0.130374474359875 0.0435954852062292
13.0208808089349 21.7911899950035 18.9190972477849 -0.816211409089738 0.383547795703024 0.432076410005312 -0.54706326304706 -0.753568052267191 -0.364495510022469 0.39418838405765 -0.511266077842291 0.253782354750941 -0.0364674169281561 0.137060270262198 -0.341655023499242
11.9843499438856 22.139840329805 19.5221715563195 0.860513085460759 -0.26256816372861 -0.436549182964548 0.497053122518362 0.620484505614148 0.606578248610614 0.415449437853685 0.0402330492855001 0.0196932821288043 -0.059314018157424 0.318776888380449 0.0909370363549351
12.3608346731045 22.2539197589346 19.9467154339159 0.564187927438468 -0.0673140525455554 -0.822897807059034 0.727859985851584 0.511043212978264 0.457224972486204 0.00698359441258176 0.0235902299541807 0.516471018494599 -0.095358139082617 0.0933824910683759 -0.0750458238764025
12.9202379811961 22.4062008598724 20.1455596969613 0.134633493937623 0.180261535007251 -0.974361124689898 0.783326195374048 0.582850770161299 0.21606723806073 0.297596285353068 0.735481113767683 0.508140244133816 0.307657041983779 -0.058584848749239 0.069502643215221
13.4222072315626 22.537520364491 20.2097952728828 -0.268936333472753 0.376371219677441 -0.886576535633975 0.850762579166949 0.524351651721474 -0.0354736412871426 0.209342936491615 -0.397322606154041 -0.488860822024961 0.547052337014215 -0.422281078565679 0.168994340104163
13.8117443391837 22.6393639140943 19.9139371505636 -0.480910195136825 0.812054013520782 -0.330595921539042 0.835013860619631 0.539177464411553 0.109724721206339 -0.107922101930257 -0.268531212622357 -0.106672157436516 -0.300700957704525 -0.100419690420829 0.43679322614642
14.1191906404365 22.9036866011807 19.6033313083936 -0.608027455442555 0.717625105330463 0.339583305872809 0.76873642110841 0.639037719377632 0.0259828419167151 0.292953969920489 -0.178179030552848 0.122981705426717 0.226783264843276 0.0426271804171353 0.164132632121479
14.3928291365013 23.3113924084034 19.4396714681637 -0.517447165454154 0.43764398960745 0.735334052879363 0.67600117287879 0.735935900675286 0.0376930280522271 -0.103952873241465 -0.19854475023238 0.0828328339137212 0.2950046388239 0.513703569446464 0.172967098136817
14.335843058634 23.908911003202 19.4159747113186 0.231363948703436 -0.0892062220428031 0.968768792431506 0.635352585048478 0.767960056386325 -0.081021259354103 0.0279516396144591 -0.326390485240428 -0.393574849110597 -0.340039703668173 0.698346084496545 -0.131704545192118
