t = 2943
b = 30 30 30
E = -0.994245962630506 -1.32024150333301 0.325995540702507
5.00445916312514 17.8681667743504 16.1944169886193 -0.12201293217146 -0.836953809259111 -0.533498983644382 0.435628845724353 0.437816069918641 -0.786476063013911 0.238342002533404 -0.408869244010268 -0.0373437314308398 0.0669601938233545 -0.580545035749198 0.0671947651460439
5.46576963960159 17.8303544269755 15.8919570284658 -0.612004243842003 -0.292225258187357 -0.73488448343717 0.568792777400425 0.482976219610849 -0.66573924900634 0.0518058205993038 -0.036101592618614 0.188978836421232 -0.188545018154877 -0.357855252802071 0.00151221829292384
5.8085340834258 17.7613173094377 15.5096787174535 -0.866017043798791 0.294573768188184 -0.404030660897684 0.49723384712583 0.422261134332614 -0.757927460714136 -0.161222737424536 0.276927385069345 -0.167288947615658 0.31357734546144 0.259696401449314 0.0742547193160164
5.95465514782175 17.7101903867158 15.0199357848766 -0.833380591800337 0.493278982760756 -0.249304300759199 0.384588966523182 0.193596948633631 -0.902558335127641 -0.271626201840776 -0.503640678860647 0.014959572076364 0.0867908411584706 0.201516896025573 0.165581913172288
5.99164692758537 17.5694308135396 14.5152870766652 -0.488247159070848 0.852955788491641 0.184610764956564 0.297666594732383 0.361618038657892 -0.883530979930895 0.00806375604581194 0.141310242189585 0.471983502946858 0.337078733795197 0.262400325280271 0.0232801497814825
5.82635531746673 17.8075442225535 14.0327091615802 0.306547122744629 0.80518141951498 0.507653172160706 0.390416324373454 0.380043804848811 -0.83853550912216 0.202272065690482 0.0837927404250919 0.00787933416141916 0.0393994488544227 0.0151180152479521 -0.228832985548042
5.7594970148367 18.163565324773 13.6518250520383 0.782169296166923 0.282456387562844 0.555364368013187 0.374081645221951 0.499925442838572 -0.781112971541697 0.0525763754826524 0.159385671994225 0.178843616091802 -0.0426924753105724 -0.584462856112078 -0.828109400860375
6.09417489031477 18.5769667118905 13.394084317757 0.747766007058919 -0.36515157047918 0.55453613882573 0.651489420237259 0.242389073051685 -0.718894340347778 -0.264552589435642 0.669422990068351 -0.256475968749848 0.194611671018527 0.0701874944783253 -1.16910680926605
6.96786246535156 18.35796850396 14.1317263876275 -0.757615076107323 0.399721846991706 -0.515986280333538 -0.649784289052094 -0.387238314914727 0.654084753807236 -0.295666929890583 0.523332707292144 -0.148429866685184 -0.31375309485493 -0.184370462873082 0.160274762777687
6.64769695891069 18.5762004452383 14.5203495765399 -0.595807189981467 -0.230298245705354 -0.769400097732919 -0.719277134705318 -0.273176232206014 0.638760635643617 0.438504758471434 -0.0859902073806441 -0.0878595516810112 -0.716705865348226 0.159882271701089 0.0920009143120264
6.15154512856236 18.7771753441178 14.6840307521163 -0.24911340914073 -0.838502582719872 -0.484619364200799 -0.687974829006804 -0.198978337847843 0.697924247838096 -0.426384220544283 0.0287627556931726 0.675883969537429 -0.145839787254889 -0.342836416316783 -0.176526415057242
5.60551945185305 18.682242664449 14.8228308874402 0.288089423693687 -0.9280831321024 -0.235936821761319 -0.704683344324414 -0.372292488752766 0.604003052186021 0.0406091530832349 0.0753038081295016 -0.479587889537893 -0.654247860065576 0.595217554436987 -0.737848911599283
5.10797089131096 18.4708508159828 14.8137504877353 0.681248756102544 -0.723074428332203 0.1142956840865 -0.666729637915193 -0.548381469707376 0.504727008993031 -0.306086202364318 0.782245248500382 -0.403159747646757 -0.0110335739571328 -0.0421519185463994 -0.17144446772368
4.75760270745727 18.06353669992 14.965587658462 0.87558606710927 -0.232176434040759 0.423607297576702 -0.479835057694441 -0.519219235209094 0.707226769287091 0.277027486257615 0.034652849812232 -0.275306062216679 0.0444043813496184 -0.132229997476029 0.0575038718991661
4.61921345388387 17.5687665889642 15.1131276083829 0.716954205590798 0.211516057617787 0.664257197518776 -0.424550025049541 -0.623295916996547 0.65670349175703 0.0253863370434672 0.134144013568012 0.0519184068173627 -0.277419643253101 0.411468106622165 0.176972585427016
4.72772649181796 17.0655147032867 15.3823514929823 0.0740863875600831 0.697060864974831 0.713174142617943 -0.321327059506917 -0.660313396800724 0.67877473349715 0.0115503507315838 -0.139667033592483 0.286166576310153 0.358227274399285 -0.25740328721398 0.0129111764300979
