t = 256645
b = 30 30 30
E = -0.791834156040231 -1.23689493893272 0.445060782892493
22.7049481969272 9.52159323854672 32.4006214170377 0.0380058313907602 -0.625691257913229 0.779144406738117 -0.980906182744121 0.125462967936339 0.148600485635094 0.230880526366335 0.0518582860125466 -0.185958558642132 0.0875332740612642 0.52790342633625 -0.521485068688921
22.1853601752825 9.3991373846904 32.3984208153687 0.29480441844292 0.0820763689615093 0.952026167983124 -0.95335537174427 -0.0423387153089834 0.298866137848205 0.757761554564314 0.547139794468088 0.0313492705767158 -0.452601117430552 0.751152783528559 0.0697571317524683
21.8606086742209 9.06155692081856 32.5929908587823 0.161619618256485 0.722049116344655 0.672699169451344 -0.901176470376825 -0.169826780734433 0.398797986184191 0.0192038600744226 -0.202078349931965 0.156033736808176 -0.352751627234139 -0.148624375062304 -0.547951675816415
21.6332604025924 8.91192041861533 33.0595922201192 0.0497756289094611 0.996063984542362 0.0733411580509483 -0.945482409849264 0.0233299262044291 0.324836462252964 -0.0589899469472106 -0.129174681127491 -0.0492643128032131 0.323766081638229 0.190598330193305 0.260976032469602
21.3756379223055 9.03796354783115 33.5426206417399 -0.252583528439035 0.9179732522526 -0.305821302904294 -0.81256541153061 -0.029649384097591 0.58211542326819 -0.231554265781964 0.0553101209058042 0.179303048082555 0.215389583703602 0.666833874775555 -0.00608299336226924
21.0474604554302 9.13095761635293 34.0093121677307 -0.296868971929175 0.688313207546305 -0.661886502221541 -0.874036870200021 0.0833140823876443 0.478663047672251 -0.542785053181315 0.131710353169826 0.419394476686428 0.100477536964507 -0.187953084985673 0.435935056659697
20.6764777619525 9.46924129968571 34.2764984065588 -0.358536084719593 -0.0362008379925477 -0.932813687336659 -0.929167997093936 0.110168445324152 0.352859386769401 -0.129582304581188 0.543648936311475 0.592400690497214 0.0725399480822173 0.613955275047256 0.0444852420458844
20.1343774275902 9.5465655473793 34.4164538736271 -0.0744314464645311 0.197817403919928 -0.977408939228371 -0.985660588514696 0.134246903357701 0.1022300014072 -0.255597745222581 -0.604800032086627 -0.310056300281072 -0.25238122305926 0.204463941275674 0.774144030882039
19.8910426567624 9.32864475508087 33.3322632756101 0.350208318242888 0.350231272010398 0.868730217006091 0.935060014337102 -0.0763347243598154 -0.346173048409047 0.337957282778671 0.0392042761922528 -0.0038753265029137 -0.0264486230509089 0.178150308983444 0.127773755630366
20.3089269856165 9.51093863131375 33.1446981876519 0.211563657723958 -0.184235646602839 0.959842719017707 0.975328815526005 0.103144748512722 -0.195179052305635 0.390598214790776 0.170773276203351 0.0344123444014857 0.600725268254203 -0.196897675601776 0.200930791116691
20.7017396559358 9.90640396347104 33.1339209873504 0.281471547113283 -0.729544393115691 0.623328762884525 0.944542435479989 0.0961353745521808 -0.314002511673502 -0.146889777998217 0.778694188000538 0.031523283589399 0.357622944900457 0.160907687560841 0.115553466082429
21.1622685802585 10.1474304391979 33.2485840287443 0.142038273610924 -0.9878233376277 0.063483718131159 0.954991189653034 0.119879922432457 -0.271331221724821 -0.708196317015517 -0.17454169450545 -0.984808937544543 -0.14427524354888 0.138416614322632 -0.12307655986069
21.697688047466 10.1218524372879 33.43242236011 -0.0415724842457466 -0.872992024536424 -0.485959518529524 0.989853780672879 0.0301562314543602 -0.13885278028205 0.727974135496116 0.0789401076227726 -0.798235677106761 -0.328625336351644 -0.0126516746213221 0.24286247514914
22.1372514801716 9.94886107005637 33.5055749081612 -0.221068308344194 -0.56018298242916 -0.798325641103086 0.973726127247004 -0.17264814878674 -0.148492578390703 -0.0539879793733483 -0.355175333222823 0.670753070264537 0.423569864680269 -0.138718756706469 -0.190414667300907
22.4564286888894 9.44818131142441 33.526460014782 -0.187162185538488 -0.020306777718521 -0.982119112472162 0.896107646500254 -0.413125687024086 -0.162229012832737 0.0922537006213456 0.43987876112315 -0.608624554492252 -0.029425291094452 -0.0684734744544787 -0.586604929037012
22.7411803327032 8.93530918696716 33.4751473606066 -0.00518894658936303 0.405732436785187 -0.91397716851877 0.836722055983385 -0.498748689478838 -0.226154694344631 -0.0613612078273172 -0.750788188096662 -0.374942881354979 0.387893053683149 0.29920599513188 0.672800646566626
