t = 349025
b = 30 30 30
E = -0.377217445683579 -0.737520360531127 0.360302914847548
11.1124785736954 11.6828414764685 22.7628265540292 0.448634618240817 -0.222219402208213 -0.865647455144525 -0.579776511738523 0.664755004238675 -0.471126289625098 0.354368991259376 0.238305153695191 -0.70583321661308 0.0871202030404803 -0.165162360489225 -0.250975062090619
11.1759558048563 12.057998444376 22.6307037421402 -0.434400143719407 -0.600923033580336 -0.670960522571319 -0.59564995911549 0.750429633924126 -0.286455041383795 0.238446678860677 -0.243589891471711 -0.739844760015993 -0.32469343261376 0.265572922693614 -0.138440506966813
11.0129337240677 12.4197915743658 22.2954733017759 -0.717125606649936 -0.682690002506509 -0.140232752110911 -0.649546794117965 0.727620955083184 -0.22058265565301 0.309606281455498 -0.367993203081222 0.0771352743373511 0.100166070663221 0.554436486364058 0.260277066001129
10.6586122077519 12.6691587154566 21.9875800156534 -0.689754260104824 -0.547398779719284 0.473913110843206 -0.708038468296603 0.646809558876289 -0.283405931410163 -0.205920174621318 0.587145343081391 0.222371583225485 -0.054458450738501 -0.181969307474055 -0.279097956306021
11.474395265605 12.2463416025838 21.3789129718616 -0.0304534744382015 -0.974437748342499 -0.222584052662772 -0.852797570460638 0.141482844541071 -0.502711555981196 0.150086054692103 -0.158469387667917 -0.197742409726056 0.170509656739154 0.160930367047091 0.151598307750451
11.2991286670348 12.2324159071719 20.980993040516 -0.496913599063297 -0.723589259991814 0.47905684202452 -0.807307067650828 0.182955578356279 -0.561054859055093 -0.310611078810072 0.0333296375920751 -0.0631650134329412 -0.224680855444335 0.649111685616482 -0.141283181365625
10.9481159808032 12.0384079686201 20.699623132056 -0.603329566696775 0.125717696622561 0.787520472562719 -0.765688289183748 0.184774361343761 -0.616100543090873 -0.0174057459508889 0.44734329073125 -0.318145039679865 0.144184845725572 0.208444709307592 0.683782601517427
10.5578517142836 11.805318461452 20.5049806731965 -0.300559711486477 0.735407789143051 0.607321367563218 -0.755444350665286 0.205140951432095 -0.622270859910239 0.231174819838213 0.235862927398374 -0.348265111710182 0.435741529472134 -0.428491812950711 -0.373459257100549
10.0212570286212 13.8126209592079 28.4751310098933 0.0508339163218469 -0.817890156700045 -0.57312442324907 -0.990762170430449 -0.113540716653693 0.0741540781463746 0.0648469385855234 0.543924925873768 -0.45858877658086 -0.126320802910291 0.10072680289237 0.0281163095864613
9.67615716455698 13.2898008538551 29.1249184354246 0.797951734212438 -0.20704877404518 -0.5660422555196 0.185835760033904 -0.808871977477944 0.557845134731502 -0.0918876261859958 0.581675939230359 -0.509555969140351 -0.535864640907844 -0.22178315408533 0.424654078402679
9.64973393884472 12.7781185948785 29.2286540783444 0.930643089346608 0.35660540618543 0.0820732875585861 0.226885350953758 -0.738294897611542 0.635172166962116 0.0877069345816875 0.080565838235573 0.297956404215506 -0.323051055375523 0.46226876780487 0.0521915929094149
9.94264391167151 12.3941741575688 29.2743967293875 0.269341610973888 0.745378716505769 0.609807892354814 0.157301215656605 -0.658754673503185 0.735729982867791 -0.111941969935912 0.213464237846123 0.154245816229994 -0.796842442323962 0.57354297390457 -0.199000697130279
9.15658628108942 12.2212090406875 28.0588380795544 -0.954896966292055 -0.265494445060359 -0.132983019248126 -0.237511279939532 0.951701709301074 -0.194556542976307 0.15632146373308 -0.0644350181915331 0.374985778484778 0.155691166006636 0.292222936160198 0.60402291681232
9.08648472577306 12.4647012994714 27.685222760752 -0.61233795499854 0.201034389732916 0.764609313972157 0.0101470102044155 0.969048885088544 -0.24666028560059 -0.046014200018516 -0.366873070893049 0.523629560900346 -0.293577220008255 -0.568969649373363 0.114353948883633
8.78084096947364 12.9445943400838 27.52914597346 0.050866833349705 0.263228042165785 0.963391697640473 -0.0567087283203439 0.963845390506558 -0.260357798676237 0.167036195941081 -0.257981135392832 -0.150245301406023 0.0160209903239566 0.245345148403932 -0.608647190017939
8.87875723047133 11.8175872013311 26.6158599152142 0.220798898289232 -0.791746047133408 0.569548982408775 -0.783992597968835 0.203294362612664 0.586538156013722 0.428750547478726 0.0270331215958639 0.544179950375248 -0.0613655947962654 -0.347812854130246 0.764444693281282
