t = 8278
b = 30 30 30
E = -0.885318938977756 -1.30600773832943 0.42068879935167
5.57440373695727 16.9198400024624 13.4713432683939 0.422585579208049 0.123363151808534 -0.897888055952001 -0.399820070522838 0.914458045087363 -0.0625331510649389 -0.324787715247834 0.331416152964982 0.179450580562257 -0.578112831794602 -0.493899904485112 -0.320671576891608
5.56503794195078 17.4180641467093 13.4214696778745 0.133515098771314 -0.213451893848421 -0.967787170514575 -0.263227339477245 0.933817205549161 -0.242274213180214 -0.303491451919415 0.100176185003636 -0.159080157163557 0.321966259930798 -0.02525739435991 -0.520133411287462
5.66980055166706 17.9164790409698 13.2576784365973 -0.542514839970013 -0.539543290391984 -0.643871637987965 -0.417608009572875 0.83827224980262 -0.350575506205772 0.445251508443369 -0.594057093759811 0.275768763382245 -0.69383048193605 -0.106095446927985 -0.382957378410732
5.66455463229157 18.2101848553661 12.8003203445206 -0.891100149774201 -0.448275155697411 0.0706392798438682 -0.439204627320781 0.812746237626371 -0.382809154232485 0.243526746476127 0.111357446543945 -0.0899799661895292 0.221901204248811 0.745192591352094 -0.139325335160383
5.35037638024176 18.5923909805953 12.4360163909048 -0.67776824618158 -0.687899155277313 0.259663159952861 -0.732267354282314 0.599590337198238 -0.322917867871822 -0.3544403652864 -0.378155558545541 0.128887519466324 0.00774613718174719 -0.069731894521546 -0.161232219583931
5.10393178756198 18.6489590210888 12.0828242806416 -0.594585846351161 -0.163415397994247 0.787250328051542 -0.717092491123077 0.550630162303729 -0.427299407367093 0.408698227820462 0.0443339149255748 0.420634200971413 -0.471911436420578 0.156960748893802 0.25104342506705
4.55816597772961 18.6614579827696 11.8380185197433 -0.196377538626308 0.261552888635941 0.945000501994189 -0.587509971377172 0.740220851176441 -0.326963491870309 -0.000543930211211129 0.527917062217108 0.357806408930362 0.425525424814663 -0.619056511772772 -0.317716323631479
4.09982001094149 18.8439163069919 11.8019787253828 0.35495141840807 0.608280399108975 0.709932705705212 -0.494517968652982 0.766607345069454 -0.409591451528099 -0.618500590923548 -0.438717431030999 0.182416771807225 0.627070235597707 -0.459216185083066 -0.167715141309076
4.34647776785044 19.417235345059 12.7533028382818 -0.371895388196241 -0.56407089326268 -0.737236629320741 0.744803610859277 -0.655338051368603 0.125696538056471 0.437150547933047 0.25427955306533 -0.122403203727002 -0.472712924246214 0.322115882797371 0.113133779828357
4.29134284542354 18.9456640955329 12.9462559315893 0.291061037936535 -0.234322626047249 -0.927564757371489 0.680832475352586 -0.630410412069494 0.372893889544523 -0.27377831828748 0.434288290236878 0.38466600870693 -0.502363794787475 0.620350536351887 -0.519916537276596
4.35697963186429 18.4545510520657 13.0166400641936 0.662222445072062 0.139778681056624 -0.736154435947278 0.587241297443109 -0.707036016290503 0.394014885817007 0.00671511337347114 0.133056536543599 -0.544870919865364 -0.647499095692228 -0.126895204192135 0.518035381353094
4.44497368033611 18.0086815643628 12.8649105256233 0.889425346724428 0.439103171879593 -0.12692894488419 0.456671298928164 -0.841931398531586 0.287407106561256 -0.0222816548856923 0.357095263187703 -0.230902906428597 0.0853516640865468 0.298801552620382 0.0623209354370925
4.6497056849362 17.6256290507677 12.6762469987595 0.859877328002118 0.506023067228662 0.0674658151987435 0.506057010218854 -0.862315243629265 0.0178528152670051 0.177805682704753 -0.0889892086145596 -0.635313270500777 -0.396311105643307 0.249757159501654 0.352816770396469
4.96238947255613 17.349319318097 12.4763335589607 0.641348703006548 0.456757328211626 0.616477561859958 0.592867219986543 -0.805043900971672 -0.0203169134895865 0.0866868918700483 0.432856830889894 0.689992626978249 -0.00359728982834003 0.0169677659763718 0.0806033228310613
5.44102654321688 17.0783280675475 12.3556985066256 0.223533987822465 0.400495792821253 0.888614469959083 0.676651989727394 -0.719960355751258 0.154269799197637 -0.327893535169792 -0.651516800479759 -0.0828130914567217 -0.272768671657165 -0.0783730092321505 0.464653933397452
5.98895717410365 16.9971945596497 12.2975994308061 -0.330481536323235 -0.11873261432517 0.936314327800736 0.561615451169248 -0.822043040906871 0.0939857643717731 -0.148530992556492 0.491001578369729 -0.590643313432463 -0.233193275909566 0.736257822757127 -0.193634120234151
