t = 677988
b = 30 30 30
E = -0.869781840291164 -1.29659300868541 0.426811168394248
20.8734808909766 -8.46576386263897 16.9763254001987 -0.955735494394907 0.291496960982588 -0.0399898298525261 -0.290350677933667 -0.956381589738396 -0.0321051184846305 -0.089617506008618 0.0426095192603654 -0.209474081174749 0.242521066712088 0.434748901450701 -0.831917652941891
20.6081131390154 -8.69159294354132 17.3217969718819 -0.65958422837683 -0.0185353752643372 -0.751402079808405 -0.204714333047873 -0.957472658080393 0.203317856749677 -0.0315854605505732 0.012828142280206 0.351008189868772 -0.129985841694198 0.102849092356719 0.779292396435476
20.2527483094523 -9.07723368024933 17.5234301902817 -0.393782869659055 -0.0111757971662673 -0.919135546652808 -0.350371437576548 -0.922612333893959 0.161326802104585 -0.394049798027276 -0.238852286326157 0.280458641422599 0.0943191589604414 0.686871370334285 0.362253537180334
19.8016050365234 -9.38856947659529 17.5226860620001 0.319751452149611 -0.0663899024530759 -0.945172677186836 -0.307819752409745 -0.950711051443358 -0.0373563473841254 -0.475498266866642 0.122327832692475 -0.372833073561134 0.190473339707329 0.120535236131491 -0.193292732031483
19.4427613186078 -9.82796302313475 17.3756168693375 0.69625937729897 -0.0569978772872552 -0.715523669425412 -0.0813004840669148 -0.996689596025946 0.000283662002947549 -0.0507963002853639 0.709899832094451 0.374941945779163 -0.208307551021468 0.79620612623803 0.291541931762657
19.2609601974481 -10.1703645390825 17.0444592119536 0.992326517418241 -0.122325093136496 -0.0180181691000285 -0.123571325703906 -0.986178094918034 -0.11037614129701 -0.0488480498600237 -0.506109820095024 0.270910947521888 -0.120044458236121 -0.63132381284582 0.120260279434313
19.2934686997778 -10.4317421812967 16.6622800724333 0.798978618397747 -0.367442144936728 0.476045625405269 -0.0946993492166104 -0.858616866407028 -0.503794710154174 0.382524211583531 0.181824550262398 0.176869416928049 0.0963318102213618 -0.0510219352022395 0.577199032257874
19.5052815456717 -10.6230934270362 16.2523108277499 0.243947436872518 -0.627011758340055 0.739828292880632 -0.0788540517503114 -0.773174473609302 -0.629272017399091 0.19638166473226 -0.289217066426423 0.0487275834518894 0.377108636148532 0.333687956120719 -0.091266552733503
19.8946622812871 -11.2351873768364 17.2167074402179 -0.0689693181620683 0.288616440137497 -0.954957477396048 0.463493329624277 0.856923448342833 0.225513053001481 -0.426427873583858 0.397308135599208 0.541361752971801 -0.548117249540875 -0.109599756787963 0.231910921761359
20.2834379196807 -10.7775428653631 17.2181392288573 -0.792740544012476 0.212099774275233 -0.571468385504556 0.174441972737548 0.977239863134754 0.120715566717071 -0.152745719620654 -0.148533159123607 0.00509329233372219 0.107230354987637 0.50978796571995 0.0250588543201939
20.4302795919904 -10.3636864618475 16.9521083714858 -0.984222587889911 0.118961883526002 -0.1309731566207 0.11018386880421 0.991273115126298 0.0723679921172447 0.42002181508364 0.0835726222877133 -0.415707468688235 -0.0805104824258727 -0.423423805445802 -0.010994896715987
20.3565080531312 -9.91109383713698 16.5784761702986 -0.883817729715629 0.0236172704183155 0.467234892937518 0.00582427997480168 0.999203013217228 -0.0394894434047562 -0.0255460583498971 0.0902702132325232 -0.58564188969259 0.442355182429482 0.239798497054899 0.0165095283507859
20.1186619806406 -9.53410318633014 16.4008999459106 -0.296677990757265 0.10764344014847 0.948891489893998 -0.0855264923896559 0.986639212817384 -0.138666083923268 -0.0498083749242978 -0.0566342592799601 -0.0577709350866829 0.168978852337616 -0.49200425291006 0.601999450475269
19.8332413936945 -9.13048239032169 16.3577545797937 0.38154833380521 0.128231103571249 0.915411193424779 -0.0878178004557342 0.990880023428221 -0.10219986836581 -0.137188846674691 -1.0532632367022 -0.540395080348483 0.406996727805642 0.196581376894207 0.351988971784698
19.6704574176418 -8.60306491078156 16.5641507992312 0.827553468981577 -0.0688363554386466 0.557150618905226 0.15204911061153 0.982842357668555 -0.104412489362077 0.41472601135461 0.693090871210183 -0.420635971484291 0.0104808555308731 -0.444803777497002 -0.191529524243905
19.7220560454726 -8.17233824090431 16.7843244055265 0.961208151527879 -0.269013192365615 -0.0609162685135472 0.253617333351273 0.948817102253716 -0.188213587964902 -0.175845885387309 -0.894524947941894 -0.481059866137256 -0.527460835810841 0.200864434096836 0.351852930584498
