t = 5508
b = 30 30 30
E = -0.992337863769297 -1.38165772269143 0.389319858922131
3.94362921312834 20.4346560774812 15.3553173657549 -0.625395625548486 -0.73064641187068 -0.273927239180999 0.623055788569694 -0.256238906593303 -0.739014957276011 -0.537840763180581 -0.28684747817572 -0.256600728331598 -0.141636000074894 0.205364545989528 -0.0552121376140651
4.28955950810668 20.1140048835596 15.1063515331559 -0.845371142285822 -0.464661276183872 -0.263510019174853 0.498196416068822 -0.507832274664164 -0.702784968411824 -0.0778838795381576 -0.113092849487974 0.192482366713247 -0.131649615392212 -0.594347566176397 0.287446193290781
4.40195982562559 19.5776180533048 15.1176290793792 -0.677771080738388 0.0228038938341965 -0.734919277567757 0.583905943652457 -0.590756029456429 -0.556831359235643 0.0576713397902917 -0.228377550800324 -0.0824768289203124 -0.232804896058257 -0.325833554729535 -0.231959829641112
4.35672565722453 19.0766532039549 14.887044342358 -0.296750092991247 0.496971742966505 -0.815449856829043 0.508604469872082 -0.640477394446647 -0.57542175873786 -0.314005259106798 -0.355677768968699 0.338759025814637 0.276075917759604 0.230994015865532 0.216974691525639
4.37383202720099 18.6761029001263 14.4532484536739 0.193087910630106 0.803546609698869 -0.563054086931228 0.558880379955079 -0.561734083146885 -0.610006180896877 -0.0920542872927295 -0.141407092391564 -0.0796371112500303 -0.35115414543238 -0.0988608605810244 -0.105678233078644
4.53169556488228 18.4450803696639 13.9858512381975 0.522639815974233 0.852108673546967 -0.0275396300711264 0.539034725909852 -0.355297915180425 -0.763678568333389 0.232877053860719 -0.148275518071046 -0.0325878427762887 0.0979184142496599 0.283933797233853 -0.0541183126640139
4.65470263954701 18.4303235440847 13.4775638573581 0.815788077296447 0.410766915563032 0.407136775567854 0.5390103842003 -0.28479526996832 -0.792691276555954 -0.109829376573175 0.653963599919675 -0.249652521319275 -0.177754700237325 0.286753705534315 -0.0803993765217217
4.86450044743456 18.6387552953308 13.0608422987107 0.768988277697307 -0.315720208837673 0.555857696263724 0.562814583107612 -0.0779684539297141 -0.82289772464943 -0.672837119670181 0.153640890162484 0.159224437725554 0.00295151848028985 -0.240152840261326 -0.64874064669285
5.85073939425655 18.619923076395 13.7333056391904 -0.772042248462877 0.116891260906987 -0.624729701320469 -0.481877415213603 0.533268460092032 0.695283327988051 0.0605791016952068 0.0794492346506308 0.806676326747453 0.0917134340108662 -0.415396246976359 -0.905954797573524
5.57386608134856 19.0376685317349 13.9096524456533 -0.74599654944802 -0.570584328341176 -0.343398707719021 -0.628976868522444 0.434256076792458 0.644833124639634 -0.0882655690842484 -0.407160310959444 -0.0214449952310496 0.194236864207001 -0.313173203300674 0.484780825857668
5.14623516409874 19.4856094241747 14.0166514958292 -0.543838687573392 -0.836474695588869 -0.0674504672924153 -0.759120934197299 0.456095146152501 0.46444873228328 0.661571560782909 -0.300193681538299 -0.0330944184565171 -0.283067423568893 0.4440367104373 0.905874755620385
4.59986513193558 19.7058713805101 13.9084720695011 -0.148499670112438 -0.882225552639592 0.446795168109806 -0.753367156693843 0.3936016048163 0.526797592915025 0.436338304191716 0.334372069518274 -0.704539358237126 0.18454335965252 0.124596139027177 -0.436132429598949
4.12321663774462 19.7643037329657 13.9472306807721 0.173962386318857 -0.60901503776455 0.773846090590942 -0.75551143444456 0.421486262585041 0.50154940222835 0.443013273449119 0.0103816566461273 -0.0891696365083182 -0.255234760507688 -0.185334034707757 0.288879081473281
3.6024217127486 19.7788433679871 14.1775360030744 0.640070777424236 -0.114144765071013 0.759789689647358 -0.657869858461479 0.429408156137067 0.618721168840081 -0.19456166231963 0.558496409083963 0.334961433528924 0.299713710313035 0.300778620964152 0.150423600709212
3.30787921225189 19.6678562400331 14.6599946932152 0.835649984899867 0.404854459362274 0.371189937190292 -0.512074781116892 0.32981062421624 0.793097957819957 -0.259532553330557 0.0350551500750225 -0.330364080385155 0.524270623673607 0.687145964618659 0.430212850494126
3.2880020304512 19.4345596215152 15.0854875174144 0.453387944667304 0.879360917761116 0.145477654451416 -0.295839474288827 -0.00549647340326563 0.955221856027507 -0.104226265233804 0.854785590757876 -0.408548165651271 -0.533345479374175 0.0261607409147614 0.688059309804198
