t = 1093944
b = 30 30 30
E = -0.831210222218543 -1.2643886203157 0.433178398097158
-37.1370178560341 18.9437006985874 73.1815050312558 -0.85944610857159 0.487468470155518 0.154035311099083 0.503832607301766 0.858712254953786 0.0936267430367923 0.340823088896389 -0.169620131255696 -0.235878541530239 -0.0268567385539457 -0.0815991131105051 0.196496269425359
-37.1167607746428 19.4256282047648 72.8957070893409 -0.651191817769184 0.138582806916801 0.746152814172497 0.320209042036854 0.941556600154257 0.10458172930197 -0.230154815879455 -0.462280240389061 0.19020558235867 -0.395647421083008 0.6020152642084 -0.301146791589912
-37.281711972623 19.8649691580353 72.7932953741616 0.0478355767507058 -0.0433695840829331 0.99791324110537 0.173491100345393 0.984232412732855 0.0344586103466668 0.0010354116850513 0.180065900962728 -0.510116020016976 0.430540415247095 -0.34082646786158 -0.789311235965947
-37.4726143880713 20.4226111462533 72.9289075066557 0.608658817884828 -0.308036271336755 0.731196347742521 0.355034224465612 0.929889887723283 0.0962054892824911 -0.333664075356207 -0.0333746190343749 -0.0717553197364958 0.0624097889826793 -0.0432564785187029 -0.116557607552191
-37.3904709638704 20.9634161364203 73.1752546027723 0.748411047794231 -0.651799564942479 0.12263046391635 0.638284674770333 0.758075032195127 0.133846626837165 -0.273336106938677 0.7877312639253 0.330755560302121 0.529668996868008 -0.065797292209905 -0.0288286723253087
-37.19734873293 21.3034289035649 73.570686800251 0.747605617514169 -0.540125782684848 -0.38645825070806 0.610551991840151 0.787938544187743 0.0798693673654263 -0.241318185187766 0.0689719051726057 -0.206621830389767 0.815617045970683 -0.184563367744434 -0.255721528413463
-36.8233668475277 21.5170017655924 73.8092921896381 0.585953602884855 -0.356499127621031 -0.727713368897199 0.721480461079729 0.638386010804241 0.268196281647646 -0.0316403821574801 -0.558741375342321 -0.386666240512299 -0.440143193464633 -0.0499632103085321 0.498528088119912
-36.3070021883397 21.4953101419077 73.9200018796126 0.131166856701139 0.346611776285448 -0.928792513020758 0.829505437302421 0.474674600769978 0.294286854734617 0.208392776614609 -0.39275248996238 -0.160495582158778 0.0997711908340089 -0.351571061438947 0.467715909732388
-36.3066528663677 21.7977722692804 72.8119201603277 0.164411987676898 -0.339436118465449 0.926148918797217 -0.712948218901415 -0.689760512821963 -0.126234987689205 -0.477820590395354 0.0368176276207892 0.614215348120195 0.0441472714873007 -0.00539468141652301 0.0676962786748399
-36.3152403770465 21.2344443997183 72.8026370492829 -0.290662373703357 0.129470316999724 0.948025749401947 -0.491120821777859 -0.870514776688313 -0.0316916705704207 0.342893371133929 0.219135754992347 -0.492691357210895 -0.00275750979239224 0.288934407821585 -0.677214220443698
-36.3389563640762 20.7319002310311 73.0715387289398 -0.683464707236111 0.419413776456729 0.59746805611762 -0.425418085393592 -0.893961648030898 0.140897212427832 -0.381546291281404 -0.153159587150482 0.547465519063585 0.176066735384661 0.342352793605352 -0.329352694597854
-36.5197449167906 20.3747113897448 73.5240144621761 -0.875957895602011 0.425950278162042 -0.226415824681451 -0.476994751455626 -0.834814689677177 0.274882594907313 0.120870284956125 -0.645255215136205 0.259872441747139 0.00900195379397613 -0.728011760155256 -0.25950531041281
-36.7977879132723 20.0820570102969 73.8059002147597 -0.580024869015453 0.289294914868959 -0.761498262345069 -0.607778509823789 -0.776112484013601 0.168091329802012 -0.160848102140295 0.435102818725248 0.0616043905334996 1.20085999510992 0.0566128546491947 -0.182857707310585
-37.2523639036237 19.8850635005019 73.9990050672352 0.106898018613931 -0.0762360489605005 -0.991342967118497 -0.510150100353281 -0.860013418681848 0.0111263110101189 -1.10886341323202 -0.138630984555635 -0.210462348862756 -0.454312727425796 -0.473135270949383 -0.0713696807148153
-37.716035857166 19.6900967952923 73.8815787504468 0.625336540973662 -0.343710524525098 -0.700583532388368 -0.56573225853794 -0.818051481068672 -0.103628113805624 -0.230130240439762 -0.13243874794355 -0.458987864742992 0.24310527930972 -0.0620710044246432 -0.339586878701165
-38.1220252870065 19.3309878595571 73.5425536225916 0.89802938246188 -0.36608494504575 -0.243977542503378 -0.39674457018537 -0.913549100623447 -0.0895644280868186 -0.485202007264399 0.086449891376544 -0.150025926100982 0.288377555947134 0.361202873779202 -0.393309790942399
