t = 1000000
b = 30 30 30
E = -0.881584209054571 -1.10815879967005 0.226574590615475
-24.5757936643526 21.928343821443 70.8505543401943 -0.232449667979411 0.96098165537374 0.149938020166396 -0.961610170821717 -0.203955787985245 -0.183597156621599 -0.258817902179815 -0.359094041978019 -0.0556065545236349 -0.150897112649376 -0.0914474263320405 -0.0905514689344744
-24.8334103787982 22.3498486437859 69.8053924731554 -0.207228830020317 0.421162003432043 -0.882994212253681 0.116567056548119 -0.885526834650089 -0.449726968773569 0.247454944058833 -0.0954352373244384 0.238302393719107 -0.195490622517654 0.265680065362541 0.0616963859317433
-25.0465685992322 21.9993583873785 69.5159110312933 0.446573051728527 0.540686576102937 -0.71290289373236 -0.00414652755457205 -0.795505453556771 -0.605932240164437 0.0479943348409214 -0.380175146269521 0.0951238114498615 0.341732704843598 -0.0276919021156253 -0.164019650997843
-25.1894590296801 21.673756931426 68.9956871418742 0.920462268646052 0.349715596228299 -0.174494165385718 0.140527840235341 -0.712754909648622 -0.687191650771866 -0.103266218021687 -0.084984048923198 -0.17857611587551 0.37088213181416 -0.0922281151329405 0.533660845586723
-25.1052732608011 21.5843484622005 68.4451854777505 0.975550352087718 0.0834801880725697 0.203304128686293 0.216198022444571 -0.53076303785624 -0.819480941045409 -0.0363029759902904 -0.602481389147216 0.776983918271264 -0.161773818118552 -0.204479668960771 -0.307239762527877
-24.8852240865892 21.6383480961877 67.9330166051505 0.778391153139375 -0.389620198293399 0.492243144996641 0.31940315750989 -0.429239549593698 -0.844828403900656 0.2865998001822 0.342678188161556 -0.00222665862142546 -0.0920205309044874 0.0429632444402651 0.394240901093891
-24.6053091419667 21.725578982891 67.6200107321501 0.26394846641345 -0.884650310739431 0.384350146073391 0.330356593189578 -0.291464555181991 -0.89772653654036 -0.0119113885327399 -0.113404514242624 -0.0514268284622474 0.0501640037168544 0.243010886472226 0.0674053862842479
-24.2568170938492 21.5331769948003 67.3250158556306 -0.571364890051847 -0.780450023903497 0.253850197173564 0.305370483419884 -0.489273580863734 -0.816921190155259 0.512527801771613 0.505574876315806 0.378290726362355 -0.305794051437736 0.297004348734286 0.265055042357928
-24.4264439036884 20.50598270457 67.8066922561081 0.278317229957508 0.90440327834625 -0.323410311563065 -0.256770955091011 0.394517999199411 0.882283528651275 -0.318518225946507 -0.0433322666642925 0.0720767232624981 -0.00503850519305141 -0.645831738791371 0.0263799487101662
-24.230873393809 20.7578992470922 68.2208294981184 -0.22849149161522 0.73033950196157 -0.643735854317584 -0.0600682955601707 0.649392066070203 0.758077663827111 -0.0291069291567512 -0.210918019753385 -0.0780648649349885 -0.218803224852926 -0.283319985601711 -0.429487928710582
-24.0289803105778 21.125147113128 68.5550311555937 -0.753358960906905 0.421493363499976 -0.504770859446886 -0.157590195997866 0.629504328131427 0.760847968380769 0.199665077623457 -0.592925096115375 0.0122641655737211 -0.181373830348772 0.352487401200314 0.0622181212007726
-23.9742954540508 21.5584528490607 68.6786029490509 -0.965024179387837 0.0627245133658455 -0.254546594202038 -0.108803810096876 0.787558234501849 0.606558948641214 -0.481336675175019 0.183554137550427 -0.174233754660344 -0.365060889410738 0.0731729034973861 0.0346543061075425
-24.0966161422029 22.0548668052116 68.7272513488327 -0.926189673660503 -0.235517738442884 0.294455570983795 -0.0945478738034036 0.901043535850147 0.423298058183464 0.151658950258189 -0.237744805536934 -0.021285819857451 -0.402294342546092 -0.0275266341117224 -0.234617864951763
-24.4035224661677 22.5455736472861 68.7486940964223 -0.460333909743111 -0.55880027222269 0.689807906090154 -0.203340335011345 0.822745574734006 0.530794147870031 0.103655284765683 0.156735906448589 0.426723311766468 -0.281313607751352 -0.17972662598302 -0.503089408621966
-24.650975924624 22.9418056144445 68.9595941900393 0.500906149383404 -0.659240284239457 0.560798784900409 0.235874808880064 0.727399157943474 0.644401691151499 0.0819122348121523 -0.0883293242539224 0.108655566181911 -0.122531705883971 -0.350569325766015 0.0106864374313802
-24.9514632082284 23.1210282313923 68.1417382030017 0.123617768648759 0.542038344577318 -0.831211814330249 0.392991787552264 0.742408310414151 0.542574746504554 -0.0780348475832315 -0.576009866446435 0.0387136112475544 -0.0488491303182084 -0.392102380066904 -0.287320169031781
