t = 4322
b = 30 30 30
E = -0.821546998396851 -1.24256614682258 0.421019148425726
17.3773794522612 16.1871744635279 19.9243799329176 0.155505763998746 -0.699130804269517 0.697878267239083 -0.976460096047543 -0.21569290059234 0.00150115318529636 0.280830725423728 0.515077972540576 -0.400378446775601 -0.14357373654014 -0.580607147497759 0.387174196925423
17.0280326826257 15.7886974459243 19.8969221071875 0.141965839846626 -0.0723672774714824 0.987222709153314 -0.989053471602954 -0.0509090879308745 0.138497274616467 0.0333884226793008 0.0606026634282629 -0.0388942737884661 -0.180538459560384 -0.484173205196096 -0.499971632621872
16.5833499745645 15.5513130305906 19.9721167004843 0.0724400394710951 0.463440330385072 0.883162216613687 -0.957837495538655 -0.214513650350112 0.19113143633036 0.0324676238658425 -0.460896828442618 0.0116219586559865 -0.350383488160744 -0.189780037427105 -0.259119168380164
16.2695777274891 15.2345947014543 20.2146840386363 -0.0986673134906325 0.857704354015484 0.504586962129845 -0.874444607336898 -0.316757245316316 0.367439078268815 0.03745581103444 -0.0717807779704633 0.223914261693604 0.413595159667129 0.0162540979387412 0.0296824008381871
15.9297901359913 14.9777166106235 20.5919491678942 -0.116126228412099 0.983333672372637 0.139891343023516 -0.855334486540118 -0.17060223111393 0.489180738453691 0.0918169375749828 0.221181536857566 -0.143564175969973 -0.185625261684953 0.356847175241373 -0.999654280032718
15.5769043867422 15.0386974695856 20.9602627718571 -0.27585871724213 0.717499002507461 -0.639607027417871 -0.90170714528414 0.0372933520958233 0.430735916813286 -0.145577608066458 -0.110035258280613 0.102185250238835 -0.302292892963157 -0.347489641477115 0.740730260945565
15.2421131565201 15.3745208081338 21.2591369580109 -0.398270466971967 0.281282972305721 -0.873075325861857 -0.868181431344846 0.191600086027531 0.457766762994279 -0.371858291684361 -0.0499798036027958 0.107150425917147 -0.0235899791610457 -0.061414436907473 0.258652754325537
14.816403505756 15.7244979516128 21.4569035464158 -0.306595972787879 -0.459369408731095 -0.833653798523286 -0.948697092008251 0.0763660925604351 0.306825760851573 -0.0336186758338081 0.616778789379955 0.208629339829527 -0.371215764305799 -0.0877955160075872 0.10770480666114
14.5967185123607 15.1112404972419 20.3324954640188 0.118384667618158 0.49472577707861 0.86094801002552 0.841903337786874 0.409707547596538 -0.351195807585667 -0.110597265528267 -0.778935108882344 -0.0278740460279653 -0.362422101040304 -0.165528371886775 -0.546571098049822
14.8529331998478 15.633090671015 20.1666693825489 0.360062577225304 -0.167926763319952 0.917690330472516 0.884606599671441 0.373926545930892 -0.278657679000452 0.0601887071925979 -0.261514528523334 0.13768278849762 0.124182591067675 -0.0597937343981636 -0.203927425171331
15.3224457434217 16.0005665157355 20.2304334627547 0.17038038246224 -0.839784410829644 0.515492646503832 0.98291155754345 0.107848645302031 -0.149176203712337 -0.096830269557179 0.0393965503981351 0.00900800204404419 -0.915034367585188 0.179911321008764 -0.0123901946414784
15.82944886096 16.1200535610224 20.5540869531835 0.106405562894487 -0.974691586890325 0.196606629161695 0.994240404744602 0.106841766258315 -0.00841751484101447 -0.344127659045315 -0.538577563615136 -0.221741007832238 -0.330900809182364 -0.0506671891878862 -0.108029357516186
16.2248560986136 16.2178910747999 20.8613605844754 -0.0186247162149888 -0.862427785028627 -0.505837360775701 0.999278025896604 -0.0328126321663874 0.0191509302775949 -0.596184456229354 -0.128247710660945 0.177184614938096 -0.123940640943861 0.245035155037657 0.213757547021
16.6479524510616 15.9492274232258 21.1119845523671 0.00118057411477353 -0.220918042806636 -0.975291661303039 0.99987618850995 0.0155643003331131 -0.00231521185990192 -1.15383973483061 -0.0158688420884479 -0.383084673177712 -0.159211869275832 0.166961894212694 -0.427020943105475
17.2304665663535 15.8172621416123 21.1302302647868 -0.251836356160835 0.109967129436341 -0.961501783752464 0.965604894296011 0.0949701524735862 -0.242049288887062 -0.44504646824855 0.636548872814352 -0.768852376729924 -0.14159398641262 -0.114856303233133 -0.0349026533872101
17.6308122202157 15.610024588726 20.848260286895 -0.404123375827193 0.506007730081927 -0.76199768648426 0.883438458944262 -2.71894808134412e-05 -0.468547210555045 0.535888175693334 -0.294376804748104 -0.0142770646170719 0.473664233923068 -0.565762629752698 1.15881841356138
