t = 3247
b = 30 30 30
E = -0.898542350003095 -1.29514934960616 0.396606999603065
5.23464231075807 17.6646490625634 15.6349390278074 -0.232055803057513 -0.19248843217572 -0.953466469125091 0.499444496925259 0.817564263975702 -0.286607516930283 0.305415072635754 -0.295429301722756 -0.567283429491368 0.289613518380597 -0.0573984515334759 0.260552306190941
5.56653787849454 17.8991751565462 15.4200327865824 -0.489041450986664 -0.164278267473382 -0.856651101705245 0.700756806989633 0.510815673747851 -0.498003257932336 0.021521184863074 -0.308829724307825 0.310847293532518 0.305725097265935 -0.0930007096670922 -0.138660311521356
5.95466645258147 17.8210377934215 15.0866209524957 -0.667241088916998 0.502577955714949 -0.54973150509157 0.744741316641663 0.462280216076702 -0.481307981557456 0.40067431335158 -0.135641865723925 -0.64691403517072 0.493703469389983 -0.183159171531478 0.141743907134017
6.23630957741226 17.8730641276603 14.625809050081 -0.617554507023213 0.77739533944253 0.119511158760798 0.687323786258636 0.607267151795891 -0.398513010067175 0.62591827845169 -0.0213533163397146 0.0650297341668478 0.0822054426170723 0.459998527873125 -0.577975082175132
6.39314865351662 18.1806590583122 14.1036401797072 -0.394184433668426 0.694736673289927 0.601630773015769 0.496218440247032 0.711901799947676 -0.496953807501322 0.0154397771057206 -0.0394746886720254 -0.199292254570164 -0.684297318718726 0.392295812218772 0.400392306503229
6.47911212256369 18.6765019323753 13.7408816983767 -0.27774188934749 0.38833328636039 0.878667571727914 0.359947232264743 0.890089639300649 -0.279604048601923 0.260334324539304 0.611085465607622 -0.458045157207309 0.24187873430238 0.251197167906651 0.208659649122043
6.37592234211655 19.1708922992552 13.5850476182698 0.586661666263224 0.12944456440117 0.799419910988115 0.325423590257477 0.866254322567736 -0.37908170034525 0.0917731415994869 0.044667560110445 0.28083805144443 0.416200208133561 -0.324044872426823 -0.621046043034866
6.50665690881508 19.8316429173962 13.4660548774178 0.525558850576378 -0.384607494919701 0.758857674028819 0.691871042122578 0.712286591186634 -0.118162062811838 -0.616214059263566 0.389972720791686 -0.240832428742338 -0.175626606075295 0.148107500167012 0.032183691650589
7.28086773173603 19.4878480072011 14.279766347089 -0.856197552719487 0.368761791261694 -0.361857004937905 -0.481880141473518 -0.822583462249565 0.301907232253513 -0.245182980596581 0.581879051829446 0.287183547035988 0.880621809842449 0.0456904429838328 0.680720636314258
6.92823010128155 19.3227127040556 14.5685278416455 -0.519235058656727 -0.0446784726303631 -0.853462821653738 -0.600882346348141 -0.691043982446504 0.401744471239652 0.133285557721195 0.00781586130315119 0.412658277705648 -0.290249883733334 0.252547665031202 0.309684798924896
6.43643448103746 19.1696387766675 14.7484460376525 -0.0750931093349745 -0.366284819175428 -0.927467765570336 -0.659810858949845 -0.679121106591354 0.321627351128608 0.16029413961158 0.771881223721308 -0.45845178524815 0.159657505562854 0.251119595217001 -0.0446330927904663
5.93029150541546 19.0768278741848 14.7443351292989 0.456474459274584 -0.764190862588768 -0.455679046660931 -0.791808755742052 -0.582496087156928 0.183676897777305 -0.814909280821989 0.181573610296022 -0.0110382888483181 0.0475960899651131 0.172005956145887 -0.136747170477743
5.47496457075911 18.814354992688 14.6373618919844 0.6953743660651 -0.716568706314556 0.0546239887800506 -0.716546886224734 -0.685528209892068 0.128886125257192 0.171251945408555 0.255200945125879 0.167806804407311 0.437957557973143 0.363967533496753 -0.340248201328371
5.21065806128617 18.4503324663284 14.4251574774813 0.558750306198769 -0.494050869807047 0.666116981742457 -0.714306479454715 -0.694791120679164 0.0838543501221334 0.229512025505965 0.463359380647504 0.123337033024886 -0.373464034620551 -0.249274996769668 0.191091561713495
4.90887091514244 17.9009754350102 14.3899001886141 0.54331750009321 -0.15001246809587 0.826015952332792 -0.630281064688679 -0.722833302570899 0.283298069512235 0.841816948766564 -0.187090494101406 -0.328695438187228 0.293947922873734 -0.573218807726017 0.476252657299257
4.90964452761648 17.3596961599833 14.4848123762973 0.139599527875783 0.365925554902982 0.92011437337203 -0.335100778048894 -0.856928759692564 0.391638314472412 0.365978947235232 -0.00568019090600472 0.0236547570443899 0.0368658007278212 -0.52577593276035 0.16189347887592
