t = 317105
b = 30 30 30
E = -0.901571204761204 -1.30850896506539 0.406937760304183
25.9458163573792 9.30507000950895 27.4947495220902 -0.940012802005677 -0.311004326945513 0.140186449725312 0.127709913722803 0.0602337162759129 0.989980846966486 -0.107224882289153 -0.331108688975906 0.691859322496025 0.671964167560894 0.337920900721545 -0.570523279075421
25.8078876958389 9.47056041316645 28.0060903372005 -0.459157489766574 -0.886860926306896 -0.0514985143604348 0.0441959464161374 -0.0807036887100845 0.995757818422228 0.201796943847228 -0.106408367818637 0.103103676072409 -0.282141427233466 -0.310961760794657 0.0973301659422427
25.6524396065155 9.43138870565908 28.5234236402642 0.0346363295037517 -0.97897074682398 -0.20103880605848 -0.149520495584072 -0.203971488193374 0.96749121618983 0.74032691685309 0.548994203048265 0.245149467747942 -0.375216744207471 0.355345321226585 0.228082750512642
25.2580226224424 9.16274064733929 28.8291077526266 0.543232900751155 -0.839456833177234 -0.0144996818432073 -0.363125053958565 -0.250488221298156 0.897438491585048 -0.185951184972682 0.0132788780307301 0.419015120203845 -0.0232180642568828 0.654228121605741 -0.30893470300535
25.0117875744604 8.85481886537087 29.2381706267818 0.948531732095764 -0.313756004844344 0.0429502343591691 -0.10110034800487 -0.171490982477998 0.97998447057187 0.0526650862283913 -0.468331236574359 0.104177992417908 0.599413427217847 -0.155060387493573 -0.593594976791663
24.9621683673447 8.51098718379972 29.6689434019441 0.977726763877179 0.209688770332648 0.00899971081165009 0.021211584227066 -0.141382854250213 0.989727718728077 -0.719369686270536 -0.0370108181354624 0.136101115176726 0.284554816119166 -0.0433561453882553 0.630836972681799
25.1234097010838 8.12671976918161 29.9832888975903 0.706472262856804 0.706260876096952 0.0457440346794048 0.190095890691225 -0.251617208355925 0.948974358347721 0.105407503674845 0.403997435292513 0.274551027190611 0.171270863953086 0.0662993777870462 0.556849240268301
25.3874575462665 7.97839400055252 30.44701735305 0.41851829079979 0.908164099838184 -0.00896705253132202 0.339887122911444 -0.147462423843384 0.928833449673933 0.398725212928712 0.0190070966268679 -0.691287482274459 -0.273321707178441 0.169375041745301 -0.57197113547149
25.8855728626621 8.94725648528749 30.6834163579062 -0.342942151966132 -0.80858915029134 -0.478094411634387 0.0315534491518414 0.498756308976177 -0.866167722847673 -0.123266409902327 0.217340351178926 -0.213570020867657 0.288934555957465 0.160554301828871 -0.795725517270884
26.0169497876158 8.9210420622296 30.1648381231027 -0.792518084987691 -0.57749980497916 -0.195982295671028 0.0226599458543187 0.293255046350437 -0.955765664085019 0.178797598241292 0.374578180427238 -0.111099070543597 0.0625708909427349 0.285551590011276 0.389502480566786
26.1140380708714 8.77750328818183 29.6904105255394 -0.966290261434499 -0.256635202832416 0.020530546120068 -0.0464440798354339 0.0953246595116742 -0.994362185894683 0.109763674298776 0.3597426672769 -0.177427685082842 -0.00943782718561307 0.405598831130401 -0.180389068169242
26.1163323173607 8.40415706017503 29.2651775014788 -0.953044724545682 0.298246005798409 -0.0524887896694206 0.0394778128447162 -0.0494872969780808 -0.997994243335511 -0.542255981468133 -0.565979608828695 0.0181612695410338 -0.325192701041798 -0.396200621882118 0.36240237164515
25.9134060919794 8.10255699824257 28.8424458548387 -0.5666222331052 0.823512350544671 -0.0276885075666131 -0.027451270214173 -0.052451483701711 -0.9982460967222 -0.0938585659117655 0.381207389545237 0.157868735511915 -0.443481023348686 0.719369205536773 0.25330204781099
25.7192963459782 8.234944868137 28.3398710544244 -0.0398860158519939 0.991679893626652 0.122393195546485 -0.156513669568603 0.114778017022614 -0.980983933633236 0.110884021013352 -0.220721708863751 0.0995259772650317 0.0902119056654072 -0.134974090728233 0.0480948652853637
25.4063716130616 8.34184863686437 27.8819642547422 0.27684520864694 0.942450733852059 0.187465582737011 -0.440931179708563 0.297933177633965 -0.846649583018691 -0.175875748147762 -0.714913107703558 0.855137086316802 0.102300083421592 0.224071257046524 0.0291066938928414
25.0064656930051 8.57631439765351 27.6908391552753 0.731253314638279 0.648189451997609 -0.212412391704381 -0.555170438500629 0.384651804043805 -0.737447471933325 0.148479383517364 -0.266566998333197 0.121576324342564 -0.0967816148376769 0.714398578101319 0.0302249546490424
