t = 1052176
b = 30 30 30
E = -0.978010230323464 -1.35442227182266 0.376412041499198
24.949329846166 -24.1435055337751 47.9933388070127 0.235346362093435 0.965587425405144 0.110693331998143 -0.95651408553859 0.209918085963031 0.202522100897498 0.989605747270829 -0.374011214692251 -0.126074471587841 0.0300259985763754 -0.116433443535935 0.389736509638741
24.6913641967683 -24.0671544204171 48.4034833814883 0.0846735047981484 0.891229458439792 -0.445578780906733 -0.861336145797605 0.290284272281063 0.416935348955688 -0.124684371050483 -0.688576423190098 -0.36729659077728 0.429410459448499 -0.953441974305161 0.261950451157038
24.5742241780079 -23.7577177162294 48.7825810157518 -0.350059925249557 0.40832171453505 -0.843048887178809 -0.804193421295334 0.330505804633491 0.494002888907426 0.135921883741391 0.505712329108306 0.0915789534223957 -0.262890919886897 -0.147394435786703 0.0908009354968618
24.3372674227593 -23.3983755035834 48.9450367482279 -0.476081941381814 -0.0302815546382515 -0.878879407278863 -0.793535817901087 0.445521334965736 0.414501683709962 0.316171438562286 -0.544356789167622 -0.289783600067332 -0.104630175946122 -1.02628568775522 0.0637465104188217
23.9976361589934 -22.9637000075799 48.944466737585 -0.449423076494175 -0.437664484620971 -0.778761001345067 -0.817393992114868 0.55317191346059 0.160834995610041 -0.223121790585612 0.292362880162943 0.0673428858074886 0.361629811679341 -0.255909250089283 0.0111858614672242
23.7072085328598 -22.5972997469536 48.659987197214 -0.594189930474852 -0.804119059658573 -0.0181896788342384 -0.803277180136992 0.592110428244026 0.064428352732687 -0.549463247885815 -0.172577246799112 0.311296235738406 -0.0380743543664409 0.116896068258438 -0.226954845217016
23.3484230950623 -22.3598660423205 48.4767181316752 -0.481772845277974 -0.76601932559522 0.425569404877032 -0.872771365874489 0.462965374876127 -0.1547036023348 -0.327034692865796 -0.24735968330821 0.49458859567253 0.131789905435327 -0.126236262497033 -0.514227264553534
22.9591242501181 -22.33270566101 48.1945105219514 -0.284441707973643 -0.101308954984918 0.953325448314936 -0.792665872253119 0.584171317155032 -0.174426738714345 0.533562128377664 -0.807228138659899 -0.144300924573151 0.672544252150373 0.19214045678234 -0.626603644114595
22.5327968880268 -22.7786872207701 49.2541305216929 0.283566738846586 0.250214750448254 -0.925733483934776 0.717154597519539 -0.696201832228225 0.031500667590541 -0.270763783650499 -0.233390464300104 -0.414399368500525 0.0451330341593848 0.172655553623113 0.179199916103948
22.7689738418628 -23.2661036998204 48.9554487188754 0.507698755513973 0.760867226335709 -0.404132450488428 0.810731329131129 -0.580635870329763 -0.0746772927447253 0.147613872962354 -5.04512761727166e-06 0.214349205811865 -0.215474097779427 -0.531553637246544 -0.162415934897411
23.0197155147889 -23.5906691527452 48.6138194979077 0.495414504415989 0.868446066800917 0.0191284571312801 0.770227762380233 -0.428990067611582 -0.471928719140247 0.390386682946656 0.197830820087479 0.469212713779963 0.403701207055479 0.017675165465195 -0.175886850831026
23.392825309842 -23.6629105165808 48.1692656183782 0.520362734338433 0.621031962936319 0.586124496778061 0.851214031121243 -0.322370992969521 -0.414139609448515 0.270342861700726 0.251334707282859 -0.020909807402518 -0.0863315682567336 0.0922917025097423 -0.205618810414608
23.740563738276 -23.5148260906454 47.8731705822414 0.447548449064769 0.0246202472506211 0.893920706307367 0.860544128313736 -0.283752050233892 -0.42302314028058 0.0896108808500409 0.386693599899835 -0.318670890050431 -0.195984367058549 0.30341118757118 0.174558059089001
24.1741545901613 -23.2210318845084 47.7905778048845 0.223379508393589 -0.658715037205953 0.718467880276222 0.930334022829794 -0.0758415023229072 -0.358784994795926 0.4847537826762 -0.1162502490009 0.194387815975767 -0.206930461676383 0.121380644020189 -0.331936549228496
24.722263006901 -23.0455963589936 47.8902041782951 -0.0111160384415034 -0.817881003801349 0.575280016435692 0.989041226481686 -0.093696573627016 -0.114098222642439 0.263669173460577 0.292895382011297 -0.0653762334204157 0.308022423339529 0.232044999924985 -0.202577628125034
25.1915026961887 -23.0263152447833 48.0588623556352 -0.23002005952671 -0.967139917588828 -0.108310442809769 0.929903883047962 -0.185602789580783 -0.317537986376769 -0.577680855982072 0.00429642138070734 0.0510048465526682 0.0429070649565506 -0.700951484667072 -0.0749027221368711
