t = 1000000
b = 30 30 30
E = -0.747097557783467 -1.07429039951206 0.327192841728593
24.9920617369929 -18.4532063826945 52.0278646545602 0.324572211442673 -0.818821823311568 -0.473480412718352 -0.489793426169874 0.282741025081115 -0.824718080568648 -0.551031522646728 0.0888886814306901 -0.665760259131526 -0.0249934194575716 -0.164447956697103 0.101963907554432
25.1838733898448 -18.2013095560898 51.5612543413636 -0.270029165312705 -0.958127962460175 -0.0952630958579755 -0.519059862130905 0.228185642512397 -0.823716074916507 -0.474577902769609 -0.231377252884823 -0.217320703470529 0.401176927540505 0.20832733901714 -0.168877674861573
24.9643717569422 -18.2853445544144 51.1059142269958 -0.667174312699231 -0.54023014341527 0.51286433744199 -0.695084062389999 0.203942975519115 -0.689394958603432 0.382582062199463 -0.293246681145011 -0.346426181657459 -0.0825045689837614 0.701918824601081 0.155239621910378
24.6655281178647 -18.5778379651025 50.8079964061511 -0.726468076232974 0.290078234282804 0.622975723611883 -0.623948561549815 0.10146890358141 -0.774849826834799 -0.00397086196481262 0.0105780887923578 0.458639927168567 0.0865666598646393 0.0328041784051471 0.19576567682908
24.2113588143091 -18.7840461024461 50.5467785372636 -0.30331337979586 0.821892310466261 0.482176340806194 -0.702196973918271 0.149272137682296 -0.696158917727667 0.204897062687152 0.0299667778848772 -0.552856533242795 0.0740201485333455 0.535670304583277 -0.135497508039819
23.6246995625702 -18.8095458423926 50.3904707911976 0.0891409196547361 0.965025132853129 0.246536791179208 -0.641305626102492 0.244997147128932 -0.727119998231348 -0.0435267462928788 -0.247301921557241 -0.128029612114553 0.454080490939967 0.670668549826859 -0.151388177735555
23.1568748957192 -18.6706039402737 50.3836140375652 0.523394584402955 0.734454557298086 -0.432012282558856 -0.712959926743562 0.0998232180953387 -0.694063014420826 -0.196990732971136 0.16878622482747 -0.271369800010137 -0.417400054769096 -0.338585195184899 0.220362202679278
22.2193814656845 -19.7537289866357 50.425864303573 -0.311766340960089 -0.699115987094419 -0.643458301083568 -0.0194343849412072 -0.672377663637404 0.739953094542795 -0.510715976356371 -0.0448451022146614 -0.471807402017544 -0.219852381548566 -0.307912667838263 -0.00143615264964164
23.5854981621386 -17.3012600672914 49.4496044969243 0.426184972495915 -0.694126816906633 -0.580133028942268 0.0951752565998212 -0.603325509922438 0.791795427877696 -0.0234781794123277 -0.261129657578845 0.146038121043927 0.232762257290653 -0.495092935546543 0.200789776514326
23.7833608556787 -17.6137133371002 50.1771692590138 -0.663878175804477 -0.706518220793436 0.245148468029875 0.547426306453137 -0.23577844079098 0.802952654806774 0.0227285686124597 -0.301969249050785 -0.434788289052285 0.189857953945124 0.0629268374512731 -0.0494686146025015
23.8129584577769 -17.6023660786464 50.6615525958411 -0.181570564003014 -0.963201650622012 -0.198178481492412 0.474814968988274 -0.262350905542342 0.840073060861817 0.418297240150153 -0.393723033713346 0.535561519565636 0.0805116327023816 0.114713121925057 -0.416960319611228
23.7276702982429 -17.8275253173876 51.1375562651042 0.407135930646453 -0.784371751322758 -0.46797573623375 0.475804991227077 -0.255213798778426 0.841709883057418 0.549838443871225 0.21422201245567 -0.234387141449065 0.0781615413455499 -0.368510904170712 0.270013448586143
23.8345690904624 -18.2162906304857 51.5398052273417 0.720581230053775 -0.212118133797712 -0.660127705984515 0.545252112738539 -0.41477577146609 0.728464956575721 0.216821821201916 0.4447868433525 -0.119829039168863 0.0218172858838295 0.38020207388107 0.519012783583267
24.0073367846471 -18.7287863292459 51.6644533217364 0.868279496901503 0.420452446356737 -0.263268789667745 0.484273992142476 -0.603340560020859 0.633607819686686 0.0318457708578582 0.435730084474496 -0.287075128805961 0.268618367286795 -0.434664513171086 0.0457225987947298
24.2530999300703 -19.0624612728307 51.6243162709417 0.214106343236038 0.760366012584748 0.613190020052557 0.147104287104903 -0.645687024089762 0.749298735910753 0.0431138097950389 -0.366164397909012 0.563695109667423 0.458192583790729 -0.099321887167723 0.259731656212849
24.56654138949 -19.2391077761549 52.0349558529975 -0.572003532681692 0.661317993911175 0.485252995383839 -0.0363452207467335 -0.611444145434081 0.790452453942229 -0.0998030952314908 -0.679314503214481 -0.804122098123373 0.0623611847645149 0.311436750390611 0.3307885324793
