t = 317035
b = 30 30 30
E = -0.704747156403711 -0.999102071187018 0.294354914783307
38.6226454704156 7.04875496252562 37.9943552582414 0.690944085300401 -0.0332085865331439 0.722145041365543 0.145961986087148 -0.971961602833597 -0.184352220585067 -0.0211158763605672 -0.317393887865143 -0.133608540718851 0.100853871933747 0.079136364880716 0.681771476166867
37.86767141597 6.4912350175033 38.2112766648435 0.23389644765729 -0.790842729261974 0.565561870485298 -0.22133335955904 -0.609734560834835 -0.761075100939376 0.24061887343537 0.333873815959203 -0.199003379530807 0.208577556004229 -0.0999591974797957 0.115876544248919
37.9012518608428 6.07571848089166 37.8605270694253 -0.309577295343346 -0.537374379085734 0.784468402748061 -0.215615918403635 -0.763835539275525 -0.60832971707013 0.25459669849058 -0.352019617426712 0.458635508962922 -0.165719065361802 -0.492401194714685 -0.340627271305101
37.9971852467256 5.57968771697769 37.7941021302812 -0.90665419956427 -0.0372047102970322 0.42023085553563 -0.192773856814885 -0.849492803760357 -0.491121386714239 -0.34865975891392 -0.102477847344415 -0.197482374485145 0.114990815445484 -0.291600982664335 0.496338737031497
38.0282742822195 5.08783033686345 37.6965678845929 -0.851002260046113 0.249982240015146 0.461848495800766 -0.372254575004699 -0.907471858445303 -0.194734068713911 0.543139013999476 0.250436110774581 0.174398801138826 0.0624724680349779 -0.127760018390258 -0.272106947166415
37.9090725721313 4.60422246477988 37.8684259464807 -0.909003617065534 0.354903952778707 -0.21853056642895 -0.292029530632412 -0.916437692734529 -0.27360685037851 0.431597769424179 0.580939294096814 -0.100523133346895 -0.263687330988916 -0.302794495934538 -0.057695898346845
37.5902882412306 4.18957593570718 38.0101869598425 -0.308615025662262 0.522383940231878 -0.79490363247587 -0.3678134531496 -0.836227251143416 -0.406739779376602 -0.570186442207075 0.785027203202021 0.0931362899648116 -0.298956522988993 0.328368738476019 0.353509035033883
37.9148990449068 3.3627836578483 37.9199451697797 -0.382521032879886 0.0932887485850145 0.919225145865766 -0.148960962316022 0.975647878676009 -0.161002635198616 -0.239488728265644 -0.0476436486472452 0.0566175613772111 -0.0747404904424284 0.033073831368244 0.277524699873406
37.0451465771635 4.23408559844983 37.1943799272585 -0.523951223568085 -0.136020567741663 0.840817174225617 0.347118906094892 0.867369355973824 0.356621459462309 -0.178147788507416 0.282549729650597 -0.0485317002115351 -0.118132411507023 0.316164237631671 -0.268583410588488
36.9466112325085 4.70745398057721 37.2040400645859 0.201070893664176 -0.466399217351434 0.861418751696881 0.450042355384994 0.825061326136163 0.341666045245838 -0.242586678701228 -0.0472353331256713 0.215823416066699 0.180881271106146 0.30671407248096 0.0999746852287652
36.8613471245337 5.1000194514737 37.5449712167949 0.831265258773838 -0.459565650225633 0.312725890658865 0.329980558432865 0.860696409850979 0.38770416702165 -0.0916014732045201 -0.331649235485526 -0.232584726815963 -0.111470187095104 -0.618537871495514 0.00385450975677029
36.8294379082755 5.3282734179349 38.0029675608179 0.933714190654653 -0.345555175638942 -0.093645238850253 0.339666216777232 0.772337618619385 0.536769470113168 0.488825750290264 -0.73462539748154 -0.355581058941776 0.0490040611824924 -0.011589024569629 0.60874537656614
36.9941196613147 5.39058761805368 38.4746628030111 0.783220321965407 0.201643354467156 -0.588137641083794 0.215511448553535 0.799256012203606 0.561021071350008 -0.391894902079439 -0.0741955632697086 0.485050039503279 0.126701829468955 0.238036537565736 0.236330711194868
37.2442749285813 5.80155335248827 38.7095009469867 0.627184492573373 0.0626428395213681 -0.776347529739201 0.532114250968648 0.693415895428143 0.485827973549918 0.168437529742435 -0.47562564101287 0.423160812806042 -0.184736429478897 0.0177252704334626 0.511138645740262
37.6144439168594 5.84907133795103 38.907033649084 0.0957989123910699 0.649937240820365 -0.753925826178928 0.6121324967559 0.558794529667247 0.559501992873487 0.261606749183057 -0.598265421202668 0.308640024994253 0.0405175265302053 0.140136084445654 0.0505317024184257
37.9469557102486 6.10149019609047 39.2482486992766 -0.10626324724951 0.334247429451358 -0.936475722156834 0.580277519188585 0.785645314435567 0.214568032637241 -0.170740239327304 -0.189112416563096 0.280824580883231 0.078438737401179 0.532092083233695 -0.148362984014685
