t = 4595
b = 30 30 30
E = -0.932953656335703 -1.26458815376166 0.331634497425961
4.73927787509141 17.6283145401544 14.4862386122357 0.673013126969925 -0.309031010174042 -0.671977057403728 0.54585653014218 0.820591738320341 0.169321727789247 0.373126156876051 -0.219336914086076 0.0321871058061222 0.487508469089054 0.299605888447989 0.144609625619718
5.11305418092381 17.8647668257941 14.7072913350517 0.1878332025791 0.0554276272769718 -0.980635745903302 0.578258470954509 0.800795709489483 0.156023627802312 -0.0114150075842929 -0.12200568249926 -0.331424638663972 -0.239382685408069 -0.0679773190358908 -0.116628702079836
5.57545580499254 18.022708774477 14.7051882561754 -0.345293559441464 0.457424574017702 -0.819472462559275 0.741871945602365 0.667835077611182 0.0601857577856135 -0.464336050131455 0.407981320091996 -0.091485737307839 0.0684984138462602 -0.379255378550788 0.182931397233754
6.04233808165737 18.2501305690859 14.407074271311 -0.739411115768654 0.585922698675636 -0.331610906114989 0.613065816598347 0.789534090794799 0.0280396860080276 -0.0469478085908055 0.696310479204777 0.492425270849526 -0.0841835753930864 0.641116787139862 -0.337655306743219
6.2805248630999 18.5302442715952 14.1463758584212 -0.697193162840978 0.602624439626068 0.388285305481898 0.625593863012471 0.775936007604891 -0.0809668491626104 -0.189285809615509 -0.0767154077026559 -0.113504392437036 0.850022381388703 0.295016776712276 0.0904964727490651
6.36721628818126 18.8501490457908 13.8127411305393 -0.373488622736165 0.48757241531363 0.789163727316372 0.541019234813793 0.805546794175553 -0.241645504727444 -0.0876704400848767 0.758047486923352 0.243195236360274 -0.468179866301537 0.457297645271546 -0.24596823550049
6.24927230442613 19.3574144920751 13.6305904326391 0.430770712889086 0.154074308706809 0.889211842202712 0.338767019157147 0.885655533216984 -0.317570753082733 -0.214752081584581 -0.0414058074093686 -0.281430520844517 -0.138534451545525 -0.0606709255151727 0.621454034369214
6.12616587923401 19.8256147407548 13.6215604453054 0.962156046374204 -0.126356355614926 0.24143283501066 0.24245120397247 0.801392533146305 -0.546797422735015 -0.0197161660864484 0.194144701188935 -0.195771359326098 -0.318757507725902 -0.232140895619792 -0.333686083970892
6.89054881209564 19.408485315042 14.9253488634017 -0.417995229601123 0.661059225300468 -0.623121728617971 -0.86350649130163 -0.50219123618071 0.0464811981691164 -0.230962704061517 -0.238453103665024 0.137417987878128 -0.311687508348077 0.14860903485415 0.170049144383462
6.37680188973488 19.4262072287435 15.0566250167176 0.0638130499753483 0.188033552374537 -0.980087382754346 -0.916288670691184 -0.378073803846798 -0.132194064949213 -0.244834170538305 0.152745073905718 0.186679003156705 0.606484290902424 0.19109472604578 -0.22844935351414
5.86972716103501 19.4656727923366 14.7215790456504 0.488814031451152 -0.460360475241038 -0.74103243889341 -0.832379781489538 -0.500405828970383 -0.238197199185674 -0.254230353964863 0.222625571687823 -0.256957225476341 0.131984401649436 -0.139345559780931 0.280827558861622
5.4218266893894 19.3280261050002 14.4146735169239 0.678637139551995 -0.718030706882489 -0.154542993353047 -0.720929345879988 -0.610987276499979 -0.32704040454383 0.0348295462858154 0.584994454615111 0.623581124060215 0.359324120284779 0.385786458674927 0.143774808654964
5.15462409337453 18.9353695393477 14.0214720429475 0.741350436788417 -0.565261540899997 0.361771917446583 -0.520788781189283 -0.824548675882982 -0.221130112121819 -0.120175449094202 -0.138321973536399 0.260500865789764 -0.0837725693463042 0.142438704437913 0.697776613362666
5.03905537334166 18.6302923176017 13.7306211822413 0.386104859566029 -0.447814712692096 0.806464519068251 -0.499457566759889 -0.83650916892582 -0.225376461302724 -0.052364232233248 0.169109331179468 0.509404956705504 0.693816109700781 -0.0300293293306014 -0.00884409539884131
5.03125504952718 18.1042929612404 13.541379255018 0.122322987321316 -0.0341678514538452 0.991902033821803 -0.474559276819443 -0.879771123640859 0.0282181287881953 0.225859529682499 0.435957904858602 -0.452351482303342 0.124634987996191 0.738608248127434 0.246929973015618
4.9897919853253 17.5982867830015 13.6055679463212 -0.412385276344375 0.467211206225241 0.782081883585038 -0.638484035115306 -0.760581924172269 0.117699930013963 0.500493546453156 0.0414908296081141 -0.0865359709761596 -0.295836166168875 -0.239055030060429 -0.345641032211153
