t = 6313
b = 30 30 30
E = -0.909735785360707 -1.33079122675889 0.421055441398178
4.45579238547037 18.6061117881334 14.3564521650255 0.692375980333775 -0.309852694238402 -0.651618607568919 0.677970345764599 0.588435561551443 0.440567588646141 -0.4699808982428 0.19325787740245 -0.292241905512419 -0.394086120865055 0.830363138602851 -0.0942987411203608
4.87565550051561 18.7193637919512 14.6553016878407 0.395989507465446 0.0567193322230984 -0.916501624291768 0.665262082511303 0.670253566601006 0.328917190233891 -0.528368993305196 0.395369028382731 -0.655722526539333 -0.0909951610240766 -0.670950704166272 0.117240893606578
5.37687317210413 18.8889536182291 14.7483249361026 -0.304573298347934 0.444791639418577 -0.842256198218092 0.492279415296481 0.830518330045648 0.260576823093576 0.0928327506636993 -0.109720288964158 -0.170228469854347 -0.287141907977831 0.138784262333862 -0.723639825292709
5.72575846325668 19.2419720509982 14.6542213673141 -0.744720288714192 0.433483369682204 -0.50742867458039 0.318701993349562 0.899032589024705 0.300282272714441 -0.0623440810203958 0.298993276180009 0.467477959822192 -0.0139337280112156 0.161059251681862 -0.352884950208257
5.98727636428027 19.738843953437 14.465218827325 -0.903914676195229 0.328668647668053 -0.273706372229307 0.308250691800138 0.944226324251168 0.115836779978843 0.133969733247124 0.185344286231718 0.600126534641157 -0.238787176854313 -0.0466268703790837 0.0557092778059388
6.06436647575123 20.2786228336056 14.267346380425 -0.871349600801531 -0.0396526706133877 0.489057807315495 0.0852004494399721 0.96935981608418 0.230396246446137 -0.290590871506955 -0.246975039559886 0.49669503878896 -0.0253445042735301 -0.26918579154967 0.466935622541428
5.97657818073742 20.7117158223166 14.2070956300813 -0.482416801440302 -0.246487758785213 0.840546140587864 -0.0727278148063876 0.967549181737208 0.241990177224504 -0.818335518825932 0.437365731520717 -0.474945797013942 0.422568675630719 -0.165566321345107 -0.717762234689883
5.64569976120116 21.1677180355716 14.1705365577866 0.295729825738431 -0.208264786125199 0.932292684208635 0.176355780309944 0.971072590956379 0.160986526903775 -0.315034656477205 0.524925688306437 -0.24244725098082 -0.0122107841101158 -0.21089387542853 -0.0394761383246515
5.62383196685377 20.8030664218893 15.3974350971391 -0.0695030740065682 0.369475872232174 -0.926637416977054 -0.250922088201107 -0.905494427056608 -0.342224996489475 0.183500008396674 0.101398844386767 0.624317949520375 0.1366324348303 -0.199676579056672 0.0968256286392985
5.2717415869936 20.4851699289911 15.1475285362769 0.523606394980623 0.315466592595162 -0.791402029370527 -0.249268636400516 -0.831543031871894 -0.496388288593032 0.0781481444606759 -0.0593859814111323 -0.248167980486602 0.196673382386967 0.294875574501783 -0.456566458834062
5.01642298309205 20.3123009191701 14.7874945751091 0.922954894917087 -0.101559491178025 -0.371268005220282 -0.303649261944959 -0.78487391312532 -0.540157445765244 -0.851636302856983 -0.0496781157079167 0.52256282920946 0.265021088110996 0.34384842905017 0.057356815642549
4.85825656251296 19.9943351851172 14.3704730934533 0.973150958887369 -0.227576961862641 0.0344374454040751 -0.167449610275983 -0.802661800169196 -0.572446209322386 0.201305103748901 0.138253164095026 -0.519166113540165 -0.568565548876062 -0.01524007248012 -0.166960834920461
4.9064678378261 19.7823049647011 13.8771957480738 0.608006589369384 -0.430737209415194 0.666928364750383 -0.3054402788253 -0.902283671774531 -0.304286726164971 -0.348104518879619 0.556066371642142 0.305582042613124 0.144548814591716 0.709107565867078 0.304966742549841
5.05617857599947 19.2444884359689 13.6873582201141 0.285052602422088 -0.232988994257923 0.929764025119858 -0.098607817481933 -0.971989307145062 -0.213338428622495 0.646294617610634 0.0519633592662445 0.264009417330904 -0.511261707871281 0.396794111142944 0.105004208414207
5.25915733900672 18.8440686290329 13.5455977644981 -0.353860069278009 -0.0796519334839179 0.931900542366419 -0.211923280377418 -0.963625117929538 -0.162834748531637 0.261913186350585 0.540616963199058 -0.292699821103831 -0.535254101217825 -0.140891267002399 -0.499781484854475
5.37110141019855 18.3537399068355 13.6023663671651 -0.772102263493269 0.128662498906021 0.622337574057541 -0.217470451402477 -0.973659627787576 -0.0685093569037165 0.109210198757013 0.538143118740935 0.066938609613658 0.154371395714181 0.18682524745793 0.384544935491527
