t = 0
b = 89.76 89.76 89.76
E = 0.0 0.0 0.0
43.620899 52.156977 20.267668 0.965169 -0.261628 0.000000 -0.000000 -0.000000 -1.000000 0.0 0.0 0.0 0.0 0.0 0.0
43.806829 52.453229 19.877906 0.655285 -0.755381 0.000000 -0.000000 -0.000000 -1.000000 0.0 0.0 0.0 0.0 0.0 0.0
44.126367 52.595465 19.488143 0.122722 -0.992441 0.000000 -0.000000 -0.000000 -1.000000 0.0 0.0 0.0 0.0 0.0 0.0
44.470927 52.535349 19.098380 -0.451544 -0.892249 0.000000 -0.000000 -0.000000 -1.000000 0.0 0.0 0.0 0.0 0.0 0.0
44.723420 52.293311 18.708617 -0.872367 -0.488852 0.000000 -0.000000 -0.000000 -1.000000 0.0 0.0 0.0 0.0 0.0 0.0
44.798045 51.951600 18.318854 -0.996741 0.080667 0.000000 -0.000000 -0.000000 -1.000000 0.0 0.0 0.0 0.0 0.0 0.0
44.669441 51.626336 17.929091 -0.782402 0.622773 0.000000 -0.000000 -0.000000 -1.000000 0.0 0.0 0.0 0.0 0.0 0.0
44.381312 51.428051 17.539328 -0.302187 0.953249 0.000000 -0.000000 -0.000000 -1.000000 0.0 0.0 0.0 0.0 0.0 0.0
44.031570 51.424126 17.149566 0.280717 0.959790 0.000000 -0.000000 -0.000000 -1.000000 0.0 0.0 0.0 0.0 0.0 0.0
43.739063 51.615895 16.759803 0.768229 0.640176 0.000000 -0.000000 -0.000000 -1.000000 0.0 0.0 0.0 0.0 0.0 0.0
43.603192 51.938190 16.370040 0.994680 0.103016 0.000000 -0.000000 -0.000000 -1.000000 0.0 0.0 0.0 0.0 0.0 0.0
43.670129 52.281490 15.980277 0.883118 -0.469150 0.000000 -0.000000 -0.000000 -1.000000 0.0 0.0 0.0 0.0 0.0 0.0
43.917127 52.529134 15.590514 0.471455 -0.881890 0.000000 -0.000000 -0.000000 -1.000000 0.0 0.0 0.0 0.0 0.0 0.0
44.260251 52.596967 15.200751 -0.100418 -0.994945 0.000000 -0.000000 -0.000000 -1.000000 0.0 0.0 0.0 0.0 0.0 0.0
44.582900 52.461939 14.810988 -0.638167 -0.769898 0.000000 -0.000000 -0.000000 -1.000000 0.0 0.0 0.0 0.0 0.0 0.0
44.775432 52.169934 14.421226 -0.959054 -0.283223 0.000000 -0.000000 -0.000000 -1.000000 0.0 0.0 0.0 0.0 0.0 0.0
44.772421 51.820182 14.031463 -0.954034 0.299697 0.000000 -0.000000 -0.000000 -1.000000 0.0 0.0 0.0 0.0 0.0 0.0
44.574889 51.531536 13.641700 -0.624814 0.780773 0.000000 -0.000000 -0.000000 -1.000000 0.0 0.0 0.0 0.0 0.0 0.0
44.249962 51.402084 13.251937 -0.083269 0.996527 0.000000 -0.000000 -0.000000 -1.000000 0.0 0.0 0.0 0.0 0.0 0.0
43.908057 51.475816 12.862174 0.486572 0.873640 0.000000 -0.000000 -0.000000 -1.000000 0.0 0.0 0.0 0.0 0.0 0.0
43.665360 51.727676 12.472411 0.891067 0.453873 0.000000 -0.000000 -0.000000 -1.000000 0.0 0.0 0.0 0.0 0.0 0.0
43.604345 52.072078 12.082649 0.992758 -0.120130 0.000000 -0.000000 -0.000000 -1.000000 0.0 0.0 0.0 0.0 0.0 0.0
43.745746 52.391986 11.692886 0.757090 -0.653310 0.000000 -0.000000 -0.000000 -1.000000 0.0 0.0 0.0 0.0 0.0 0.0
43.982944 52.559363 11.303123 0.361760 -0.932271 0.000000 -0.000000 -0.000000 -1.000000 0.0 0.0 0.0 0.0 0.0 0.0
44.343530 52.582580 10.913360 -0.239216 -0.970966 0.000000 -0.000000 -0.000000 -1.000000 0.0 0.0 0.0 0.0 0.0 0.0
44.652062 52.394513 10.523597 -0.753436 -0.657521 0.000000 -0.000000 -0.000000 -1.000000 0.0 0.0 0.0 0.0 0.0 0.0
44.796644 52.063368 10.133834 -0.994407 -0.105613 0.000000 -0.000000 -0.000000 -1.000000 0.0 0.0 0.0 0.0 0.0 0.0
44.724842 51.709241 9.744071 -0.874737 0.484598 0.000000 -0.000000 -0.000000 -1.000000 0.0 0.0 0.0 0.0 0.0 0.0
44.462696 51.460564 9.354309 -0.437826 0.899060 0.000000 -0.000000 -0.000000 -1.000000 0.0 0.0 0.0 0.0 0.0 0.0
44.105277 51.407524 8.964546 0.157871 0.987460 0.000000 -0.000000 -0.000000 -1.000000 0.0 0.0 0.0 0.0 0.0 0.0
43.782212 51.569357 8.574783 0.696313 0.717738 0.000000 -0.000000 -0.000000 -1.000000 0.0 0.0 0.0 0.0 0.0 0.0
43.610666 51.887371 8.185020 0.982224 0.187715 0.000000 -0.000000 -0.000000 -1.000000 0.0 0.0 0.0 0.0 0.0 0.0
43.652853 52.246232 7.795257 0.911911 -0.410387 0.000000 -0.000000 -0.000000 -1.000000 0.0 0.0 0.0 0.0 0.0 0.0
43.893474 52.515793 7.405494 0.510876 -0.859654 0.000000 -0.000000 -0.000000 -1.000000 0.0 0.0 0.0 0.0 0.0 0.0
44.245263 52.598290 7.015731 -0.075438 -0.997150 0.000000 -0.000000 -0.000000 -1.000000 0.0 0.0 0.0 0.0 0.0 0.0
44.580636 52.463806 6.625969 -0.634393 -0.773010 0.000000 -0.000000 -0.000000 -1.000000 0.0 0.0 0.0 0.0 0.0 0.0
44.777964 52.161114 6.236206 -0.963273 -0.268523 0.000000 -0.000000 -0.000000 -1.000000 0.0 0.0 0.0 0.0 0.0 0.0
44.765682 51.799990 5.846443 -0.942803 0.333350 0.000000 -0.000000 -0.000000 -1.000000 0.0 0.0 0.0 0.0 0.0 0.0
44.548244 51.511404 5.456680 -0.580407 0.814327 0.000000 -0.000000 -0.000000 -1.000000 0.0 0.0 0.0 0.0 0.0 0.0
44.204509 51.400017 5.066917 -0.007515 0.999972 0.000000 -0.000000 -0.000000 -1.000000 0.0 0.0 0.0 0.0 0.0 0.0
43.859138 51.506226 4.677154 0.568103 0.822957 0.000000 -0.000000 -0.000000 -1.000000 0.0 0.0 0.0 0.0 0.0 0.0
43.637388 51.791511 4.287391 0.937687 0.347481 0.000000 -0.000000 -0.000000 -1.000000 0.0 0.0 0.0 0.0 0.0 0.0
47.372622 52.179175 4.287391 -0.954371 -0.298624 0.000000 0.000000 0.000000 1.000000 0.0 0.0 0.0 0.0 0.0 0.0
47.172433 52.470418 4.677154 -0.620722 -0.784030 0.000000 0.000000 0.000000 1.000000 0.0 0.0 0.0 0.0 0.0 0.0
46.843032 52.598455 5.066917 -0.071720 -0.997425 0.000000 0.000000 0.000000 1.000000 0.0 0.0 0.0 0.0 0.0 0.0
46.498701 52.518863 5.456680 0.502164 -0.864772 0.000000 0.000000 0.000000 1.000000 0.0 0.0 0.0 0.0 0.0 0.0
46.258903 52.259257 5.846443 0.901828 -0.432095 0.000000 0.000000 0.000000 1.000000 0.0 0.0 0.0 0.0 0.0 0.0
46.206833 51.909704 6.236206 0.988611 0.150493 0.000000 0.000000 0.000000 1.000000 0.0 0.0 0.0 0.0 0.0 0.0
46.360557 51.591479 6.625969 0.732405 0.680869 0.000000 0.000000 0.000000 1.000000 0.0 0.0 0.0 0.0 0.0 0.0
46.666741 51.414985 7.015731 0.222098 0.975024 0.000000 0.000000 0.000000 1.000000 0.0 0.0 0.0 0.0 0.0 0.0
47.019158 51.441457 7.405494 -0.365263 0.930904 0.000000 0.000000 0.000000 1.000000 0.0 0.0 0.0 0.0 0.0 0.0
47.295540 51.661710 7.795257 -0.825900 0.563816 0.000000 0.000000 0.000000 1.000000 0.0 0.0 0.0 0.0 0.0 0.0
47.400000 51.999330 8.185020 -0.999999 0.001117 0.000000 0.000000 0.000000 1.000000 0.0 0.0 0.0 0.0 0.0 0.0
47.296295 52.337181 8.574783 -0.827158 -0.561969 0.000000 0.000000 0.000000 1.000000 0.0 0.0 0.0 0.0 0.0 0.0
47.020406 52.558051 8.964546 -0.367343 -0.930086 0.000000 0.000000 0.000000 1.000000 0.0 0.0 0.0 0.0 0.0 0.0
46.668049 52.585311 9.354309 0.219919 -0.975518 0.000000 0.000000 0.000000 1.000000 0.0 0.0 0.0 0.0 0.0 0.0
46.361471 52.409502 9.744071 0.730882 -0.682504 0.000000 0.000000 0.000000 1.000000 0.0 0.0 0.0 0.0 0.0 0.0
46.207037 52.091621 10.133834 0.988272 -0.152702 0.000000 0.000000 0.000000 1.000000 0.0 0.0 0.0 0.0 0.0 0.0
46.258325 51.741953 10.523597 0.902791 0.430079 0.000000 0.000000 0.000000 1.000000 0.0 0.0 0.0 0.0 0.0 0.0
46.497543 51.481811 10.913360 0.504096 0.863648 0.000000 0.000000 0.000000 1.000000 0.0 0.0 0.0 0.0 0.0 0.0
46.841695 51.401450 11.303123 -0.069491 0.997583 0.000000 0.000000 0.000000 1.000000 0.0 0.0 0.0 0.0 0.0 0.0
47.171381 51.528751 11.692886 -0.618969 0.785416 0.000000 0.000000 0.000000 1.000000 0.0 0.0 0.0 0.0 0.0 0.0
47.372221 51.819546 12.082649 -0.953701 0.300757 0.000000 0.000000 0.000000 1.000000 0.0 0.0 0.0 0.0 0.0 0.0
47.374534 52.172948 12.472411 -0.957556 -0.288247 0.000000 0.000000 0.000000 1.000000 0.0 0.0 0.0 0.0 0.0 0.0
47.177518 52.466348 12.862174 -0.629196 -0.777246 0.000000 0.000000 0.000000 1.000000 0.0 0.0 0.0 0.0 0.0 0.0
46.849526 52.597952 13.251937 -0.082543 -0.996587 0.000000 0.000000 0.000000 1.000000 0.0 0.0 0.0 0.0 0.0 0.0
46.504351 52.522103 13.641700 0.492748 -0.870172 0.000000 0.000000 0.000000 1.000000 0.0 0.0 0.0 0.0 0.0 0.0
46.261749 52.265115 14.031463 0.897084 -0.441859 0.000000 0.000000 0.000000 1.000000 0.0 0.0 0.0 0.0 0.0 0.0
46.205888 51.916148 14.421226 0.990186 0.139753 0.000000 0.000000 0.000000 1.000000 0.0 0.0 0.0 0.0 0.0 0.0
46.356148 51.596273 14.810988 0.739753 0.672879 0.000000 0.000000 0.000000 1.000000 0.0 0.0 0.0 0.0 0.0 0.0
46.660398 51.416466 15.200751 0.232669 0.972556 0.000000 0.000000 0.000000 1.000000 0.0 0.0 0.0 0.0 0.0 0.0
47.013082 51.439111 15.590514 -0.355137 0.934814 0.000000 0.000000 0.000000 1.000000 0.0 0.0 0.0 0.0 0.0 0.0
47.291839 51.656351 15.980277 -0.819732 0.572748 0.000000 0.000000 0.000000 1.000000 0.0 0.0 0.0 0.0 0.0 0.0
47.399957 51.992817 16.370040 -0.999928 0.011972 0.000000 0.000000 0.000000 1.000000 0.0 0.0 0.0 0.0 0.0 0.0
47.299926 52.331774 16.759803 -0.833210 -0.552957 0.000000 0.000000 0.000000 1.000000 0.0 0.0 0.0 0.0 0.0 0.0
47.026450 52.555626 17.149566 -0.377417 -0.926043 0.000000 0.000000 0.000000 1.000000 0.0 0.0 0.0 0.0 0.0 0.0
46.674410 52.586709 17.539328 0.209317 -0.977848 0.000000 0.000000 0.000000 1.000000 0.0 0.0 0.0 0.0 0.0 0.0
46.365942 52.414239 17.929091 0.723430 -0.690398 0.000000 0.000000 0.000000 1.000000 0.0 0.0 0.0 0.0 0.0 0.0
46.208066 52.098052 18.318854 0.986557 -0.163420 0.000000 0.000000 0.000000 1.000000 0.0 0.0 0.0 0.0 0.0 0.0
46.255556 51.747848 18.708617 0.907407 0.420254 0.000000 0.000000 0.000000 1.000000 0.0 0.0 0.0 0.0 0.0 0.0
46.491936 51.485125 19.098380 0.513441 0.858125 0.000000 0.000000 0.000000 1.000000 0.0 0.0 0.0 0.0 0.0 0.0
46.835195 51.401033 19.488143 -0.058658 0.998278 0.000000 0.000000 0.000000 1.000000 0.0 0.0 0.0 0.0 0.0 0.0
47.166244 51.524747 19.877906 -0.610407 0.792088 0.000000 0.000000 0.000000 1.000000 0.0 0.0 0.0 0.0 0.0 0.0
47.370228 51.813345 20.267668 -0.950380 0.311091 0.000000 0.000000 0.000000 1.000000 0.0 0.0 0.0 0.0 0.0 0.0
44.654254 51.608014 11.692886 -0.757090 0.653310 0.000000 0.000000 0.000000 1.000000 0.0 0.0 0.0 0.0 0.0 0.0
44.795655 51.927922 12.082649 -0.992758 0.120130 0.000000 0.000000 0.000000 1.000000 0.0 0.0 0.0 0.0 0.0 0.0
44.734640 52.272324 12.472411 -0.891067 -0.453873 0.000000 0.000000 0.000000 1.000000 0.0 0.0 0.0 0.0 0.0 0.0
44.491943 52.524184 12.862174 -0.486572 -0.873640 0.000000 0.000000 0.000000 1.000000 0.0 0.0 0.0 0.0 0.0 0.0
44.150038 52.597916 13.251937 0.083269 -0.996527 0.000000 0.000000 0.000000 1.000000 0.0 0.0 0.0 0.0 0.0 0.0
43.825111 52.468464 13.641700 0.624814 -0.780773 0.000000 0.000000 0.000000 1.000000 0.0 0.0 0.0 0.0 0.0 0.0
43.627579 52.179818 14.031463 0.954034 -0.299697 0.000000 0.000000 0.000000 1.000000 0.0 0.0 0.0 0.0 0.0 0.0
43.624568 51.830066 14.421226 0.959054 0.283223 0.000000 0.000000 0.000000 1.000000 0.0 0.0 0.0 0.0 0.0 0.0
43.817100 51.538061 14.810988 0.638167 0.769898 0.000000 0.000000 0.000000 1.000000 0.0 0.0 0.0 0.0 0.0 0.0
44.139749 51.403033 15.200751 0.100418 0.994945 0.000000 0.000000 0.000000 1.000000 0.0 0.0 0.0 0.0 0.0 0.0
44.482873 51.470866 15.590514 -0.471455 0.881890 0.000000 0.000000 0.000000 1.000000 0.0 0.0 0.0 0.0 0.0 0.0
44.729871 51.718510 15.980277 -0.883118 0.469150 0.000000 0.000000 0.000000 1.000000 0.0 0.0 0.0 0.0 0.0 0.0
44.796808 52.061810 16.370040 -0.994680 -0.103016 0.000000 0.000000 0.000000 1.000000 0.0 0.0 0.0 0.0 0.0 0.0
44.660937 52.384105 16.759803 -0.768229 -0.640176 0.000000 0.000000 0.000000 1.000000 0.0 0.0 0.0 0.0 0.0 0.0
44.368430 52.575874 17.149566 -0.280717 -0.959790 0.000000 0.000000 0.000000 1.000000 0.0 0.0 0.0 0.0 0.0 0.0
44.018688 52.571949 17.539328 0.302187 -0.953249 0.000000 0.000000 0.000000 1.000000 0.0 0.0 0.0 0.0 0.0 0.0
43.730559 52.373664 17.929091 0.782402 -0.622773 0.000000 0.000000 0.000000 1.000000 0.0 0.0 0.0 0.0 0.0 0.0
43.601955 52.048400 18.318854 0.996741 -0.080667 0.000000 0.000000 0.000000 1.000000 0.0 0.0 0.0 0.0 0.0 0.0
43.676580 51.706689 18.708617 0.872367 0.488852 0.000000 0.000000 0.000000 1.000000 0.0 0.0 0.0 0.0 0.0 0.0
43.929073 51.464651 19.098380 0.451544 0.892249 0.000000 0.000000 0.000000 1.000000 0.0 0.0 0.0 0.0 0.0 0.0
44.273633 51.404535 19.488143 -0.122722 0.992441 0.000000 0.000000 0.000000 1.000000 0.0 0.0 0.0 0.0 0.0 0.0
44.593171 51.546771 19.877906 -0.655285 0.755381 0.000000 0.000000 0.000000 1.000000 0.0 0.0 0.0 0.0 0.0 0.0
44.779101 51.843023 20.267668 -0.965169 0.261628 0.000000 0.000000 0.000000 1.000000 0.0 0.0 0.0 0.0 0.0 0.0
46.229772 52.186655 20.267668 0.950380 -0.311091 0.000000 -0.000000 -0.000000 -1.000000 0.0 0.0 0.0 0.0 0.0 0.0
46.433756 52.475253 19.877906 0.610407 -0.792088 0.000000 -0.000000 -0.000000 -1.000000 0.0 0.0 0.0 0.0 0.0 0.0
46.764805 52.598967 19.488143 0.058658 -0.998278 0.000000 -0.000000 -0.000000 -1.000000 0.0 0.0 0.0 0.0 0.0 0.0
47.108064 52.514875 19.098380 -0.513441 -0.858125 0.000000 -0.000000 -0.000000 -1.000000 0.0 0.0 0.0 0.0 0.0 0.0
47.344444 52.252152 18.708617 -0.907407 -0.420254 0.000000 -0.000000 -0.000000 -1.000000 0.0 0.0 0.0 0.0 0.0 0.0
47.391934 51.901948 18.318854 -0.986557 0.163420 0.000000 -0.000000 -0.000000 -1.000000 0.0 0.0 0.0 0.0 0.0 0.0
47.234058 51.585761 17.929091 -0.723430 0.690398 0.000000 -0.000000 -0.000000 -1.000000 0.0 0.0 0.0 0.0 0.0 0.0
46.925590 51.413291 17.539328 -0.209317 0.977848 0.000000 -0.000000 -0.000000 -1.000000 0.0 0.0 0.0 0.0 0.0 0.0
46.573550 51.444374 17.149566 0.377417 0.926043 0.000000 -0.000000 -0.000000 -1.000000 0.0 0.0 0.0 0.0 0.0 0.0
46.300074 51.668226 16.759803 0.833210 0.552957 0.000000 -0.000000 -0.000000 -1.000000 0.0 0.0 0.0 0.0 0.0 0.0
46.200043 52.007183 16.370040 0.999928 -0.011972 0.000000 -0.000000 -0.000000 -1.000000 0.0 0.0 0.0 0.0 0.0 0.0
46.308161 52.343649 15.980277 0.819732 -0.572748 0.000000 -0.000000 -0.000000 -1.000000 0.0 0.0 0.0 0.0 0.0 0.0
46.586918 52.560889 15.590514 0.355137 -0.934814 0.000000 -0.000000 -0.000000 -1.000000 0.0 0.0 0.0 0.0 0.0 0.0
46.939602 52.583534 15.200751 -0.232669 -0.972556 0.000000 -0.000000 -0.000000 -1.000000 0.0 0.0 0.0 0.0 0.0 0.0
47.243852 52.403727 14.810988 -0.739753 -0.672879 0.000000 -0.000000 -0.000000 -1.000000 0.0 0.0 0.0 0.0 0.0 0.0
47.394112 52.083852 14.421226 -0.990186 -0.139753 0.000000 -0.000000 -0.000000 -1.000000 0.0 0.0 0.0 0.0 0.0 0.0
47.338251 51.734885 14.031463 -0.897084 0.441859 0.000000 -0.000000 -0.000000 -1.000000 0.0 0.0 0.0 0.0 0.0 0.0
47.095649 51.477897 13.641700 -0.492748 0.870172 0.000000 -0.000000 -0.000000 -1.000000 0.0 0.0 0.0 0.0 0.0 0.0
46.750474 51.402048 13.251937 0.082543 0.996587 0.000000 -0.000000 -0.000000 -1.000000 0.0 0.0 0.0 0.0 0.0 0.0
46.422482 51.533652 12.862174 0.629196 0.777246 0.000000 -0.000000 -0.000000 -1.000000 0.0 0.0 0.0 0.0 0.0 0.0
46.225466 51.827052 12.472411 0.957556 0.288247 0.000000 -0.000000 -0.000000 -1.000000 0.0 0.0 0.0 0.0 0.0 0.0
46.227779 52.180454 12.082649 0.953701 -0.300757 0.000000 -0.000000 -0.000000 -1.000000 0.0 0.0 0.0 0.0 0.0 0.0
46.428619 52.471249 11.692886 0.618969 -0.785416 0.000000 -0.000000 -0.000000 -1.000000 0.0 0.0 0.0 0.0 0.0 0.0
46.758305 52.598550 11.303123 0.069491 -0.997583 0.000000 -0.000000 -0.000000 -1.000000 0.0 0.0 0.0 0.0 0.0 0.0
47.102457 52.518189 10.913360 -0.504096 -0.863648 0.000000 -0.000000 -0.000000 -1.000000 0.0 0.0 0.0 0.0 0.0 0.0
47.341675 52.258047 10.523597 -0.902791 -0.430079 0.000000 -0.000000 -0.000000 -1.000000 0.0 0.0 0.0 0.0 0.0 0.0
47.392963 51.908379 10.133834 -0.988272 0.152702 0.000000 -0.000000 -0.000000 -1.000000 0.0 0.0 0.0 0.0 0.0 0.0
47.238529 51.590498 9.744071 -0.730882 0.682504 0.000000 -0.000000 -0.000000 -1.000000 0.0 0.0 0.0 0.0 0.0 0.0
46.931951 51.414689 9.354309 -0.219919 0.975518 0.000000 -0.000000 -0.000000 -1.000000 0.0 0.0 0.0 0.0 0.0 0.0
46.579594 51.441949 8.964546 0.367343 0.930086 0.000000 -0.000000 -0.000000 -1.000000 0.0 0.0 0.0 0.0 0.0 0.0
46.303705 51.662819 8.574783 0.827158 0.561969 0.000000 -0.000000 -0.000000 -1.000000 0.0 0.0 0.0 0.0 0.0 0.0
46.200000 52.000670 8.185020 0.999999 -0.001117 0.000000 -0.000000 -0.000000 -1.000000 0.0 0.0 0.0 0.0 0.0 0.0
46.304460 52.338290 7.795257 0.825900 -0.563816 0.000000 -0.000000 -0.000000 -1.000000 0.0 0.0 0.0 0.0 0.0 0.0
46.580842 52.558543 7.405494 0.365263 -0.930904 0.000000 -0.000000 -0.000000 -1.000000 0.0 0.0 0.0 0.0 0.0 0.0
46.933259 52.585015 7.015731 -0.222098 -0.975024 0.000000 -0.000000 -0.000000 -1.000000 0.0 0.0 0.0 0.0 0.0 0.0
47.239443 52.408521 6.625969 -0.732405 -0.680869 0.000000 -0.000000 -0.000000 -1.000000 0.0 0.0 0.0 0.0 0.0 0.0
47.393167 52.090296 6.236206 -0.988611 -0.150493 0.000000 -0.000000 -0.000000 -1.000000 0.0 0.0 0.0 0.0 0.0 0.0
47.341097 51.740743 5.846443 -0.901828 0.432095 0.000000 -0.000000 -0.000000 -1.000000 0.0 0.0 0.0 0.0 0.0 0.0
47.101299 51.481137 5.456680 -0.502164 0.864772 0.000000 -0.000000 -0.000000 -1.000000 0.0 0.0 0.0 0.0 0.0 0.0
46.756968 51.401545 5.066917 0.071720 0.997425 0.000000 -0.000000 -0.000000 -1.000000 0.0 0.0 0.0 0.0 0.0 0.0
46.427567 51.529582 4.677154 0.620722 0.784030 0.000000 -0.000000 -0.000000 -1.000000 0.0 0.0 0.0 0.0 0.0 0.0
46.227378 51.820825 4.287391 0.954371 0.298624 0.000000 -0.000000 -0.000000 -1.000000 0.0 0.0 0.0 0.0 0.0 0.0
44.762612 52.208489 4.287391 -0.937687 -0.347481 0.000000 0.000000 0.000000 1.000000 0.0 0.0 0.0 0.0 0.0 0.0
44.540862 52.493774 4.677154 -0.568103 -0.822957 0.000000 0.000000 0.000000 1.000000 0.0 0.0 0.0 0.0 0.0 0.0
44.195491 52.599983 5.066917 0.007515 -0.999972 0.000000 0.000000 0.000000 1.000000 0.0 0.0 0.0 0.0 0.0 0.0
43.851756 52.488596 5.456680 0.580407 -0.814327 0.000000 0.000000 0.000000 1.000000 0.0 0.0 0.0 0.0 0.0 0.0
43.634318 52.200010 5.846443 0.942803 -0.333350 0.000000 0.000000 0.000000 1.000000 0.0 0.0 0.0 0.0 0.0 0.0
43.622036 51.838886 6.236206 0.963273 0.268523 0.000000 0.000000 0.000000 1.000000 0.0 0.0 0.0 0.0 0.0 0.0
43.819364 51.536194 6.625969 0.634393 0.773010 0.000000 0.000000 0.000000 1.000000 0.0 0.0 0.0 0.0 0.0 0.0
44.154737 51.401710 7.015731 0.075438 0.997150 0.000000 0.000000 0.000000 1.000000 0.0 0.0 0.0 0.0 0.0 0.0
44.506526 51.484207 7.405494 -0.510876 0.859654 0.000000 0.000000 0.000000 1.000000 0.0 0.0 0.0 0.0 0.0 0.0
44.747147 51.753768 7.795257 -0.911911 0.410387 0.000000 0.000000 0.000000 1.000000 0.0 0.0 0.0 0.0 0.0 0.0
44.789334 52.112629 8.185020 -0.982224 -0.187715 0.000000 0.000000 0.000000 1.000000 0.0 0.0 0.0 0.0 0.0 0.0
44.617788 52.430643 8.574783 -0.696313 -0.717738 0.000000 0.000000 0.000000 1.000000 0.0 0.0 0.0 0.0 0.0 0.0
44.294723 52.592476 8.964546 -0.157871 -0.987460 0.000000 0.000000 0.000000 1.000000 0.0 0.0 0.0 0.0 0.0 0.0
43.937304 52.539436 9.354309 0.437826 -0.899060 0.000000 0.000000 0.000000 1.000000 0.0 0.0 0.0 0.0 0.0 0.0
43.675158 52.290759 9.744071 0.874737 -0.484598 0.000000 0.000000 0.000000 1.000000 0.0 0.0 0.0 0.0 0.0 0.0
43.603356 51.936632 10.133834 0.994407 0.105613 0.000000 0.000000 0.000000 1.000000 0.0 0.0 0.0 0.0 0.0 0.0
43.747938 51.605487 10.523597 0.753436 0.657521 0.000000 0.000000 0.000000 1.000000 0.0 0.0 0.0 0.0 0.0 0.0
44.056470 51.417420 10.913360 0.239216 0.970966 0.000000 0.000000 0.000000 1.000000 0.0 0.0 0.0 0.0 0.0 0.0
44.417056 51.440637 11.303123 -0.361760 0.932271 0.000000 0.000000 0.000000 1.000000 0.0 0.0 0.0 0.0 0.0 0.0
