t = 5843
b = 30 30 30
E = -0.969541438368784 -1.31487662098762 0.345335182618838
5.7399120814184 16.1961963926639 14.1345989034333 0.108360052119089 0.104748972646521 -0.988577640771955 -0.153515800736193 0.984267623770256 0.0874651000226609 0.1617725038444 -0.580922844596151 0.461476508575139 0.00869233580063225 -0.177096847619118 0.0967323873048789
6.00612200675382 16.5699271756781 14.2004448035958 -0.596869787549211 0.096391936461065 -0.79652686790607 0.0899756342400704 0.994536382711466 0.0529317362864364 0.0513735427575534 -0.0227048155125542 -0.140590959988977 -0.165021717189564 -0.0656473529709148 0.177757622682452
6.14966560272232 17.0344613007201 14.0183184447463 -0.926868135941197 -0.041278666884582 -0.37311061394327 0.0853559631023398 0.944725413912447 -0.316556869884118 -0.100139360373255 0.45765415637985 -0.182774172822892 -0.226561019452498 -0.480684474228627 0.166062163099361
6.23803970543934 17.3675931641956 13.5842163688889 -0.979191339637689 0.113258931154206 0.168394580947089 0.057457794677907 0.950549452426563 -0.305211959664603 -0.290698642149097 0.338548312925588 -0.0385917882572869 0.173293461541755 0.0489751703904696 0.40824688870766
6.05545977444579 17.6549245195474 13.2144427605928 -0.459338972124703 0.328798138107672 0.825166342663313 0.0341630201401044 0.934820344087002 -0.35347392030525 0.987081809666572 0.469973594712602 -0.467679762490048 0.182610123553263 0.63156213677534 -0.478760250141911
5.80612326120192 18.1739106634089 12.9522866371426 -0.174354615274199 0.16883510870223 0.970100600042125 -0.245258884926695 0.946695934864162 -0.208841773302606 -0.270307682938885 0.482708604098703 0.155860523728942 0.409669791708094 -0.269248258790501 -0.215357867359714
5.43251469913756 18.5558050666312 12.9581155020006 0.549598495806182 0.118681642074602 0.826955960884288 -0.188216582052351 0.981999747957087 -0.0158433977652569 0.0450076572177294 0.395489595335156 0.147077257731783 0.0963550817420261 0.0744577718228678 -0.0327072207640553
5.338158470291 19.0243608297165 13.1125343959448 0.573018907549464 -0.166640429073385 0.802421522012626 -0.309569371695466 0.86255980189776 0.400196691963051 -0.586740316891123 0.010456702906094 -0.117108406528636 0.144531898485776 -0.767537539661129 0.218086441187809
6.10159657648687 19.0652378255648 13.9258157833463 -0.867578893300127 -0.145028411980662 -0.475682271709277 0.102096261334805 -0.988099431818781 0.115047234911865 -0.440162774856359 0.186805075063958 0.435858531297973 0.543335583929227 -0.156310834234993 0.42417025700527
5.92994890910569 18.6145163142407 14.0761952841829 -0.479452068819874 -0.0319851273810097 -0.876984985806917 -0.0793245055460988 -0.993665048680836 0.0796077499366387 0.421673646848855 -0.272136420337798 -0.357050415565817 0.0547042484438751 0.229293017363725 0.134900529802977
5.5282777200503 18.2631965077543 14.1313073480001 0.322527803635925 -0.113096904820261 -0.939779179383045 -0.100202900996407 -0.991337105798259 0.0849124331263909 -0.268628003897011 -0.371557712899777 0.11078183829764 0.490079137064268 -0.374610425056478 0.357840444986556
5.21700066308175 17.9408005475101 13.9390218963017 0.840981390166083 -0.231305705941942 -0.489129810779336 -0.233632571650367 -0.970634453181358 0.0573112533570995 0.574225752051215 -0.0788800176945345 -0.447059287157588 -0.240543348328102 0.533830220609283 0.0837430076905903
5.03685573353662 17.4567063546475 13.8162881185045 0.98958439262817 -0.0391057235279955 -0.138540507628959 -0.0303809799097622 -0.997452476084843 0.0645411032749016 -0.0590034677616006 -0.154669380418108 -0.687238705115969 0.0923460489638156 0.157088615315861 -0.638263459394012
5.06405686003712 17.0490108474251 13.5639453939613 0.870742161810463 0.0167256304524153 0.491455329538309 0.0446289650215802 -0.997984746852116 -0.0451076549115529 -0.26495974401308 -0.244101507873242 -0.26419999497439 0.0417074762991503 0.205782134687084 0.353426253459134
5.25751139425558 16.6409475932328 13.1680744999942 0.606475348498217 -0.0229166713299639 0.794771965936844 0.0355494233747982 -0.997803412251861 -0.0558980231874024 -0.520986010617301 0.00535264691034369 0.422966497336097 0.074872354961343 -0.418343400546716 -0.491415822791019
5.64212323420858 16.4056148698169 12.9703358661226 0.1267269950018 -0.264657481084429 0.955979438295537 0.340547109699705 -0.89356502076104 -0.292522169668375 -0.277293268756937 0.240304078272922 -0.154327771149828 -0.265872648051475 0.0730838723582855 -0.27719217272215
