t = 3872
b = 30 30 30
E = -0.882052341416743 -1.33003406042105 0.447981719004302
16.9861085477432 16.2749701725662 20.2806342214121 0.494156175037266 -0.639916295013042 0.588486881798846 -0.83649067391921 -0.534381802832149 0.121323704394701 0.0715519775365306 0.060602145165229 0.220028629469936 0.0185722409054554 0.292389321788252 -0.483160096552882
16.7684699609674 15.9026964123741 20.1207871160209 0.257393352418621 -0.253810503423921 0.932378083441689 -0.805004921673438 -0.590060917325825 0.0616051128247702 -0.26143171580619 -0.414793067663948 0.460972588583246 0.65225602512099 -0.0528393331040555 0.00370842207300168
16.5223106388107 15.3863479079331 20.2354235064226 0.0716997957205822 0.500044373033271 0.863026514245874 -0.835293561753288 -0.442771888996808 0.325941283067523 -0.525894815151401 0.151177048803331 0.546209354574404 -0.352807459312063 0.27594538276967 -0.39717185192898
16.3123229720355 15.0119928682772 20.5746484117571 -0.26749760618514 0.856094802329589 0.442206648649124 -0.880285579825917 -0.403755380950253 0.249156357141988 -0.625183122456169 0.111092184959116 0.83770580033563 0.204243463508043 0.380669300932536 -0.14404739639295
15.9876739358622 14.8588208260762 20.9833646551201 -0.371422543918619 0.853115450688049 -0.366386847016034 -0.925963785691912 -0.311421157755863 0.213560132255775 0.176763239673141 -0.405741391980842 -0.0867872701456204 0.567157093622391 0.592777497320621 0.660496861030537
15.4662314883027 14.8152155874718 21.2338954706418 -0.145668471903682 0.755715767418111 -0.638493833305302 -0.979380842664823 -0.0188387299467521 0.20114240546224 -0.258566150544501 0.386804773881205 -0.287209141190237 0.459180674005706 -0.600710684568315 0.330582243846712
15.1470423944382 15.0510086435176 21.4718902998653 -0.252631806242027 0.0826884723336577 -0.964022710841407 -0.966683415984231 0.0208912693807825 0.255121006827583 -0.279360485080652 0.454268890015163 0.313090291383006 -0.17360932999288 0.40282958184819 0.076615945167707
14.6699276483214 15.2261753196009 21.7215880162195 -0.14493818406961 -0.143354337220881 -0.979000744023498 -0.974312364756562 0.193040627823489 0.115977290414928 0.0593099248957412 -0.0576524194617007 -0.213970950093035 -0.514454913493594 -0.376789495530264 -0.586918278032064
14.6233761560973 15.0776912535141 20.3557655880105 0.0169618988837083 0.331044767251487 0.943462588586146 0.962459551365314 0.25024660302782 -0.105110654353927 -0.301069202059749 -0.805198004921505 0.442164900484116 0.283825842479742 -0.618308185942435 0.119206407672863
15.0080535731696 15.3690134296359 20.2917499605323 -0.0252900794215143 -0.244442971674276 0.969333815298893 0.930590510723259 0.348458307175313 0.11215217123329 -0.17814578809656 -0.49908109899348 0.303674551062538 0.517049947683523 0.443512411880497 0.221970451748426
15.3027739209509 15.7348405533206 20.485764726988 0.0949700468756034 -0.777872143756206 0.621204972746163 0.966648559782457 0.221157229899554 0.129151235122451 -0.882299569252003 0.160681345025424 0.00241752769632751 0.375036552793501 0.0388928576597432 0.159224467666497
15.5747011516754 15.9452224578008 20.8799335340442 0.235179208400618 -0.965302217172978 -0.113500526241034 0.958901429930091 0.21136190879848 0.189299210740792 -0.20808031863352 -0.117163374718328 -0.646785460126755 -0.113424190339339 -0.221457811971793 0.00396536055833557
16.0227888196839 15.9983876918677 21.1762112137639 0.148119801789629 -0.786242915234724 -0.599902160823749 0.988728007230318 0.1311306344352 0.0722612235641455 -0.303899932749212 0.392899952588871 -0.155720425524445 0.225232582990625 -0.104036757656579 0.414454797204128
16.4952462036114 15.9135208488757 21.2880967027447 0.014390208805337 -0.416307116140046 -0.90911017315928 0.997764794083703 0.0653157192563475 -0.0141163913633772 -0.184686011777874 0.248338041824024 -0.128016826117662 0.268793217954578 -0.252690884316571 0.0708174486775956
17.0052798962332 15.5748223619252 21.2383324597377 -0.20178073103136 0.0658556574555113 -0.977214187865461 0.967820595849631 0.166575961716824 -0.188615331368866 -0.0687769779618338 -0.140872165203884 0.00923503372944118 0.267916755345909 0.434054373766122 -1.17680707394544
17.4577284480178 15.4175430722333 20.9463746775788 -0.285796530616363 0.798852131339269 -0.529297284465316 0.946724113773061 0.32092673087594 -0.0268232326518455 -0.0167626412395476 -0.63204201725112 -0.214591322411506 0.169528446081014 -0.347407802871505 -0.550181699039977
