t = 3452
b = 30 30 30
E = -0.937306098211722 -1.35386961959685 0.416563521385129
5.17995956568958 17.9138494435797 15.7865229046557 -0.535883844409928 -0.526011113580644 -0.660409580253109 0.607018205164877 0.303627818388324 -0.734397063242468 0.223815003268863 -0.0448428462321302 -0.60495734348876 0.755861281587514 -0.541787661029938 -0.197732961805178
5.56414922596251 17.9028606544628 15.4649292605891 -0.834515620160333 -0.0893306412278687 -0.543694506360169 0.535124456664917 0.103646332051706 -0.838390871688918 0.134154218143371 0.049966348250673 0.189605668247345 0.2579824177257 -0.58184168429542 -0.597222127187839
5.78583634987087 17.6758771493665 15.0098556042656 -0.769172278603073 0.549880885584047 -0.325584117391898 0.53590571572279 0.277502034222146 -0.7973692274337 0.321931622616703 -0.500022079665812 -0.202797430844061 -0.846165335969252 0.104630161933551 0.0267462311953814
5.85251005834692 17.7081009635904 14.4883856484781 -0.569922916455936 0.811190290787901 0.130989241656715 0.568364477374708 0.504297945790859 -0.650111838632165 0.302613405470078 -0.089536202552698 0.2464177137552 -0.29069040620819 0.0882788917642895 0.282285697063392
5.90937681320405 17.889764822553 13.9941219372558 -0.101177242189379 0.85499932917824 0.508664243649691 0.396858375678719 0.50353290680309 -0.767436017802188 0.0147359370613065 -0.172819691532527 0.939598520144808 -0.412328381936373 -0.0627957261120096 -0.0375891495865744
5.82623061774399 18.0990573975633 13.5154604889401 0.26257372988894 0.697061864618069 0.667202962573906 0.252120109603156 0.617881540142748 -0.744753551642774 -0.562487547496773 0.262501810966356 -0.203828363638794 0.0552897494724832 0.677170523403091 -0.410437517714102
5.77323371652147 18.5087952182717 13.2222611067138 0.749077394207051 0.226290816681437 0.622635948025512 0.31888460765449 0.700646223380343 -0.638284792756266 -0.85189647916359 0.0437788053429925 -0.0933285390283963 0.068967890194692 -0.372308582035948 -0.418141452044389
5.78594429639171 18.955682606347 13.1401280676464 0.931354649861584 -0.357237349872567 0.0704272109147963 0.319837326590603 0.710212346893449 -0.627138347447737 -0.577760870614762 0.230148489766878 0.264279901997926 0.168695925944958 -0.582999347125612 -0.364007184738684
6.91231856258685 18.8637653225801 13.5113431404733 -0.95341194805866 0.00587823722444239 -0.301614163503837 -0.300179972414736 -0.117782612749597 0.946582928377104 -0.0505591982388787 -0.0840853188279925 -0.114808496810896 0.796216327561028 0.377021498927811 -0.151258745439882
6.63643688947755 18.8788569635697 13.9928063679749 -0.793593178025362 -0.191579129831089 -0.577500913250163 -0.524645733806168 -0.265233895907359 0.808948598157383 -0.284303987064745 0.34459150164629 -0.0421729673874308 -0.215255298711693 -0.246342750832643 0.168843577566547
6.13810385828059 18.9640926323169 14.2809436673509 -0.300065794132835 -0.721862753117089 -0.623598175794035 -0.539599012505068 -0.41063662832877 0.734990112299705 0.199279872397339 -0.456370331886704 -0.302505082392786 0.187169228289636 0.0913469286851514 0.0936016148584224
5.65392197861756 18.9282885501341 14.5225240148226 0.121296600800174 -0.870250206915424 -0.477442888729094 -0.693405773737523 -0.418462281238355 0.586581411338835 0.130868701093821 0.622064431670225 -0.19411311251941 -0.46607739557726 0.280869986868143 -0.0473226747054241
5.20169488796379 18.6642131152459 14.6096787396341 0.578220970670352 -0.812836796166201 -0.0704049137156688 -0.671238021479231 -0.522990911406969 0.525280901143719 0.439568768448383 -0.354242527712839 -0.347738279254867 0.621844959481932 0.0761439018696705 -0.422909987745931
4.80584531940527 18.3017912690295 14.7509558734508 0.862142037002392 -0.439207823022487 0.252601655238467 -0.501666725735944 -0.670111605184123 0.547065748230448 0.375848458261529 0.309641223948049 0.686766358155558 0.131018126858865 -0.493504921176828 -0.549302501010333
4.58399509415741 17.8822868407606 14.7328118087509 0.736417017481284 0.0636648470199063 0.673525622094588 -0.460328159733272 -0.682409254807197 0.567816514650702 -0.43439885750874 0.223972744200618 -0.0106724436218424 -0.307201698848398 -0.389524325177375 0.0436728834908688
4.64365520131733 17.2967048819258 14.9755939667141 0.370981257432911 0.536175721185715 0.75821402166174 -0.637670666609002 -0.446470795243705 0.627726015026372 0.450043477568388 -0.286390743357123 -0.342965869096356 -0.0116664797162125 -0.0524529890258971 0.336288048076604
