t = 92579
b = 30 30 30
E = -0.802810987010754 -1.23058288867634 0.427771901665586
16.3008383446188 18.6645189020173 15.2202092208516 0.0645185132123225 0.822165211752289 -0.565580874886353 0.991092798240852 -0.118958176455461 -0.0598666645933155 -0.407620509060969 -0.289060372659998 -0.357411850661507 0.246058510679819 0.128694770058036 -0.421722941748294
16.8332535003202 18.4830615312171 14.9604995011157 -0.00250896251104589 0.970133620421293 -0.242558165468329 0.972918501956483 -0.0536958582288603 -0.224825139519031 -0.270587910116196 0.119961686371295 0.0723277870811928 -0.452608264396094 0.517462739954526 -0.238469798561693
17.2463472890211 18.545577666286 14.5757689308083 -0.169872748660203 0.901861529588816 0.39722667421805 0.944142572186452 0.264443812039755 -0.196632331164048 -0.293497843246528 -0.223503862007013 -0.352290332613104 -0.58385617112827 0.27532909414453 -0.219591290831905
17.5312707004446 18.7655340471252 14.2704457913264 0.0958750001225976 0.636962840754236 0.764909356623267 0.811826500085043 0.394617734398028 -0.430365632292167 -0.155071084308686 -0.0498527988876852 0.146867787737357 0.937783687644457 -0.636791022295307 -0.4213446560967
17.6491900204808 19.2022341142131 14.0075812372673 0.514480854700214 0.0168934513791094 0.857335442780386 0.727301958931303 0.521034688796073 -0.446715472762983 -0.459067768077809 0.0811623568648622 -0.310316489822132 0.0736471726121239 -0.430157528485422 -0.0531865114644443
17.9483378115351 19.6703148031661 13.9626040434969 0.550415513643343 -0.542323773998578 0.634765851709646 0.823666730739605 0.476979058240296 -0.306698703409257 0.0435807774117312 -0.619576929873573 0.0376306334590572 1.14087541008316 -0.0334063497962049 -0.618930149451169
18.4698382187213 19.9726398459364 13.8612846203381 0.312866032901518 -0.80708317852451 0.500731053959333 0.948829049673655 0.241786137073999 -0.203132711334785 0.186215155687098 -0.355055633946512 0.324980782842256 0.620804406313282 -0.163416469507592 0.318789611513504
18.7755919031609 20.1908608748487 14.1487602797973 0.420381619500587 -0.815569046372028 -0.397651134269673 0.859882585206401 0.497983727510318 -0.112312718752765 -0.140895851246419 -0.0206356491199373 0.86863002489318 0.388791867937337 0.235500285021383 -0.238428444440199
19.2773085328855 18.9953232015564 14.0289561627435 -0.414421479969912 0.907174266422034 0.072730236361425 -0.786402682895786 -0.397178966034175 0.473095856327542 0.325639775879163 0.191524691517722 0.0658213998552182 -0.447234273340804 -0.00994270332867812 -0.376364803390925
18.805153301721 18.9445094979229 14.3850894495292 -0.22189470255742 0.921148305090634 -0.319763257747964 -0.891624089293878 -0.0589455174856475 0.44892305505423 -0.309241375812198 -0.376959914456718 -0.0594176517479304 0.0115435603796221 -0.0462086264877904 0.599165903448437
18.5347778542491 19.0503310091936 14.8274687975263 -0.435512302691278 0.553965732219283 -0.70954281176774 -0.844684980627513 0.0209933993781512 0.53485190537643 0.370953668338086 -0.000578387160596225 0.121190504452341 0.0951698622780022 0.195250734028464 -0.0373170193407667
18.2810953345083 19.349263773992 15.0413174017089 -0.590757569749746 -0.290635237497161 -0.752686290899695 -0.781830248557034 -0.024307057362939 0.623017358830066 -0.10292203193252 -0.0469365495241099 -0.152581867420531 -0.257899669888334 -0.238596105620423 -0.117275280159069
17.7301511297846 19.415869144934 15.2408562796472 -0.199492937433007 -0.58340961792143 -0.787296504267092 -0.947475059165612 -0.0901279528006737 0.306867991786481 0.378489090845839 0.0098282753853097 -0.619127410096026 0.00167146095262256 0.0974377370497495 0.645327228271663
17.195773920439 19.5186443050669 15.163102863974 -0.0598189211311152 -0.953301552845077 -0.296036899757245 -0.996286555605543 0.075415870898946 -0.0415396862803923 0.151681005480292 0.85383572789464 0.407050837446171 -0.215339886855929 0.314606125642979 0.524843285642797
16.7079686191438 19.6516516488469 14.9222485736817 0.169928394509059 -0.936252514062709 -0.307498895365298 -0.978061893415137 -0.122078345990861 -0.168795171996584 -0.205584189728667 0.280600110998092 0.362161349488713 0.0467429807422629 -0.901014465676922 0.198738671323464
16.3956903158282 19.71528869263 14.6192096917999 -0.0428148956072733 -0.905091740924613 0.423055345344005 -0.992505455652317 -0.00997784375051825 -0.121792295053784 -0.86687438194755 -0.252592096773447 0.342858158461125 0.0519353421967676 0.0459840211778609 0.00867911932969889
