t = 771884
b = 30 30 30
E = -0.852826175398335 -1.2621361010901 0.409309925691767
-1.36109309901951 1.48272561102388 17.9853172361452 0.52967253486606 -0.246995585589172 0.811443273746253 0.844678696003456 0.240707976735585 -0.478097867024825 -0.418129824622711 -0.204172816466938 -0.0957593230677014 0.165202633565051 0.281539446446217 0.699273086353595
-1.05129968607454 1.80277533332405 17.8268184774632 0.394791114440862 -0.801221520675491 0.449648808254871 0.757502318958393 0.00689724988077524 -0.652796036076188 0.0820572643340271 -0.843079091215723 0.0592841204436862 0.228136016072371 0.338643916956793 0.67706456776983
-0.498948327555656 1.82058172036856 17.7685157997853 -0.121083034085277 -0.989439662045938 0.0796746761968011 0.766101650113575 -0.144187788382374 -0.626337084463835 -0.226567067471436 0.187586139840141 0.395538970336201 -0.538541514538353 0.462289305177823 0.110569130064516
0.127722943967555 1.65421206028451 17.7350941281262 -0.52959521957396 -0.7973066342278 -0.289535894874357 0.737072495546338 -0.263608993998142 -0.622281636071957 0.325179525062344 0.400988506775079 0.121117314511511 0.31957400500693 -0.0529234394107555 -0.198641499622577
0.442833360758161 1.21659938216295 17.7755980263774 -0.493551610120848 -0.105862425207209 -0.86324964817619 0.837014340699734 -0.327436311767768 -0.438397599444728 0.167486811082256 -0.14255166786471 -0.119351243342536 -0.217492323397463 0.32519864285382 -0.00459824596017916
0.839528832036255 0.828803430340404 17.6026811979633 -0.510607864907728 0.199085944623122 -0.836447484871533 0.690152256016263 -0.485306960814559 -0.5368119012285 -0.665013464572729 -0.85576362958051 -0.160905529327922 0.225965152456355 -0.388700904476895 0.362196665082159
0.93357407566009 0.425563375120554 17.3876122081486 -0.228397708337276 0.676779503684012 -0.699859979009737 0.56804779833196 -0.491173410797375 -0.660356251833727 -0.0742746615869478 -0.478448023452791 -0.131163123377374 -0.643741011918172 0.104470402097619 -0.578431836290739
1.01513548296047 0.0785750123995186 17.0164304874306 0.255681659825142 0.931088174003975 -0.260195505454948 0.552107640043307 -0.361564176306036 -0.751297877155209 0.228516474166826 0.0750597095194544 -0.458388913147713 -0.0911863095119442 0.10025463198814 -0.293636058435056
1.22754282988262 1.10461120431294 16.3937319961082 -0.338825105947967 -0.82736736300235 0.447951776665621 -0.648549919214484 0.550311535887002 0.525870911685217 0.468076731163883 -0.0774079327160336 -0.23087754411874 -0.210077140151829 -0.21302489767428 0.241456103222023
0.75586516382522 1.19247868357385 16.4877491915033 0.112252208158636 -0.687511863129128 0.717444687638184 -0.886144723736846 0.257424279762192 0.385331375289231 -0.344730013339209 0.464873593750848 0.0801337324291141 0.0611823322701012 -0.120330356586251 -0.0295471722990832
0.188491253972025 1.03227201937937 16.5764552146693 0.504545140810294 -0.172796796958641 0.845916939093629 -0.802143099330823 0.268610151712972 0.533305760884545 -0.240144113493991 0.362188960885902 0.0455904289606146 -0.352774901380053 -0.54646946692948 -0.618113512314024
-0.132814590767261 0.807967030738087 16.9220284300732 0.516924632637045 0.512496757161717 0.685664639653973 -0.847094105446766 0.190808875112942 0.496007610521754 0.437255946996656 -0.095138513292556 -0.736657985342262 0.604353179936104 -0.390283895492766 0.0912240332157454
-0.391544201257801 0.624562136188498 17.3564827249092 0.357561770774896 0.871421079218262 0.335819717667687 -0.74888252851093 0.0527047563260413 0.660603638463849 -0.330999038138217 -0.247939908985965 -0.233238565777776 0.052331091647997 0.120539896521219 0.759583126238676
-0.508482319354432 0.654687415775083 17.8829306300188 0.00277333299925365 0.999687121093321 -0.0248589731131016 -0.582011500586028 0.0218284905315712 0.812887526160118 -0.629044543478083 -0.273303370313803 -0.542851527743055 -0.243225082746536 0.226546557618905 0.18937764502961
-0.619236206418925 0.708864649008849 18.393219731727 -0.317372292158344 0.838023383142896 -0.443837399816485 -0.62575514482637 0.166601142823361 0.762020050873535 0.317145800631848 0.376274783112794 -0.0270765734041259 0.322755032845842 0.547163313107472 0.904875388996134
-0.60281342345586 1.00781121469029 18.6906198712826 -0.838494143304373 0.233999713179095 -0.49210944501843 -0.423290877803121 0.289009549367468 0.858660767208461 0.112548132788437 -0.00878126099760065 0.0542291571285809 -0.00227789043412825 0.590613187336899 0.000219466810940752
