t = 2951
b = 30 30 30
E = -0.961199236802021 -1.32408534432452 0.362886107522499
4.65466111260513 17.9177233449948 16.2063121842294 -0.127651574407497 -0.766239801597994 -0.629747284232612 0.634452742135829 0.424954402787067 -0.645665140415847 -0.356226594358581 -0.301785077051545 -0.182911691168318 -0.0818558548065414 -0.69430914585617 0.146651551995049
5.16094239284674 17.8191110969129 16.0056970544925 -0.557536497884136 -0.17276032136472 -0.811977170177247 0.707249703277414 0.413306947532954 -0.573563618385092 0.00647767089412103 -0.291645904871656 0.316983570729049 -0.0688175173152441 0.0335883744677211 0.105330360109004
5.50149709137389 17.694523609741 15.6549853725121 -0.69887493149894 0.521591633372227 -0.489403716902973 0.697805444090214 0.347055714482331 -0.626593882226134 0.0479919397210325 0.579101838475631 -0.0569018273921862 0.166509742883086 -0.147135169989768 -0.0501365180762509
5.78564508408055 17.6163164939449 15.2413208641161 -0.659556993943356 0.636118499689875 -0.400422059947623 0.567962990087448 0.0728287358805075 -0.819825601650113 -0.297307998934761 -0.328038718377377 0.233141322735226 0.0670101585119866 0.0230137106682124 0.244676505896352
5.88596381708006 17.5196493492949 14.7255840944053 -0.336149319731879 0.938796626545702 0.0752630641829239 0.559433357021723 0.263321284377268 -0.785936524310525 -0.174269197801016 0.380700152112643 0.132849030878732 -0.0856803322595665 -0.234697134491311 -0.000945600724680003
5.96465091729625 17.7257841617947 14.2097680749214 0.165806485296949 0.797375068597344 0.580259605187928 0.659599980437784 0.347742889948454 -0.666335312209076 0.354498935055735 -0.0674661653169076 0.449506463288862 -0.245615444162401 -0.187899956233683 -0.449529277261147
5.98164488006694 18.0099940567663 13.8123613889245 0.525210217226818 0.46738970399755 0.711126635921931 0.514015693461864 0.491745698281529 -0.702832864268976 -0.0987389654843367 0.468630849548516 0.407147560188442 -0.00390361953859405 -0.180810170382097 -0.666161627143652
6.32557745306846 18.4865082571903 13.6369759164957 0.667130648600544 -0.23207252240234 0.707869367922952 0.738842187063224 0.327471919921466 -0.588960409771814 -0.241115747086889 0.576317410866884 -0.569272297823407 0.463957131517692 0.309517914605576 -1.23111827474403
7.05459958544589 18.2759599008742 14.4343300321628 -0.630976782427075 0.441952095023939 -0.63761010479911 -0.773693338570554 -0.29792138769671 0.55914350984735 -0.391204521384152 0.468607658576224 0.387814777559429 0.108318938640705 0.134367703366512 0.152754952517716
6.70087772723257 18.5058751156878 14.7538956808851 -0.481076302733517 -0.189281553414566 -0.856001217572278 -0.818376099115439 -0.253169682510812 0.515912465689648 1.00565496783824 -0.0552903002695698 0.478128682083796 -0.733751265762036 -0.100347844426208 0.00929158830720302
6.15571984313711 18.6528002412569 14.9037842368403 -0.208097108649002 -0.771031095310396 -0.601836060265896 -0.846311291069153 -0.166537985240057 0.505986460373248 0.0828118458526309 -0.0992020288102631 0.231211482222698 -0.416824913182623 0.0862151150115618 -0.413262709881903
5.64135024871957 18.681903302898 14.8725778232521 0.249514329166227 -0.95043311718082 -0.185524902120114 -0.855461145446338 -0.306117932053192 0.417705686227898 -0.167724350875365 0.307557359385903 -0.260263221512152 -0.347076802880471 0.134065192596485 -0.690255051940228
5.12028125015205 18.4985998021925 14.8481566970239 0.51662111804721 -0.822186683337422 0.23898049738474 -0.834521720291493 -0.42109170889674 0.355324177421334 -0.40647570963634 0.259990760744322 -0.436705316005046 0.0490599591885822 -0.32274147567644 -0.00174846043726956
4.62471827997809 18.2113211170915 14.9523813682762 0.758096583267557 -0.350799402228556 0.549753899335098 -0.649469634615153 -0.482365237846478 0.587803513965485 0.151476906495153 -0.295431815560678 -0.533903779284553 0.0673008893702994 -0.340571565324024 -0.234943285055401
4.41285853398563 17.7164372103685 15.0699390478637 0.686286761374008 0.0340929467382137 0.726531590603935 -0.506064258500515 -0.695080350848369 0.510648873623386 -0.382824736104543 -0.609084010160791 0.430356129889113 -0.168091350865544 0.218500281945122 0.120178947460364
4.46267573040958 17.2217863400383 15.288296679999 0.0655320238921903 0.587786173981646 0.806357840862613 -0.470571840956954 -0.694390432825508 0.544411672632749 0.175384138330768 0.0881077486002704 0.136998264536527 -0.127709941695876 -0.137887202700452 -0.244911541552198
