t = 2794965
b = 30 30 30
E = -0.972643688809925 -1.35599742707255 0.383353738262623
-65.4679667447937 30.8083463090815 11.8162704650116 -0.272232960068393 0.900143657979155 0.340045012391458 0.576474522941612 -0.130379936882805 0.806646264763977 0.0782101482990437 0.0781009433416715 -0.411038537980064 0.162296045442106 -0.236377222307881 -0.286054203299843
-65.0755761006049 30.9612607290264 12.1308068431876 -0.690842817657939 0.600339369072384 0.402900537641999 0.592582909928801 0.150892099449385 0.791250320179444 0.245678882299452 0.0121637715790253 0.26283194362596 -0.876196013506473 -0.22503547781725 0.0636298425407156
-64.7867313337096 31.3137253243871 12.4611281316011 -0.927403340877425 0.0274191182295531 0.373056611367368 0.372502137967311 0.158705104254878 0.91436034860072 0.157627427722034 -0.154425837495438 0.0671265370495552 -0.530894502078882 -0.354491007834111 -0.149360799627524
-64.7748582295238 31.6750885928343 12.8605070400178 -0.762733209705566 -0.492540441935457 0.41909660446044 0.404933602248509 0.14155748952182 0.903321789248065 -0.167214950396116 0.0455525244768876 -0.0571765835875479 0.0393694325711385 0.291931015060319 -0.0587892074485831
-64.8805354197655 31.9411709540736 13.3004581599758 -0.461662921312656 -0.850863272718293 0.250796806646698 0.209823868744698 0.169960055408269 0.962853843358703 0.336839772778028 0.58247434495522 0.335906024491916 -0.3006785522222 -0.246292747640037 -0.455911568609128
-65.0754408858463 32.031197961958 13.828146469143 0.234424553483316 -0.971962724492898 -0.0182644715360797 0.260791087023557 0.0447778252778359 0.964356238789617 -0.0758846050413679 0.217037090052804 0.321096561346056 -0.176030370347049 0.0983164533042117 -0.313024225423313
-65.1189244390024 31.9530277075854 14.3503259577742 0.65670152378011 -0.706424697697671 -0.264021315706962 0.226426800909023 -0.149248043837024 0.962525804974041 0.119779735174904 0.0461665281557708 0.185022946993909 1.00053058720882 -0.239457017411834 -0.42848602253136
-65.1329643266241 31.6355476436821 14.8429254992227 0.910784170290788 0.0629296925466709 -0.40805887926095 0.41233450189253 -0.0877169437206584 0.906799865644755 0.535899126445794 -0.0118635501021715 0.035947973452155 0.0306917201327921 -1.27603529650623 -0.279982472889697
-63.9939946455374 31.2943657767306 14.4577717898481 -0.921779807256549 0.369687881235506 0.116845442365897 -0.257110765740153 -0.357281732246695 -0.897910807342975 0.279939105563315 0.915529664520512 0.0859600616896223 -0.0641104767532041 0.5691861582498 0.386618482600313
-64.3874915757348 31.0130743933495 14.1196411972289 -0.560574283747363 0.821613111777454 0.103481239635496 -0.588220062668284 -0.307109043948369 -0.748118435142217 -0.222402613146622 -0.0685741059269141 0.581289143798907 -0.204365928055239 0.0321222167888701 0.269722657874546
-64.8040370249964 30.8463238774693 13.8526682514232 -0.24040972330258 0.970391556127349 -0.0233107858794475 -0.672925497137053 -0.183925272181883 -0.716479427168478 0.80713554447933 -0.127205991303026 0.390711986539298 0.167071533638976 0.248337925751217 -0.034159367269544
-65.3326950329163 30.8879521473744 13.7059175605103 0.418416637779556 0.768378342545291 -0.484274963152756 -0.583702618439592 -0.181015936729132 -0.791532996075867 -0.0322357337450933 -0.40186797819229 0.186278068927433 -0.216675692750235 0.119397766362917 -0.747109767275302
-65.6331574760124 30.9381778373213 13.3024066180961 0.737634022150639 0.63118933403317 -0.239783389684596 -0.49406597490034 0.262514722901248 -0.828845481803368 0.781276943815287 0.128905463475592 0.0761688662534461 0.0812077665341037 0.186275025578516 -0.222521805878212
-65.9005654725146 31.2856724992174 13.0343280009218 0.911206621300767 0.0545919152159083 -0.408316318668137 -0.411582879094967 0.162461302157511 -0.896775255533505 -0.111070477597457 0.160420828958046 0.409005103111559 0.0796959051052608 -0.426171743801841 0.129245313080414
-65.9513363739326 31.645419271012 12.6099619459673 0.795454846343282 -0.505227538835397 -0.334659112278916 -0.261175995419758 0.212506995010803 -0.941609195201479 0.0863652536726994 -0.15901128989789 0.114999890699413 0.433322789902576 -0.201847357980992 0.526382924115384
-65.8358391700984 31.9514183448274 12.2031797454452 0.336814494041076 -0.901907530758574 -0.270404886355308 -0.228595058123766 0.200265237835296 -0.95270044290751 0.154709050727401 0.421814603914068 -0.378730609358692 -0.209042972655536 -0.380032161279493 0.0101997248937448
