t = 1000000
b = 30 30 30
E = -0.528997358203252 -0.827796719817689 0.298799361614437
-8.78097048577329 33.5952398350477 34.4576086607584 0.465834289392662 0.884028602962969 -0.0386243960389402 -0.449003656655984 0.273762196988381 0.850558625733503 -0.195290542981881 0.300339095524456 -0.51026797969995 0.277326217705887 -0.197059848857786 -0.376843925037116
-9.17841345793287 32.4734401681366 34.7003584787307 -0.978352939252585 -0.15089270258281 -0.141622450773455 0.170102714171725 -0.196617498698678 -0.965612047272032 -0.263315681850183 0.171275611766631 0.32026935924174 0.255981580064541 0.617031189053504 -0.268918435128553
-9.54769212463631 33.509348478052 35.4625159984326 -0.80870843256183 0.521091202648642 0.272863756526144 -0.378768354939825 -0.816245782344519 0.436207927599854 -0.269842994486946 -0.066113583692122 -0.497069964800807 0.822305662846725 -0.491981358157218 -0.419870891449371
-9.64676813912382 33.2706880721468 35.9298841239043 -0.86396198420042 0.246289386369392 -0.439216607174931 -0.424743794193743 -0.824943569449234 0.372908590030126 0.0474096640287938 -0.109266601405957 -0.166312234492921 -0.413971771888951 -0.0770998747018226 0.212439470340096
-9.94219730736892 33.0091624510973 36.3888146045721 -0.546743204592359 0.0873231265291772 -0.832734375299384 -0.679214803755368 -0.627840127336628 0.380110542954914 -0.571715039633659 -0.326740284101993 0.475060780124029 0.701382566279795 0.204419933536621 -0.467685797819034
-10.4334249517965 32.9429479932924 36.4518108781304 0.0350886955093477 -0.455556090435522 -0.889515279191182 -0.772023114334811 -0.577560567287825 0.265337713201395 -0.0346014885175114 -0.234079840529525 -0.258772529765955 0.232043291883603 0.57841477107967 -0.0852269952950918
-11.391214837705 32.996790382383 36.9529571681457 -0.864820354556412 0.331951237500113 0.376688372885423 -0.323576965388322 0.2051721710196 -0.923689519107578 -0.209181278745823 0.038969780452664 -0.303374821212128 -0.235952476686127 -0.100178220784996 -0.0713707957076004
-11.2278652299457 33.5114909605315 37.346547117696 0.0468814212993574 0.939400386890852 -0.339601303658083 0.472948720001998 -0.320328333534065 -0.820797945284809 -0.485910446167495 0.155298286218658 0.14373762116373 -0.540097796229136 0.121455848262725 0.226470469625317
-10.7276737095797 31.8378836557697 36.0997545711052 -0.62831098008226 0.761829195023313 -0.15761215028735 0.746544901795624 0.533440558097191 -0.397632846455023 0.691299906679198 0.0302076526808073 -0.242927510153307 -0.225123368157316 -0.186139345933156 -0.0496260261853281
-10.4950131564122 32.1326244684705 35.6948016584185 -0.597881269788108 0.651779328865608 0.466606572714163 0.467486210124177 0.756380805038317 -0.457542043000775 0.136312808742732 -0.189425422286547 -0.0615005076459613 -0.523546611978715 0.229644071521405 -0.155474126074762
-10.5068574572967 32.5383009315047 35.3850755495221 0.0175290471393224 0.27495590931195 0.961297030288156 0.507605927846739 0.825879110336745 -0.245478954544442 -0.354339294445086 0.135383257689052 0.0882731825795099 -0.43840883260148 0.0131738628816476 0.340086903394567
-10.6276458956529 33.0526382715213 35.4101343798287 0.519132852039888 0.0857075361545952 0.850385383328774 0.179497375963247 0.961837357264642 -0.206517772098369 0.438206060203571 -0.287212204078472 0.335251210958948 -0.0523368008701425 0.21786712448689 -0.255314501767393
-10.7109400829053 33.5705651655918 35.6042318543572 0.937428886844976 -0.309427388957976 0.159630113297106 0.327783000504671 0.938908364926182 -0.10492562533436 0.357893910428926 0.393481100642162 -0.0733793877931775 -0.24207747243899 0.0736593141867997 0.457671157983093
-10.5327819885816 34.0710334660774 35.8547943475248 0.830292179966254 -0.434805984755506 -0.348652622975468 0.412934936377027 0.900074029252939 -0.139109597741056 0.0663118365929689 -0.114749000630128 -0.468898250795672 -0.143840073523145 0.0483060621105127 -0.335761478068856
-10.1200255407798 34.3920779913725 35.9195385168196 0.154745771548324 -0.250936966049271 -0.955554490993529 0.411544554610189 0.895666043910616 -0.168562799443436 -0.00346414999704712 0.0235953926261179 0.24774946489546 -0.227813600125207 0.123255223798755 -0.174713547972383
-9.78733566916382 34.7490535954383 35.7481949690942 0.584459676863934 -0.170024287273658 -0.79340949569387 0.601935277384207 -0.564855323988669 0.564457602306897 -0.555768952457602 -0.126130880038431 -0.564253628112024 0.0175071111954679 0.000869428145715692 -0.0135829823209719
t = 2000000
b = 30 30 30
E = -0.446443232306136 -0.780488847986646 0.33404561568051
-53.8233477006675 9.05527094498158 24.1094220136155 -0.644324256884358 0.603567717259548 0.469629920972372 0.347343876167695 0.77806517679345 -0.523418391299127 0.433171031725681 0.263624730907593 -0.0360120076960283 -0.419711933332436 0.238815915129382 0.151953569094521
-53.9959480399722 8.30715016147721 24.5945372964673 -0.469994677025142 -0.872295841168752 -0.134925790891663 0.830639399627212 -0.385386166635716 -0.401890147120821 0.238569882205257 0.500088852359164 -0.449047354157626 0.35709064553012 0.128152853545209 0.341380088924006
-53.6857991944217 9.42643832723659 25.1357787484209 -0.459992394481626 0.741237845391315 0.488849111258986 0.444547543093222 -0.284329122172368 0.849431829056615 -0.028080806657693 -0.121125896267016 -0.210972448187401 -0.0373541598879573 -0.0287371867197671 0.257117797760852
-53.3841393997496 9.5460179100795 25.4361038445967 -0.862678567561254 -0.0897997169686831 0.497716485464187 0.505739098344635 -0.145980219174755 0.850245693911616 0.0481569137321197 0.52007087396891 -0.00956285327537145 -0.583280664706279 0.540111856727522 0.310608671653503
-53.1378503742236 9.66037727317436 25.9386766959594 -0.832055446035112 -0.53250953506886 0.155297552408439 0.417588222563165 -0.417063184773578 0.807265988558337 -0.458311915402462 0.308666232977568 -0.53374144389112 0.213859451075774 -0.531102845428227 0.00423076155045386
-53.0715773158947 9.55515735237808 26.5022850426396 -0.586025965600605 -0.787416268107447 -0.191178420229941 0.300830144651318 -0.430501171179984 0.850981765775106 0.288199380921591 -0.109958021961827 0.346514763790012 -0.171644230441416 -0.014053566895787 0.193629686937051
-53.1790969034946 9.50292022458269 26.9909278453728 0.0227141030735312 -0.888665333896519 -0.457993443023083 0.485655273682808 -0.390618447303904 0.782020577587286 0.0549958230524243 0.132169288391858 -0.102433538673617 -0.202531622765595 0.232629209855952 -0.350449859288285
-53.0118147628467 9.07380629724874 27.7353977292606 -0.538410211483346 0.202427895527164 0.818008185339791 -0.72531604144998 0.38284590812531 -0.572141285564193 -0.311440994788305 0.0541638181931464 -0.0435637123827681 -0.383435068409194 0.33111498710486 -0.01818127864946
-52.1748587991901 8.4037764905819 25.4627670559329 0.711278499307463 -0.198803543806559 -0.674210684721685 -0.326491038978974 -0.942863679288995 -0.0664205069542056 0.011188141683089 0.0322416366802583 0.488626876120261 -0.41632495998592 -0.132418667899502 0.319002360191379
-53.284023092928 8.42967365987925 26.2947901971042 -0.172260655599155 0.778341692312134 0.603747030254597 -0.516848856911994 0.450347557453316 -0.728048306504853 -0.0338859352934781 -0.0481127782679885 0.283191728896262 0.267816005707346 0.108002635641273 0.374864788369936
-53.7449258141723 8.63256170759232 26.1368114313766 0.521690403986708 0.772606171121189 0.361827067441934 -0.50403924544506 0.621306608629677 -0.599935444130665 0.542208539610745 0.368709599479398 -0.271868104916905 0.0666629763546239 0.094003810753555 -0.0159537747908341
-54.1011083548926 9.00521297619575 26.1477285817296 0.835297627454601 0.470379972765764 -0.284641098208964 -0.547981287846688 0.670225006715343 -0.500514683644055 0.797958222296368 -0.0292193358080382 -0.451508602327529 -0.518222654766123 0.259497503355792 0.0660032260923566
-54.3609485307318 9.45050014536348 26.071877510158 0.793907289169024 0.0796918509476702 -0.602793849584438 -0.436440467564638 0.764947126963008 -0.473683028219292 -0.00266875150104386 0.809414155157213 0.257951124182851 0.281327491845267 0.244475266804748 0.625168740081527
-54.3301339870804 9.98593755474294 25.8639639391053 0.608455810933689 -0.50210927190424 -0.614546829142269 -0.331677740184884 0.54261245995363 -0.771726373119975 -0.108863708054078 0.270477820041343 -0.500238519203389 0.0737141845396911 0.549961206065464 0.368774856655189
-54.2415545757832 10.1408448416688 25.4017348623886 -0.136267857800674 -0.833934015976345 -0.534775773505107 -0.104171803234104 0.548880345492256 -0.829384471607268 -0.153352470613829 -0.135119952377634 0.0961418190468973 0.568661846915266 -0.0826085945186455 -0.229668958217281
-54.0993008697548 10.3808462108451 24.6614395223998 -0.448401889907663 -0.740099111370903 -0.501187639986503 -0.250664765124884 0.642338547029307 -0.724270920667936 -0.847983119838441 0.292465973018498 -0.677113342159477 0.2870229169457 -0.198484102115403 0.281501352989757
