t = 131542
b = 30 30 30
E = -0.636417097615914 -0.909010541501823 0.272593443885908
0.487658330631514 23.2653863357097 10.7086260824363 -0.716734201593332 -0.697138684539558 -0.0170217150960802 0.608995216348319 -0.613848492561907 -0.502309520758212 -0.0520057873997506 0.25805555699074 -0.39534517156468 -0.0995227786825616 -0.122008917626682 0.128919648424752
0.496247771843986 24.2508071410142 11.30996755477 0.171242565728853 -0.237533694135057 0.956166161204778 0.642394886220941 -0.708911588637432 -0.291158324031224 0.108587841243008 -0.169213562043923 0.307577350029869 0.0206245197400271 -0.182347919114397 0.572427306102506
0.956736419848703 24.0125680459189 11.3598811079438 -0.479856283698311 -0.559253013311798 0.675998531135191 0.721946398449865 -0.689516875607763 -0.0579644375227236 -0.742993618087665 -0.582886205845787 -0.263822629708539 -0.120199645853514 -0.318687544505827 0.541332703578444
1.34268698675579 23.6339320824288 11.5323220596687 -0.804047665389832 -0.447533171879745 0.391435067218559 0.558823171260252 -0.793651407081133 0.240487228976697 -0.0605653750482756 0.154601315628887 0.0892866548921024 0.0204865614533665 0.655627582843932 0.336705918129709
1.60184117731313 23.4201980018885 11.8721065714457 -0.757430205831627 -0.603535460630011 -0.249087195688501 0.542687734641074 -0.794060969742699 0.273783124026014 0.57226004034474 -0.122206399050443 0.365028357763766 0.0519469878264675 -0.185510802642929 -0.315460192610336
1.65214979693551 23.0494756534362 12.2380599428658 -0.488204494084552 -0.417071590108365 -0.766620936760855 0.470596024418144 -0.865576848274641 0.17121945430583 -0.292330009430204 0.347506647335004 -0.0629237136544634 -0.293184915349125 -0.160835498938938 0.340179549519937
1.56946858226714 22.5868853713922 12.4630583284464 0.309495830096228 -0.115547818817478 -0.943854349314302 0.529899063867084 -0.803227463846339 0.272089366634862 -0.277475236755951 -0.133355162479932 0.168858949087273 -0.576542038332621 0.448593012085976 0.390537748077556
1.08755524864411 22.0759928631908 12.590597963646 0.346052268775754 0.104627262201007 -0.932363106991822 0.420686136863533 -0.905566531430303 0.0545200092094072 0.114934795518987 0.437159709565684 -0.383561213187091 -0.00268466443375321 0.203291273204904 0.0417090352942663
1.64671510873216 21.5798318722194 11.5842318471699 -0.6704707581036 0.143471740556247 0.727931880185062 -0.0720370945469438 0.963901034247137 -0.25633074959218 -0.0678475509668856 0.306549474808637 -0.415361660122963 -0.449573419536313 -0.4096473205498 -0.0165180752834535
1.33899130276128 22.0399182383835 11.4351216421296 0.115940060352667 0.144094618032368 0.982748514859996 -0.0301757580405328 0.989475240603336 -0.141520923751884 -0.112240234768474 0.305041834848448 -0.230734404729383 -0.0204517742318843 -0.223584922682143 -0.253341041838903
1.05291455433276 22.432576883987 11.4584288725848 0.447743856358015 0.358375068980386 0.819202507947228 -0.57021471138351 0.820142670021686 -0.0471294359347104 0.283786516675629 -0.0872680322125282 0.122474017586275 -0.224994242340985 -0.143296647935278 -0.330451785953255
0.640758093548137 22.7032112408741 11.7660112666986 0.770176452462407 0.615840854188411 0.166036966922768 -0.623587286054606 0.78172331954566 -0.00689553112793395 -0.0480581952171795 0.194829805264281 0.292028923128651 -0.357116216706229 0.233904885632304 -0.119298485098003
0.388343650442913 23.1197201080276 11.9838273643808 0.848572536319037 0.391792262295453 -0.355560787785236 -0.421512135297886 0.906797484479827 -0.00677066744563786 -0.454505592292246 0.306751042128032 0.254849024484723 -0.225086580388508 -0.126453457433179 0.0149864988996461
0.190760875946324 23.5849549602514 12.1468787182341 0.748199488336607 0.321824597861923 -0.580195186005449 -0.224592125279056 0.945706549311956 0.234941481758896 -0.372195364145348 0.494618270564723 -0.229040791525696 -0.227999005822992 -0.069103714818424 -0.159479961648506
-0.0970123996245408 22.9948264761449 12.9058814091541 -0.952447972557468 0.260584549873894 0.157919447625014 -0.304295907184429 -0.786737780135716 -0.537073240981094 -0.32969686600537 -0.328461052212434 0.055739583575576 0.346909314214906 0.424985838972727 0.361407968923313
-0.371917065891708 22.4573739267231 12.7416983298851 -0.784671543385867 0.561958047836216 -0.261713051780982 -0.423667989202003 -0.794331504570964 -0.43536524410151 -0.567466702680794 -0.348279410903429 0.239572175340751 0.160025301632993 -0.327948156122382 0.0152204449970255
