t = 333593
b = 30 30 30
E = -0.995628081348573 -1.32874462039061 0.333116539042042
1.19496151882371 21.3359954250448 13.5807067459385 -0.848159969664147 -0.491577498050725 0.197423983521538 -0.368163412283906 0.279031307364039 -0.886903169103706 -0.464050038992881 0.627442390517011 -0.679397988601839 -0.0523314239798292 0.543037436968265 -0.0710139269404393
0.981164565939185 21.3137808497823 13.1624196491509 -0.813058544719834 -0.104915899674451 0.572650379248603 -0.58174745887054 0.184407378072366 -0.792189253278626 -0.230715817745347 0.373342922151487 0.55575946771066 -0.062552885039733 -0.0410059092667122 0.0349304519177472
0.768950935002255 21.0508452034051 12.8098541276957 -0.640373552708963 0.577444054694567 0.506438620850345 -0.476907379845975 0.217923322778401 -0.851509704253373 -0.1485722667407 0.38072395092396 0.219232257682447 -0.391542760116563 -0.044245563756514 -0.0886403816898345
0.328552510648525 20.9437351861679 12.4999470563595 -0.146783189020866 0.956361154090387 0.252642115190178 -0.287029056354059 0.203239727277698 -0.936113205795422 0.409660997613214 -0.180379518535823 -0.200553486282623 -0.123980088751985 0.0866593901859588 0.49739465874715
-0.122309191740531 21.153239394833 12.2157751181314 0.481573228579095 0.871379482826987 0.093728450451761 -0.34293247886438 0.285775157905164 -0.894835109986311 0.147883232838679 -0.14833848077055 -0.0808860742236427 -0.112358727853074 0.0667462249184181 -0.333449790276533
-0.421855620389632 21.4179407151351 11.8935045076042 0.878191286716905 0.457955341561043 -0.138046981387549 -0.335220396930945 0.383411028946574 -0.860594717833889 0.707877568378574 -0.367349780794879 -0.542465007147346 0.198024189332824 -0.662593272105501 -0.600534392954652
-0.50614731296935 21.8816013764987 11.6068764245729 0.93062312000377 -0.116263924491246 -0.347020616644525 -0.274228884231327 0.406400057141073 -0.871571863135207 0.0263331312494846 -0.0815275487722087 0.125309210410026 -0.0575992861019351 0.196147865997449 -0.853117351077839
-0.530323170355047 22.2643106620085 11.2224193424197 0.60805527735089 -0.7558427216452 -0.242838546820138 -0.362304693184023 0.00797844962815512 -0.932025564906012 0.0382319986836255 0.550785725457266 0.0030726540823498 0.526822508660162 0.0542215489622029 0.142690721409483
0.450481250581579 21.5755729734783 10.8662333612663 -0.694778796484042 0.681167303326428 0.230853912323764 0.140627075711579 -0.186121848386621 0.972410758440049 -0.269343611545157 -0.385411372575484 -0.163852930732944 -0.242294744666813 0.246078683243327 0.307852268677958
0.676739558673798 21.7592405993446 11.330056392536 -0.972539310738193 0.147413060223231 0.180101856582636 0.14781809402114 -0.206487974160537 0.967218965698585 0.365120780933611 -0.190739244851888 -0.0124921650325414 0.436848254114996 0.309744662894499 0.0795868728625805
0.635652361745564 21.9860437704221 11.7999864344905 -0.880983822011414 -0.470604201005882 0.0489815409085432 0.113146911445791 -0.10902469471929 0.987578549975466 0.269839687982499 0.211351641850654 0.0883134842059639 0.0924650067570035 -0.159435351722976 -0.181728910604371
0.455629633134397 22.1642007787891 12.3530317911851 -0.458407834427652 -0.876479483302606 -0.147125703685459 0.126582505940577 -0.228245726789663 0.96533971087492 0.753602144610708 0.15924210506157 -0.46162549119447 0.000463580035468725 0.152337093189482 -0.565276224673839
0.187110747792261 22.0930518541696 12.8413588287253 0.163310852133301 -0.946938389910102 -0.276834339072955 -0.00946887940979922 -0.282093026563028 0.959340327874961 -0.405481429750833 -0.324427898797927 0.219621809323765 0.343383983660721 -0.37162650944364 0.370749450864818
-0.028701957635004 21.8064854351203 13.3282101469136 0.606737779704103 -0.734600880312092 -0.303695263915054 -0.0310093614388105 -0.403636367567349 0.914393844183232 0.224575709084559 0.141185485756145 -0.323684313358001 0.423068654989465 -0.216467967456224 -0.0359117132732183
0.0202617405665038 21.47661491496 13.818122098732 0.806652058700481 -0.27058564792384 -0.525448249908509 0.271426277416382 -0.62014437659597 0.736035819851371 -0.342589517324149 -0.0306592247167559 -0.1182979195018 -0.134182416694334 0.496735289324159 0.142911702785635
0.103084971551368 20.8767528618499 13.9469405583198 0.932891614795799 0.260682250399732 -0.248511567880091 0.350037463963562 -0.493836556640775 0.795989465474979 -0.564731918032148 -0.296553638788455 -0.0781401059900453 -0.137037917073962 0.0209818163570538 -0.559678165763098
