t = 4868
b = 30 30 30
E = -0.907952123700018 -1.26047775505195 0.35252563135193
16.9088479538116 16.7349026787765 20.0072088544293 0.254068633696668 -0.615442704437027 0.746109514030444 -0.849906537752891 -0.510264573549083 -0.131487421701348 0.25522133954398 0.154253934569464 -0.396161285787704 0.342097894053293 0.129946934789776 0.48806146083487
16.5051667570497 16.2973276202896 19.9090220853321 0.310360437507225 -0.24480513825092 0.918556935152237 -0.791797235262783 -0.601288492455623 0.107281345399182 0.497331353851177 0.526200240009212 0.217374236085361 -0.322560372220391 -0.364016881307415 0.413962283810524
16.4534200503415 15.7006797085406 19.9247882994308 0.0691716766993887 0.187208132865801 0.979881826615586 -0.69778586105209 -0.692894645941307 0.181636730155734 0.19041500222588 0.132186414073878 -0.515726991288464 0.133682200586294 0.237363430631276 -0.11504649120033
16.5147584386194 15.2373825372597 20.258371202385 -0.52547649940997 0.60322813702803 0.59999188599975 -0.539885685059414 -0.781448545899844 0.31282841491615 -0.423739358865866 -0.54258399759894 -0.291170640835499 -0.138412734363273 -0.292449379275139 -0.130161998258728
16.4373582421569 14.908562443073 20.6501114697746 -0.730383781681309 0.680989809472567 0.0528432668504283 -0.581146826400443 -0.66021936672327 0.475792763677863 0.474494117290867 -0.45897251864251 0.156501094626106 -0.286097783083696 0.425997167781885 -0.0972424963234512
16.1098342465457 14.8888752963752 21.0406394361697 -0.748731749949681 0.214749346116691 -0.627123181647546 -0.61378577094807 -0.581886811209393 0.533549216401115 -0.179176314828622 -0.311531599696831 0.0158338099722227 0.0326171224698414 0.207462157966958 0.55058746575697
15.7926870217034 14.7275583151603 21.4357855725732 -0.401852372245336 -0.154828251658889 -0.902520295289277 -0.803462725770329 -0.41318831774263 0.428629283155882 0.344047802648678 0.0942239795714398 -0.142767446319762 -0.0937921575345665 0.158030361296491 0.0321377982819455
15.2899172538486 14.6641915934337 21.5083626171919 0.13005809387111 -0.585953958303075 -0.799839265707535 -0.727687196051053 -0.604342567984803 0.32440931741379 -0.381562664403294 0.255729799047513 -0.16320082075656 -0.038997274782755 -0.0750938335451942 -0.357975651774376
15.2980248002085 14.196112944453 20.3684527092225 -0.204345833733612 0.410595851344973 0.888624682919628 0.319388984824019 0.886067635529637 -0.335968483105175 -0.124295958264869 -0.332904693513591 0.703149093418891 0.532426654366937 0.609111569429113 0.00574291739643348
15.1689986909741 14.6841295241156 20.362485811779 0.580363674328696 0.0422786155639181 0.813259198648065 0.467182782046605 0.800687694448697 -0.375019284994289 0.485362823066095 -0.598229817696523 -0.275531632882025 0.0467887234457077 -0.127917526294978 -0.0627702809055612
15.2088045976444 15.1904309896764 20.4067549430057 0.837003119563928 -0.283786025549084 0.467858172466087 0.423487528770955 0.877407771537153 -0.225419421127991 -0.908917005415746 -0.137138125525242 0.094792011914607 0.248807916058384 -0.00154167658028036 0.00322946003358431
15.4965239079125 15.6372621147667 20.6778475461039 0.801751147881666 -0.585329461598657 0.120766378827314 0.595243092521204 0.800186333134963 -0.0733995440708793 0.602336344400931 -0.44436746306914 0.377540813164297 0.182127751454736 0.22038365167835 -0.494085771923858
15.8479105681887 16.0261568865603 20.8749225689942 0.501667655658939 -0.731836840900026 -0.461242237405832 0.750707742579624 0.633246467239614 -0.188246638640789 -0.472697570173544 0.775835627614372 -0.237580302576743 -0.697573037532987 0.0543728467970859 0.315948845777831
16.3290081900206 16.160535969055 21.0095761271782 0.152682159913102 -0.41495858992813 -0.896937861108074 0.744659793868655 0.644997160084266 -0.171640481468484 -0.428611662088097 0.0925683231280839 0.00895204314262784 0.040110281531202 0.148206264782742 0.454839532428606
16.854974186327 16.1277845245488 21.0188336496111 -0.231212376260108 0.156954981447406 -0.960159346599825 0.910779433678407 0.381924940007232 -0.15688901615126 -0.447464235970148 -0.358722102560296 0.353547238872702 -0.25637374961151 -0.0284423174158826 -0.158715745834681
17.3416688851987 16.0102063362777 20.8494749514142 -0.463871722677908 0.494499025406702 -0.735046759581764 0.880523610974169 0.348646922664862 -0.321128469359755 0.187199703764192 0.347177211890232 -0.36512717283149 0.180684193461488 0.382078710102305 -0.109836970994199
