t = 53391
b = 30 30 30
E = -0.879969117940812 -1.32294637265434 0.442977254713533
4.15465048687467 18.0686738779356 4.71142690986099 -0.0273258721484675 0.997736640847101 0.0614401515497824 -0.999179408397133 -0.0291002319812221 0.0281724392586912 -0.155817459083312 -0.977657576058983 -0.407149101267815 0.142901139952588 -0.314759931049688 0.322387883467139
3.72059823935096 18.0841487927013 5.03147540546124 -0.156488676582974 0.718025935721422 -0.678196173487239 -0.964395787755647 -0.259300216307292 -0.0520015613438247 0.851009166687663 -0.639427802724823 0.469621943558925 0.352168940976354 -0.428227581223947 0.371176889163332
3.15158203051088 18.0846655557623 5.07508323665891 0.117260573472902 0.66635571977835 -0.736355900789464 -0.968371637376627 -0.0877163504380532 -0.233585559892634 -0.174610252277519 0.277584161479031 0.158758647660609 -0.344563726232138 0.709807085696034 0.355839097314387
2.67450268141773 18.2876668846879 5.03425585239459 0.30564816391536 0.0863953342603114 -0.948216771689496 -0.940055255397267 -0.130810680083584 -0.314935997904467 -0.247735467515431 0.358047077674942 -0.746623136461594 -0.518059168185375 0.119464401627268 0.0852514415649368
2.29365085834924 18.5530698800834 4.78182298862262 0.261488646829438 -0.604011223496612 -0.752857310165367 -0.935502464929909 0.0334166250395792 -0.351736360476154 0.0361151421518743 -0.77577215970161 -0.0316477739864609 0.562278929274403 -0.333790648881645 0.78225889232296
1.95153794675599 18.7201474508973 4.40957921657488 0.154701380030689 -0.960341352301835 -0.231974071990061 -0.928923496487494 -0.0614396364323195 -0.365138752734514 -0.319283234139865 -0.310571367880898 -0.112433999896957 0.24162356848583 -0.397360402216241 -0.234616189996905
1.50767920249298 18.6802252035601 4.06887120667338 0.161144385579948 -0.973131178657268 0.164463357989449 -0.935342565954142 -0.203757217503513 -0.289166527505353 0.188820831405842 0.147943095572071 -0.167322234076597 0.0234875878660538 0.301466062697318 0.230761900180444
1.32603088743139 18.4441372793366 3.5866315174614 -0.0865946049956592 -0.664029644540531 0.742674898967936 -0.892780584738868 -0.279086322372805 -0.353629258090673 -0.435502278472988 -0.287192400137906 0.206621383629339 0.0320778045716175 -0.232748808138662 -0.691657441933226
1.17985293466594 17.5822174993576 4.38624037394631 0.163697434805081 0.71737557571768 -0.677181979383644 0.939020132570197 0.0971089339678323 0.329865193028141 -0.217746241085112 -0.181182860618746 0.408911397334458 0.444724282780703 0.132126362405448 0.0721759875401397
1.66956653458588 17.512811822346 4.37586820144159 -0.0888404840304267 0.905060400523928 -0.415900276269129 0.984331532036078 0.143626162685323 0.102288613402307 0.183036988987072 -0.31663409069606 0.0661899559039382 -0.519412459954044 -0.174724961336527 -0.0441589623205517
2.09461615858646 17.5844358810548 4.11683931455327 -0.134745543581049 0.935093214117671 0.327787003092206 0.990708137630516 0.120972091983749 0.0621541550805106 -0.0927942974984808 0.678702843032644 0.442209860862825 -0.264918982983134 -0.851691825953886 1.03709774977123
2.53708527482493 17.7751171164762 3.92218534598851 -0.15876474040042 0.630535641076932 0.759749012857051 0.973917437489854 0.226361923634153 0.0156558130371446 -0.143091842692328 0.155655016252456 0.360374396283172 -0.700015588474342 0.283041157467808 0.320583508675098
2.93201044402988 18.1419752730921 3.92271455553831 -0.135653534676449 0.302405092562734 0.943477227346758 0.858060585653854 0.511932096548143 -0.0407131412593676 -0.0791567175183598 0.137748186523973 -0.259236844505871 -0.000613947135021037 0.296330303188516 -0.430228231808638
3.24654145477173 18.5990583521031 3.89305331953046 -0.077090320801778 -0.147015272782007 0.986125545763584 0.879169210024042 0.456456919752172 0.136779313333729 -0.434332029041979 0.0562555197536361 0.427115665008572 -0.0624744709277323 0.511425792079042 0.283129208247773
3.5649781232941 18.9862501602711 4.18959752823338 0.128766719840796 -0.858784192451905 0.495891966718754 0.922806069490404 0.286865782397782 0.257171112298821 -0.417771545605262 0.119060876562518 0.116479320172014 -0.0649671110390632 0.299430483050537 -0.0798587480470425
3.89702817975065 19.1878684724252 4.5947791812433 0.240124781768258 -0.970329518608659 -0.0282968990784481 0.948211507592949 0.228208112251135 0.220943418935913 0.190678337869878 -0.025390438876257 -0.0372967629939261 0.321644586342686 -0.218557633075183 -0.120841875934708
