t = 349951
b = 30 30 30
E = -0.860713623046185 -1.25474447195888 0.394030848912691
-22.2767711715282 17.9000391345974 15.7917406007225 0.68981830963166 0.649948717592676 0.31893159799013 0.417939585637473 0.00221261913750935 -0.90847212784636 0.51739369778042 -0.181968869238934 -0.159598877486644 0.00981439189723805 0.734262167878306 0.0927320464159271
-22.1090032291753 18.1804379952295 15.3796924997339 0.796992679467884 0.0335468638446168 0.603056611605261 0.590949321857459 0.163039533293429 -0.79006139608243 -0.276955003363172 0.431019516331754 0.292839589169184 0.140573437938884 -0.0684857887100294 -0.371203167139856
-21.7184676044224 18.4066850860123 15.0874720242899 0.557552780321762 -0.337923298130842 0.758249788483889 0.829161714358998 0.182329112871698 -0.528438214023796 -0.451759815610665 0.638842016450692 0.629653110222018 -0.202624530299275 0.663551137050995 -0.459635455293597
-21.3301939453987 18.7413313544652 15.0500778677857 0.409952289464862 -0.797197380612911 0.443187834565071 0.84951320934795 0.156820599401233 -0.503720762671921 -0.562788846018773 0.358722845374303 -0.304296648064025 0.20646161632426 -0.217955524142195 0.341444492156686
-20.8793661084701 18.9549120887726 15.1635683007199 0.129245071658754 -0.963782401718249 -0.233279218084468 0.811228371006778 0.238057938119799 -0.534075788790182 0.194081584485469 0.498999347393271 -0.0139018575315565 -0.496515002564356 0.44985651341283 0.66132811143097
-20.3133128865562 18.9568764591642 15.0688749695269 -0.163754887100556 -0.797612527416359 -0.580515799146876 0.812541243174968 0.224653327067752 -0.537873229280889 0.403837145629041 -0.383619523131498 -0.291071109041734 -0.101594770152431 0.0946708212621409 -0.607717070757177
-19.853215315044 18.8268144798347 15.0925616088686 -0.385721774967226 -0.362003404245765 -0.848629629243898 0.890726400214812 0.0936239033630764 -0.444793260604811 -0.330546021532117 0.239891586465475 0.203600477051239 0.314143611592493 0.300573540594576 0.38994825942689
-19.4205939708711 18.4783149740168 14.9037807606333 -0.378311928130012 0.256417123825364 -0.889455082420512 0.925162562101804 0.136802213249585 -0.354061277373365 -0.0750005366484923 0.113728507198005 0.648382238003631 -0.506014712843218 -0.63465483699074 0.0126568960198917
-19.8666753823684 18.8353232694935 13.8754383900856 0.359252145408154 -0.356726111614718 0.862371368559907 -0.876166658813995 -0.44711947207121 0.180044893505808 -0.0753165339249231 -0.302820860737822 0.229140597036747 0.188757085675116 0.58785176799644 -0.0266634413408978
-20.296972954267 18.3221589309861 14.0409529759065 0.381421107023863 0.265763012120149 0.885374474731198 -0.873720621376057 -0.209133034368023 0.439176103309678 0.0155777365634703 0.241149498132071 -0.0589609922721743 0.131951265706189 -0.113249459607554 -0.458640765772459
-20.525831135926 17.9565372703486 14.4617348851681 0.155781199584843 0.842912158794319 0.51500612657774 -0.871420786312897 -0.128237395548195 0.473477542830512 -0.698383925723203 -0.428640427007707 -0.499259937145069 -0.0310643635792116 0.452504675448487 -0.109652048798964
-20.7749606883832 17.7419093718962 14.9188411381571 0.0958502409718637 0.964355081693365 0.246641455797344 -0.633927701765651 -0.131895484589454 0.762062497488883 0.425861623442724 0.268200361213093 0.0428554103748311 0.168614600616288 0.203833950135586 0.546173669267333
-20.8625934323108 17.7528195554887 15.4391851343779 -0.348314406617549 0.894338658522163 -0.280776491208675 -0.676127871025856 -0.03223777479569 0.736078683225017 -0.362602265981765 -0.0237670667529445 0.208112172643084 -0.291673739379739 0.260774114482451 -0.444130008973335
-21.0306822293767 17.8598870804469 15.9188096247484 -0.600550068213581 0.398299190747734 -0.693323423964854 -0.682613401727393 0.196157155835401 0.703961159437574 -0.497690200766877 0.0877335447870689 0.187796845783765 0.620656508325207 -0.17869329105869 -0.252695506087405
-21.1831868971611 18.3888976015321 16.1039022039649 -0.776861388453953 -0.29403964754134 -0.556800744255227 -0.583514227714662 0.00386096059005593 0.812093737839343 0.386904508872472 0.0643533300131908 0.0857329889439509 -0.197863120748687 -0.374848968955612 0.096112081508147
-21.4153849045926 18.7424497449308 16.2952386631244 -0.554834616650523 -0.818933449038886 -0.146651130958965 -0.486233702762563 0.176158752163194 0.855888357400735 0.234303240556822 0.281162901380169 0.0760011902443982 -0.158382132594309 0.0313651243647735 -0.874647569224554
