t = 2486481
b = 30 30 30
E = -0.838454253558486 -1.29548714638677 0.457032892828286
-53.5142130875197 28.8202036132367 75.6039494329884 0.729250807419141 0.15989944165016 -0.665301005890204 -0.682930005118898 0.230374047955929 -0.693205890148593 -0.586198787603901 -0.118668407979526 0.209411150916128 0.187819060478177 -0.737749301029475 -0.664069860090395
-53.6697982307877 29.2626244264717 75.3990496841535 0.409287805226409 -0.543107452876047 -0.733156045547898 -0.622810665638221 0.420918921534104 -0.659495364852435 0.496283251358155 -0.00609775097662135 -0.0252411891305319 -0.00367951697436781 0.129849135236991 0.443585801136131
-53.6478400349301 29.5763642727538 74.9270288522049 -0.00631415781256029 -0.891053402233622 -0.453854564567774 -0.61513082056895 0.361294121697795 -0.700771454336425 0.597405552979381 -0.0978644903507603 0.482580531195841 -0.509950711833101 -0.314747980412925 0.397213487947125
-53.8857332825585 29.7629694089251 74.4022995214749 -0.0217835554195026 -0.998814821636937 0.0435250363772329 -0.464466162692203 -0.0284414750522536 -0.885134038556219 -0.262421181019506 -0.311386412414692 0.047776438200862 0.520351886562646 -0.0472204354508745 0.276666485907942
-53.8084751001747 29.5770507963536 73.876321546249 -0.498554692249876 -0.810524927904854 0.307396421710536 -0.317866990308192 -0.158975010544496 -0.934712534683679 -0.661852937262888 -0.288928227549375 -0.556979154491598 -0.00716192732653323 0.0367073460913791 -0.218317345432354
-53.7746870972567 29.1594556345438 73.4909918912633 -0.87914329642754 -0.076158809964964 0.470432673196947 -0.418224990253647 -0.349940584101412 -0.83822994764329 0.0745528537791509 -0.126575554083434 -0.648572153026627 -0.622054977556354 -0.672783605223468 -0.205148119183537
-54.0317097761243 28.7809095762624 73.225884690975 -0.681482954952073 0.653562035587287 0.32929872114662 -0.597043898511224 -0.236286759786284 -0.766620603949729 -0.345064660039234 -0.0935612085331181 -0.461644195315307 0.724110565836244 -0.293434845061993 -0.350813005381166
-54.5060743364118 28.4823465882797 73.0467796846928 -0.291501381628241 0.951829559313747 0.095118003161461 -0.780542284624251 -0.179198170133112 -0.59886706182133 0.156186353706387 -0.0780738927099922 0.657901186792024 0.791135183102051 -0.111577711514478 -0.442407802172358
-54.8653126319948 29.6027892034961 73.2045603304284 0.225584379266799 -0.964035311117072 -0.140526178166959 0.543420106629308 0.00479524067222229 0.839447195109905 1.03535616183178 0.604116277181576 0.430001471253857 0.539823095751342 -0.164881355343315 0.661317359678339
-54.9677822443594 29.3989397085068 73.6488435102927 0.777503184417614 -0.479607922777281 -0.406773940450611 0.451683129501265 -0.0241792540887971 0.891850724166128 -0.347181657019175 -0.0830836027970121 -0.0283088790007278 0.661836120347894 -0.224478328831194 0.377076615582594
-54.8807996592241 29.0415197584288 74.0272705839907 0.901747293794492 0.128125365795462 -0.412838598939225 0.420425330637746 -0.0379786366471572 0.906531943461775 0.297554876883352 0.53636340812447 -0.302209428673037 0.485132486388539 0.176848059770911 0.12609859291074
-54.532706565482 28.8623306681087 74.4613922415452 0.598867748859835 0.339502723478892 -0.725324286182367 0.757183200928878 0.0549399996205291 0.650888006244384 0.00206527159050677 0.366973888145444 0.214514471066608 0.0738177063856065 -0.0638785381930113 -0.165440950475251
-54.1311626261778 28.6279801280333 74.5932443836057 0.258544650167799 0.915260526132505 -0.308954419248586 0.783640888228161 -0.0117052922971434 0.621103811314361 0.139236781408809 -0.229300265505968 -0.6902361535961 0.0101999021625475 0.00033381247997285 -0.44684295685067
-53.6278537325734 28.5363487457797 74.4111965090678 0.0763766111916531 0.950940112385014 0.299799125949467 0.886361537182777 -0.202460572984865 0.41638076539343 0.572974481029463 -0.121209278735703 -0.347055510169194 -0.215638229390539 -0.0111382941017719 0.326397170603947
-53.1129937904236 28.6464777020871 74.5691186749629 -0.489435442243039 0.545559897031652 0.680306803308026 0.833230032634549 0.0624272942958835 0.549391068040544 0.144022442014995 -0.241352051954053 -0.296914483642397 0.129328802387923 -0.102014502247781 -0.470091705183547
-52.7225177826226 28.8557642431824 74.7488738415059 -0.654579456423672 -0.0234602035418718 0.755629111454724 0.715971573800537 0.301661745737112 0.629591055105158 -0.157475281442594 -0.067684211449884 0.103066678883036 -0.768741599991371 -0.128750681220246 -0.00529350426350001
