t = 1000000
b = 30 30 30
E = -0.572564869513892 -0.839010517697937 0.266445648184044
-15.7252454858603 14.2857151732164 56.1245905364552 0.903196113996057 -0.1304128877132 -0.408936741294675 -0.426665499607054 -0.376732550916861 -0.822209910256946 -0.352534928899266 -0.200705531814068 -0.155903842094544 -0.434929046415778 0.18311662498211 0.513198392405968
-16.7447604683304 13.2181710508651 55.8710228207671 -0.904167679566967 0.00734775347266209 -0.427114525327089 0.356615546768377 0.563428302582559 -0.745234124052321 -0.247820311406996 0.0814071991692573 -0.385842904842253 -0.132741172748208 -0.229062043334093 -0.040658281726326
-16.6006890684865 13.1649956957002 55.4056356585372 -0.630983825004133 0.772925806465977 0.0666716602618251 0.396109818730706 0.394872255988135 -0.828958933214398 -0.111631535591588 0.550329460860326 -0.305439487833232 -0.0487602265551923 -0.233245685198041 -0.266180530789891
-16.7427867167578 13.2923590021842 54.8319911534499 -0.342254214083913 0.817622571923169 0.462985294392329 0.254535653329722 0.554997462731234 -0.791952913717668 -0.0650864690324438 0.721882593758751 0.014021270534776 -0.0631692461640653 0.289060351338515 0.0642602936741331
-16.9896002946388 13.4639607840424 54.4497417400905 0.319856285510488 0.791206075728542 0.521234018795426 0.183608042292358 0.487944294542204 -0.853345447183752 0.308487429589118 -0.303670550922886 -0.120868176419107 -0.356743330042258 0.18171913422647 0.417294356779282
-17.2307974748538 13.9118885319079 54.1456045163019 0.837713433266406 0.399236464972066 0.372621052493845 0.236669854183843 0.3495107265337 -0.906548196268952 -0.369845536094015 -0.101948020770283 0.151625543444455 0.0376178016519003 -0.729383017665548 0.0898116367322329
-17.6824578679689 13.8207449584048 53.9569385090222 -0.840412795743662 -0.540787444299544 0.0354298297805751 -0.313298602849058 0.43145806949501 -0.845983403927332 0.297378207408117 0.347241251539395 0.366309204475961 -0.23024312999184 -0.0742727051903378 -0.552323452854629
-18.0403487344888 14.5309668490859 53.8746939029153 -0.17901823499748 0.616160735363453 0.767006140610844 0.499178165106795 -0.614917000727509 0.610490165110703 -0.36753225272774 -0.33027517902827 -0.0927936696112547 0.249417175407267 -0.0452098500283128 -0.0529594080320492
-15.7362078825182 14.7072169623587 54.0929566513173 0.579036130932433 0.604367196639011 -0.547227055893144 0.022527817171139 0.659079239637253 0.751736026363427 0.146498268363165 -0.150706961743585 -0.305417440582656 0.181759148725247 -0.348396620028416 -0.0245515879776002
-15.4682738959688 14.9129432106917 54.5156963636638 0.0677014806045727 0.760222829690787 -0.646125188133755 0.243473638056374 0.615442838755096 0.749633710419068 -0.458556402011146 -0.402873775145704 -0.0961336162021003 0.187557228642453 0.161961467964458 0.113949372100422
-16.2311689817394 14.2806261349385 54.6403542646759 -0.864411284866106 -0.265230559937137 -0.42713684068642 -0.451516366859771 0.0357562705705332 0.891546106251747 0.422936254335088 -0.520856007993714 0.354256480216628 0.246338402392047 0.0617693844900458 0.288521296458388
-16.6212137120547 14.4447570257894 55.0811929041186 -0.366286906761941 -0.740744958158039 -0.563143684061342 -0.517173560664888 -0.341049733605902 0.784994641610092 -0.281880367665151 0.253930963582669 -0.464386882446559 -0.102749864822177 -0.484255334353245 0.163103772376649
-17.1511579482308 14.3025510206274 55.3136342626728 0.291723428424811 -0.863270549820049 -0.411899744017215 -0.458198791408133 -0.504130567374008 0.732056171745917 0.0681216596313875 -0.122166246806413 0.576030557655241 0.0421393232347596 0.295036596366887 -0.394446998131923
-17.4908053927788 13.9598168730568 55.4705056516707 0.855765657313287 -0.514816290866101 0.051276958002865 -0.351156362580491 -0.505198478463748 0.78832969395879 0.318841233540507 -0.111896937128143 0.448276526080872 0.269853662595633 -0.221686078534221 0.121906101561268
-17.5775513257567 13.5593287658299 55.6677830959684 0.799584581370289 0.310066905355974 0.514318006138114 -0.446468738675685 -0.26587023638849 0.854387899486 -0.169671206097447 -0.070629869320743 -0.0717644121974008 -0.365337737241072 -0.164939361654015 0.0282945977226335
-18.911393919089 13.8711177387292 54.6961723869067 -0.478972985185796 -0.0935301300025682 -0.872832741276302 -0.195215975321464 -0.958060183781152 0.20978895879553 0.539172653663196 0.549245178474108 0.291437496603981 -0.10448592682768 -0.219829825213753 -0.215539898168026
t = 2000000
b = 30 30 30
E = -0.661005344344416 -1.00165233301486 0.340646988670446
-54.9104844928682 16.167931931467 64.7137898599019 0.988035364611228 0.130476110776845 -0.0822320058985436 -0.0136150277353899 -0.457314615379179 -0.889200749876189 0.647843351357724 -0.0910347535727118 -0.130340358088488 -0.363838216138141 -0.23638105850575 -0.286036997046989
-54.7728317183184 16.1341097426687 64.1231135061915 0.886793616408134 -0.177157611422777 0.426863283280198 0.311050086781511 -0.454342574703288 -0.834757850112958 -0.262948355346494 -0.397328365822934 -0.391448756266283 -0.0621972460054127 0.520913737029826 0.955039269000903
-54.5356048845849 16.0770852941407 63.6618643869387 0.562281848015686 -0.530880272730963 0.634038846930656 0.388379987156978 -0.507368921919174 -0.76924493020527 -0.0422354398594965 0.364812275868721 -0.235476993976408 -0.198775396180737 -0.383994807333251 0.0237787829419961
-54.1338667048646 16.0500821127377 63.3599733778993 -0.137492651507386 -0.821533172739475 0.553334452993941 0.365748908910188 -0.561268781866717 -0.742431875752163 -0.191700503797387 -0.209166097965473 0.327920585416115 -0.230448178405228 0.289238887187079 -0.113613922842951
-53.7965548874615 15.7138513906551 63.0179898578128 -0.473803183343124 -0.684962554486377 0.553477047767486 0.246069831396178 -0.706441911973983 -0.663618461981882 -0.328751961411385 -0.391083892325796 -0.298511046120176 0.264430200480937 -0.0657106583672217 -0.0551209898901067
-53.4684485610823 15.2636254638666 62.9671432049741 -0.960794839176678 -0.276972680279417 -0.0126258223601583 0.2139924722343 -0.711827156608899 -0.66896137477521 -0.506586139537409 -0.371118325167218 0.019929082154997 0.462890452554142 -0.0363692500014719 0.149866292081229
-52.6568983257031 15.8744651911419 62.8667677163238 0.23619113095993 0.867467786926267 -0.437850874500819 -0.294947701364434 -0.365338870513924 -0.882911866015768 0.581130174736569 -0.449930228223034 0.0108563626205639 -0.0471490087103169 -0.146641428575598 0.191965175572547
-52.2976956539681 14.5818967677807 62.9883892977189 -0.722317936129927 -0.0171629726397614 0.691348126138475 -0.613075638719012 -0.446675699404636 -0.651628023315951 -0.823490354601264 -0.235576194737152 0.490897793155625 -0.431185663120936 0.105025449565353 0.210606481032523
-56.0730788411465 14.4778837145423 62.3913071932622 0.597181943954405 0.699515655196807 0.392494043202429 0.193569518070403 0.349183508022335 -0.916843345070037 0.360131412240521 0.611432329181898 0.497723669013729 -0.347212690728325 0.202448166973984 0.0467172729836435
-55.8110279694574 14.3694218916731 62.8750046582805 -0.728044000925747 0.685484590193266 -0.00792523334736665 -0.516631288189724 -0.556232788507614 -0.650920269351381 -0.292039786805224 0.512792674427236 0.116281220025859 0.321088444589137 0.322550157737259 -0.472186553780213
-54.5897700710451 14.7957141958469 63.0294020356194 0.935202988127901 0.350906994374806 -0.047535800145792 -0.190375400357513 0.611416502905854 0.768067097923817 -0.277813261023855 -0.316707507918356 0.0224028292520419 -0.677736096579424 0.280920184565189 -0.174200650070467
-54.5125261439259 14.8528584591397 63.5396448690181 0.639527377892757 0.691617518217793 -0.33566343473765 -0.0328065740088675 0.460779670637186 0.88690801317233 -0.0857295643963802 0.159824679560491 0.344159962772264 0.126156990846633 0.38045605141708 -0.307408784717079
-54.2325656142991 15.0287096357728 64.0407335603759 0.0149901393415579 0.792300573846558 -0.609946798011873 -0.126941608413677 0.60658730321266 0.784816966963971 -0.313445017590823 0.219368144970601 0.332247673037697 -0.162507584913263 0.351558696673322 0.459187991863281
-53.8939659597049 15.3681728570886 64.3482210292246 -0.566010290507837 0.610003806934838 -0.554551806925432 0.0103374737239902 0.677873495411519 0.735105884111647 0.130425396793622 -0.288265010278025 0.0595113782047583 0.133473389691942 -0.111031370631493 0.432482877426785
-53.806652094796 15.8031380052919 64.6361419831978 -0.771513107899022 0.427986011115941 -0.470739310690195 0.0429515284144621 0.773258293125754 0.63263479063289 0.101871723908209 -0.446763911470009 -0.0419203025133142 0.135024495811465 0.0516495874312887 0.206844276284867
-53.7264677589343 16.2896286912568 64.7616742144661 -0.98662551173098 -0.025106039622956 -0.161058332215474 -0.105030065569446 0.853526872735296 0.510353370563147 -0.54599580776745 0.278167013664189 0.248848835197929 -0.544329065835799 -0.193129960449773 0.425142401015832
