t = 237969
b = 30 30 30
E = -0.391583774754242 -0.783370990640712 0.39178721588647
13.779478528669 21.6312961167307 32.9490615173076 -0.645031992539359 -0.689148710806149 -0.330163267179971 -0.473303529166913 0.699513537816591 -0.535410664527228 0.423486496582134 -0.335796563466574 0.336895186412287 -0.270551977126827 0.941988745457127 0.240096194735315
14.1109464431725 22.43392038343 32.8258819056674 -0.160907038168131 0.936313156495209 -0.31213234058958 0.415538179257829 -0.222588604143445 -0.881919687321106 0.0251089445424897 0.282677624984682 -0.0865773226357752 0.302243307899229 0.575909171841721 -0.184772329863279
14.0173431892649 22.3127829971752 32.3643705174339 0.652826573615025 0.734475548167472 -0.18537295899395 0.244710767761837 -0.436075202867559 -0.865999455880565 0.632351528551478 -0.0295410549646863 -0.399323030659886 -0.0112810282699575 0.271502470000094 -0.0408955505525067
14.0375046737251 22.343745541048 31.8181174410408 0.946478716962348 0.303515636202923 0.109801169928361 0.216975107152471 -0.346455522762451 -0.912628277900471 0.885690947237898 -0.122662346439244 0.526851783680744 0.229574284583459 0.4697241130891 0.00414495651331339
14.1758964736667 22.4608103551284 31.4095803553585 0.921390440140798 -0.202171248335404 0.331913306698645 0.329122365944504 -0.0482825314128275 -0.943052101103351 0.106868277657942 0.331948816010478 0.539995814546157 -0.52773841531933 0.100888847014847 0.351293488626954
14.533203316334 22.7109523764171 30.9523690547904 0.415151596497741 -0.777610865383233 0.472197515837716 0.221244858433388 -0.41716005481227 -0.881492031322919 0.186195244598592 -0.609308227019577 0.437215376428835 0.393451394066043 0.0775867982727523 -0.686827612326133
14.9295863717002 22.5905090339413 30.6450758132086 -0.356117975000479 -0.860984061874902 0.363161717529461 0.0852497822320411 -0.416954836131503 -0.904920515435441 -0.458738356325432 0.30869252763156 -0.293561979365457 0.246656691292687 -0.380718934625014 -0.0637965440788192
15.369167959086 22.5847955324965 30.8992067188264 -0.538670550205243 0.610067125156096 0.581078429427018 -0.741719914965144 -0.670509901324864 0.0163719262593579 0.264702552804432 -0.242206209971337 -0.379609472471201 -0.181067382983831 -0.273434718514581 -0.701681048963154
14.7224498025734 21.4129842283157 30.4723294521078 0.898646187356939 0.43743657589368 0.0329282860053412 -0.203185333303155 0.348535313450024 0.915007571339588 0.0444791057665548 0.278520315142904 0.18298554800608 0.323491494710551 0.00906709160308772 0.243443511514451
14.7603558165991 21.4510530070648 31.0019377907083 0.312116637738829 0.901241423834371 -0.300577943987259 -0.21330182858334 0.374782056086536 0.902242063062094 0.136393642009646 0.120479384277604 0.106397261882274 -0.441765743305894 0.381429003033424 -0.0429973756022751
14.923600803914 21.6919397222535 31.47975311956 -0.234154088389418 0.871839014734225 -0.430195996352566 -0.0188367232476593 0.438346103749678 0.898608853275309 0.318014063838903 0.242230195872648 0.490424076069425 -0.646382226250921 -0.176509526747365 0.11779602316241
15.2398199747099 21.9547469812937 31.7904652895502 -0.837878063265375 0.492047538707517 -0.23632513778808 0.1099236483751 0.576170486024529 0.80990392180935 -0.132707505270542 -0.541733619025539 -0.120376130955042 -0.0551841798267638 0.223725005575268 -0.200647993764064
15.1647224849403 22.4235204055293 32.0012034552811 -0.960209087567122 -0.25103785718085 0.122386692150582 -0.0284716276632353 0.523925242477899 0.85128826299479 -0.110908765279919 0.523855189535985 0.56402506018515 -0.0500151048368039 -0.479209846022845 0.0513118937921517
15.0823278295689 22.893865085742 32.2135955581688 -0.421435942840102 -0.769507692322901 0.479843367713215 -0.158722036441998 0.583549438828921 0.796415323553082 0.267167802387592 -0.481617738204305 -0.298567828251923 0.0365647258122756 -0.283653912425181 0.566369317121988
16.4684639838293 23.6038082873778 32.7534074915342 0.876952392772649 -0.307724340686157 -0.369134434806039 -0.153519983254304 0.548479230739384 -0.821950210285959 -0.332359579473886 -0.0462599386692611 -0.129520083310895 -0.0139332999004004 -0.194780120383574 -0.894071516594917
15.9459649640433 23.4327752172371 31.7010603290964 -0.0714066617176258 -0.324794519071007 -0.943085154714979 -0.493662515359766 -0.810069170827019 0.316362544249939 0.482767718070116 0.221919623373803 -0.250714682548228 0.0578344016484908 -0.363490750639077 0.156093596158292
