t = 201177
b = 30 30 30
E = -0.806220648417078 -1.22065066949986 0.414430021082785
-10.4338249107259 0.991750067659481 26.3955713432443 0.38834389018402 -0.607370870972497 -0.693029326977452 0.90600860295302 0.389032104165176 0.166740616839221 0.196530246041302 -0.283710325692756 -0.430529789179184 0.0511808784338446 0.304405088133345 0.117029259367902
-9.91600715856609 0.949154571353024 26.5336329939788 0.154215559963016 -0.148741267270392 -0.976777147806033 0.967975599707623 0.220951012917888 0.119180066543162 -0.249627210805098 -0.0637879334838516 -0.0502403867930095 0.411832293758123 -0.101430179755263 -0.124699424452027
-9.41250461199103 0.827699339680188 26.6107968671617 -0.0251079189054954 0.636479797695428 -0.770884595470595 0.942709951272104 0.271684526916248 0.193611636031692 -0.542321086851158 -1.11356707609033 0.356094549128697 -0.114004944804908 -0.0629529415187209 -0.40890061752875
-8.89144134171896 0.724663233355273 26.4750433848184 -0.3177115448407 0.878956936235321 -0.35566006033674 0.902937360098036 0.394951030736422 0.169463291185585 -0.169747725284233 -0.300558439704064 0.358092858309549 -0.08677835201427 -0.0446114187944978 0.00670660774284702
-8.39618244831641 0.919386941045046 26.3805259452513 -0.511693464395163 0.859168066149071 0.000180568517750526 0.859085718810571 0.511641488236914 0.0139540406503202 0.00159128878980473 -0.0725964457811941 -0.410966346035758 -0.36381491932301 -0.246745358813724 -0.262124949249367
-8.12686973800693 1.37982839255 26.0423147704394 -0.421548168099285 0.542056209172164 0.726960939851694 0.825970455256976 0.560391566338297 0.0611072779582701 -0.0305555030716255 -0.0867824515307189 -0.607688110198314 -0.0651664564816396 -0.292815527458409 -0.323722503491392
-8.00860171061484 1.86442959208779 25.9422428438474 -0.169067527491218 0.0948449152847626 0.98103038341972 0.775461333209737 0.627159989683774 0.0730073149514459 0.300860224961978 -0.481786601319242 0.0856529911772381 0.506838921245573 -0.359722370040655 0.0165287851999257
-7.84449258499497 2.36151747592203 26.1407023418504 0.225650637240099 -0.656365957512686 0.719906604867301 0.905372005475137 0.414130523236369 0.0937946769593879 0.178322258902476 -0.10021249185152 0.187834988093623 0.193850618304213 -0.261012016513122 -0.462807694128901
-7.62038236316448 1.67051193305144 27.0141355460501 -0.252553286531862 0.650014792921926 -0.716727009707771 -0.83693228267401 -0.518471970758045 -0.175303079711457 0.377039470721493 -0.604589765519722 -0.35349879315127 -0.238697558002016 -0.136902593029608 0.133851118786107
-8.11222130529612 1.84407815869942 27.1454151702554 0.0341382207789331 0.0475527424973886 -0.998285188993107 -0.954073535584034 -0.295906699047697 -0.0467216668887964 0.0826406482769874 0.0415196512606447 -0.00525286748257664 0.504666392205176 -0.910998227795977 -0.570702291670171
-8.63929610127017 1.98854109059597 26.9023464357584 0.465015945680264 -0.446734379524273 -0.764322290931091 -0.875875556353255 -0.357808020734738 -0.32375211208695 -0.134041295955268 0.142572573530492 -0.285923044977072 -0.566749542818076 -0.726296715437074 0.20642949983731
-9.02195305592182 2.00133298141658 26.4585487653561 0.533139809604979 -0.820425710243994 -0.206551682116188 -0.836077077957426 -0.473592508309636 -0.276921028069677 -0.105902597809211 -0.838177599325213 -0.0175137724214106 0.632930091368432 0.187354514767258 -0.157595547285729
-9.24799136084704 1.75562564879249 26.0081172012277 0.371438710735134 -0.877158352868215 0.304346033588316 -0.741837887423084 -0.477496639623829 -0.470822161682745 -0.156227508288199 -0.294390500029752 0.255457689062684 0.488378374819359 0.0459191976399407 0.268300988182174
-9.35624867595005 1.35939148878589 25.5937294114876 -0.0533117895479096 -0.599014290988676 0.798961658833807 -0.720659032909996 -0.530766369785908 -0.446024235876828 0.761856995078311 0.144090971733513 0.255523794107512 -0.112993070945119 -0.153019365255253 0.453987849296124
-9.49909063313391 0.908179638825459 25.4626303049998 -0.571599408248584 0.00552030610892176 0.820514255031776 -0.656400790586096 -0.603104128763638 -0.453214531967148 0.867654240831004 0.181605444653523 -0.0273758480441474 0.135266822015819 -0.591530747713709 0.691156919245037
-9.94772466910836 0.388051825065824 25.532107752034 -0.341899926352248 0.298500355386313 0.891067886411925 -0.930231427133006 -0.24202467156161 -0.275850594216459 -0.278787564063092 0.555827286717248 -0.0419146549580475 0.100265560928952 -0.397311035548638 0.66487706071837
