t = 2878
b = 30 30 30
E = -0.895412303732697 -1.19484252845579 0.299430224723097
17.604503550598 16.369236581618 20.5954256188175 0.489953585412728 -0.859349903681475 -0.146503335060521 -0.87144669497824 -0.487239875958717 -0.0563734076248308 -0.026335459096733 0.396231044151484 -0.153318616845418 -0.0439419404207456 -0.104160903050551 -0.00202996798836019
17.3075356471909 16.1443359791729 20.3318000772763 0.204281899185155 -0.727101383845823 0.655433050184986 -0.924678760604914 -0.363093327050919 -0.114596795492936 -0.0180861991339971 -0.699095018293581 -0.377800471666807 0.373127974093901 0.681570596527243 0.282662908127284
17.0086924144283 15.7250235803521 20.1879089293263 0.177819414628118 -0.0262735643989253 0.983712333761801 -0.89748831510495 -0.414322553202979 0.151167278726059 0.37439649573933 -0.449064113771121 0.274252444417182 -0.0327268326690753 0.393591789328141 0.0185502509892937
16.8236984772608 15.2757178878902 20.2989408950839 -0.167347896995932 0.523757248893448 0.835268235719885 -0.913531056959943 -0.400976001414037 0.0684050748092324 -0.196894219282317 0.162649163377211 0.278220581585855 0.323612548530806 -0.278179405088336 -0.17076531590897
16.5850410727567 14.9320561457391 20.7227601950668 -0.254821083142559 0.905779514673641 0.338570061263003 -0.920706699681807 -0.334289911993705 0.201368885134418 -0.197925222075418 -0.557153383806665 0.11844949054323 -0.237235724875428 0.160887585546275 0.153524369075485
16.3060393765741 14.7446044478828 21.0405647137918 -0.481305536377047 0.830882391041479 -0.27924797745014 -0.85347333574659 -0.371592961021719 0.365379168109922 0.244625719707303 -0.132528411033545 -0.446967531467431 0.690458318887068 0.162256712755291 0.213342017261439
15.9245819919753 14.8420324543981 21.3733065477182 -0.435674601891114 0.333837558279841 -0.835906768694196 -0.816531218852337 -0.537374128171708 0.210964013545473 -0.0917603302024712 -0.778777814309648 -0.456276385468098 -0.140106497393322 -0.291935914127657 0.238855742299314
15.4322132268525 14.9227612435159 21.474595270038 -0.154864788426509 -0.0598873204890598 -0.986118860052 -0.890829289396744 -0.423085965903102 0.16559421067397 -0.183210631669802 0.346264569634336 0.0816533652756415 -0.367904537405841 -0.0835062879692104 0.0451210478423465
15.3034179138998 15.0481908627913 20.3770955951387 -0.312586216020639 0.304169623541488 0.899872600798872 0.917841434006038 0.340719364926416 0.203660051030827 -0.10715074369139 -0.144325493805888 -0.341742265453379 -0.183218482564098 -0.386143593922259 -0.643385929350973
15.4770200583161 15.5069195315257 20.509113592914 0.166196208028251 -0.483256771264929 0.859559022675944 0.923711927082232 0.381408260694747 0.0358331472220403 0.269868729978702 0.417219659271311 0.205724490068609 0.103028227338378 0.325175362631011 -0.0692046357067273
15.7674779594031 15.8363475120728 20.691436222561 0.372443410215743 -0.880099448773468 0.294467088917432 0.866773507646676 0.44326321556501 0.228520038878095 -0.429290621999305 0.00443733141180712 -0.106992332012755 -0.479633664616247 -0.0496455747446853 -0.0732032173212711
16.1742165728893 15.9819472342052 21.1270666281442 0.322189717119957 -0.880925548392194 -0.346646742912832 0.941353340823879 0.259355235150324 0.215844271918061 -0.0862872430584199 -0.480521736297279 0.632761891699141 -0.0927422345582206 -0.0180023672991888 0.0780180097027644
16.6826535714797 15.8701249481755 21.3419557252167 0.143036178462144 -0.386882461321762 -0.910967953757187 0.977990797833219 0.196520065549231 0.0700989528457394 -0.136569364592176 0.268858527691454 0.391504831468299 0.150865026215177 -0.136103174431456 -0.041853529624281
17.1823510191836 15.7289475098642 21.3378782534029 -0.113030598837521 -0.0135323801122987 -0.993499349982133 0.991390987015314 -0.0680469393650558 -0.111863867749378 -0.18504740231305 0.112865330398276 -0.410342604860478 0.0676337406924969 -0.0162010573571638 0.310800573107077
17.8396053293467 15.7225147680295 21.2253910080993 -0.279499133876826 0.0706059784247551 -0.957546359176821 0.958969334393476 -0.0288291157927287 -0.282040241411651 0.0154292693626848 0.386003936888217 0.244744618268571 -0.0974668087713284 0.210077650868755 -0.461134934122145
18.1396792710607 15.4268554197671 20.8819624564776 -0.113146692721727 0.855146060072041 -0.505888368980161 0.985978852439216 0.0337845690540717 -0.1634145202743 -0.292190280940151 0.316634036659791 -0.889350736292746 -0.34132763304887 0.361183545034606 0.118195246359894
