t = 3714
b = 30 30 30
E = -0.951639604663486 -1.2910240084901 0.33938440382661
17.3060943457489 16.5802862277024 20.5964580461506 0.586606380342956 -0.793319633895526 0.162901543936222 -0.806157967778433 -0.591223762764941 0.0237443325745007 -0.0355871865771905 -0.317755361240781 0.235707052702602 0.306365173411751 0.304521970736886 0.219263314094677
17.116476874491 16.0835489646622 20.3949862885872 0.525843977363808 -0.511206068835085 0.679820907781151 -0.820749546707058 -0.514765194980636 0.247763951406787 -0.545968848173333 0.317180213939615 0.0631566808476574 0.36152283750013 0.383148023730501 -0.0120244991631032
16.8951176026168 15.6260568908781 20.2708659611756 0.2970935929283 -0.0541619587799269 0.953311008675594 -0.733106622665789 -0.652629131135055 0.191389385801462 -0.32378227640234 -0.412543181294696 0.241682659595133 0.064035509758944 0.220833570285389 -0.197723958708724
16.7443699420301 15.1628127357916 20.4388553031454 -0.142492277893347 0.552508105947042 0.821237324774987 -0.860909799350949 -0.478583714330451 0.172603434957654 -0.165930159569976 0.489748063227657 -0.179983598116518 -0.129659383627921 0.0878185784203197 0.113318038913371
16.5169139467289 14.848924067112 20.7513913424668 -0.415418670019236 0.835434668979428 0.359828073483273 -0.843927686790772 -0.501586348111056 0.190255604008364 0.495232774133594 -0.191746679834152 0.196972846337841 0.179936602281503 -0.314452210070359 0.0318533568832328
16.1771375452242 14.7092100127309 21.1486845772212 -0.315735755992175 0.93944382416885 -0.133252518246591 -0.915589928955944 -0.264794528841395 0.302620124066653 0.609245697777224 -0.186853858157592 -0.018054035489975 0.429914399815588 0.287886923591625 -0.408410890345809
15.7951992850089 14.7686983058512 21.531001209562 -0.409812093782571 0.4189836401139 -0.810251045729933 -0.889130053739896 0.0148987559722999 0.457412040295141 -0.289471324482947 0.271866499939777 0.267313997951993 0.293083685300388 -0.199024252080987 -0.465004682142033
15.3216333681714 15.0444326651074 21.7163239867709 -0.25554796076785 -0.202370644289619 -0.945378951572963 -0.965036383348394 -0.00558202746758399 0.262056520207388 -0.418582340997329 0.238824137644363 0.557887774274136 -0.0691527211091659 -0.3578086019983 -0.917611907039581
15.0345719745328 15.0325091717062 20.6059250410597 0.290564592149958 -0.029420520970651 0.956402975076167 0.895658294324116 0.360080464932854 -0.261033098633401 -0.34471864816163 0.064464440733526 0.357993656539004 0.634166347918186 -0.131980688137413 0.667115127445476
15.3906836228876 15.5082998835375 20.6933053310421 0.279846983013787 -0.65190129955625 0.704776816967577 0.946389729403664 0.310696410953375 -0.0883980785987544 0.252180126958471 0.00266840054511537 -0.461527450999178 0.150157557651855 -0.217447983956487 0.567681578850531
15.7441676967099 15.8215020838365 20.8497840105011 0.321455957485544 -0.917939860918443 0.232491890469503 0.915199054371599 0.364197137416765 0.17254314235797 0.0930513275300776 0.822964744991646 0.375666222660512 -0.253939860965993 -0.29094549035742 -0.253036407790358
16.1356027739491 15.8977214977799 21.1871776104006 0.256119574664012 -0.87332855947142 -0.414366975862577 0.964641590105118 0.203330214315472 0.167700407232355 -0.376357840180037 -0.0860701182680791 0.0775837333826974 -0.195831439531277 0.410324373897851 0.237358651156074
16.6244549837872 15.8696360796169 21.4024930788851 0.000148173741505088 -0.544904466114625 -0.838498122152267 0.988775450447362 0.125359107765543 -0.0812908524548953 -0.195564655285319 0.381793087325644 0.654396944361495 0.313977878859318 -0.0437378377925008 -0.525823970817462
17.1132439421387 15.5938505048072 21.4529671693952 -0.204361676033377 0.160612277511667 -0.965629329339857 0.964111694226511 0.203816214286554 -0.170139918448269 -0.521293697086623 -0.152218327518633 -0.012892650764814 0.0391446014278172 -0.375741524937623 0.0481232894499042
17.5387234660773 15.4664192421844 21.2054594177719 -0.355854744225996 0.74946281725028 -0.55827671147123 0.934540307711272 0.286241250167968 -0.211424596405423 -0.00669736027441677 -0.0362981080736798 -0.420420464039258 0.0762604359099 -0.268141184385625 -0.527435077719218
18.0648564573743 15.7428275156498 20.9592107965213 -0.756040147856425 0.610748971298636 -0.235348653887997 0.650417014752815 0.741269976157429 -0.165760457792558 0.0764429640173539 0.286402993000379 -0.291441924014701 -0.0819505178781234 -0.4169207145605 0.286729778314359
