t = 810
b = 30 30 30
E = -0.925977923334252 -1.22109196108365 0.295114037749403
5.57424934355527 18.6478888714428 15.9952959096233 -0.853937154027173 -0.387399726025536 -0.347437460915357 0.497125237908225 -0.409971680405913 -0.764715449758826 -0.848657909047952 0.0663157375299369 0.4796589317075 -0.105686298045814 0.200436361622166 -0.302067883295573
5.74766136053644 18.1488773750911 15.8119938549416 -0.716341825889018 0.3623710975488 -0.596273071791157 0.413680861012105 -0.467608179650269 -0.781159865556626 0.0304437900501641 -0.447193031216369 -0.149158761836784 0.258553770939153 -0.052104759232631 0.322116207822394
5.76758414974256 17.7059319880679 15.5420968525572 -0.292104111630883 0.785896011460984 -0.54501618979444 0.316710537612643 -0.458228992402033 -0.830494205812013 -0.160951549723728 0.115728634219646 -0.163869736530122 -0.387163274453866 -0.00158676062952074 -0.796151206934065
5.55044301418846 17.43092536735 15.1365574365766 0.449678687613996 0.805731376476279 -0.385468580908216 0.268947035001481 -0.533678591623678 -0.801782173165803 0.177805068432338 0.00101201722374852 -0.15736271699639 0.172808493670958 0.332608011210857 0.0399162318145998
5.39284019185906 17.2782412683518 14.654380289555 0.690147720800908 0.69363961038774 -0.206301270898799 0.0670874301556139 -0.345174414051957 -0.936137757276675 -0.321146267261768 -0.858269507485062 0.0443048695252529 -0.0246324072209373 0.0563834636320452 -0.203508884273431
5.35873592140346 17.4315426332937 14.1288072913919 0.970558987055781 0.228198614611098 0.0770755793674671 0.109507768585593 -0.13304687082768 -0.985041409678986 0.0595443993056722 -0.231714665324162 0.210194975591544 -0.301031801546904 0.0435369069718786 0.0277469341394326
5.51741132382939 17.4318984620402 13.6839076581733 0.925525357396812 -0.136718978613893 0.35314406932905 0.357422481481736 0.00729427163271749 -0.933914323336347 0.227865949830486 -0.246775441678945 0.0787056253022051 0.653437188787091 -0.199361871955361 0.0877857280169453
5.83945330036676 17.3599448921778 13.2469904447331 0.706178021129377 -0.294311144187502 0.643967043318865 0.697383156876782 0.131958570419207 -0.704445646020678 0.152200070673057 0.533414152699132 -0.0540254662336599 0.00153206288290046 0.0434379576924313 -0.237384313908207
6.39408054083847 16.7061569813427 13.9742609444739 -0.210654897644692 0.674517016347744 -0.707567176143471 0.0199751510998783 0.726628047047919 0.686740616668233 -0.115417608770288 0.118562521590734 -0.619295371921587 -0.203549292010078 -0.169007797545914 0.146766422473787
6.6057020558749 17.1715972336427 14.0347289981068 -0.862159232566233 0.423080579305597 -0.278719000276708 0.0798379364929301 0.656716906289294 0.749899199153038 0.374022725505835 0.207662935716018 -0.0664120004882996 -0.191185186541202 0.434913716571389 0.282104998023929
6.52698631607553 17.6754212458833 14.3307279272758 -0.963528110041002 -0.11174050166886 -0.243161759838191 -0.257790238233124 0.631421021935475 0.731335549614314 0.255067839319796 0.337569320836728 -0.0301542784435506 0.0607250923980819 0.26879967520395 -0.0154805137859163
6.30441121733567 18.0909642816335 14.5493624182311 -0.699037107990499 -0.70747378540036 0.104057506329718 -0.380876127086594 0.491523665877166 0.78315889939283 -0.274169152092021 0.530385491851665 -0.0709567328558412 0.103988872573549 0.0893858361346961 0.0756572960686789
5.92161084428063 18.4172884672464 14.6592888418997 -0.337955648178308 -0.852762697241545 0.398223256550523 -0.600727881342022 0.521168026477173 0.6062259486002 0.514402496635249 0.191885362427967 -0.14116362792185 0.456292545443422 0.0881289667472494 0.347981794099866
5.41964426384209 18.6016055149002 14.812253468488 0.299756914552917 -0.690947492879163 0.65782775425009 -0.660297516481733 0.347431931850509 0.665806460210982 -0.303640040581862 0.707175149014586 -0.157224670529251 0.0894982905500979 0.410405804449034 -0.628071047029957
4.93385154295613 18.4764137700308 14.9840603971823 0.685387550506696 -0.0887566494483654 0.722749031676372 -0.695171391995143 0.215687211814262 0.685722802895839 -0.200360731631999 -0.130618417436906 -0.270363853054899 -0.179918760053278 -0.918622308498246 -0.00733724454353551
4.65570224428382 18.3608711684389 15.4088346861737 0.876392961525042 0.0634168851407488 0.477403053685678 -0.469199947000362 -0.11103504643914 0.876083687895806 0.141419446320076 -0.130816652855451 0.366310633421161 0.066860348189922 -0.152241285387553 -0.410372177538081
