t = 1122
b = 30 30 30
E = -0.965433630530927 -1.32429279527827 0.358859164747339
5.36683362533816 18.5231777664074 16.0165884518545 -0.804245235392648 -0.355614996751332 -0.47615919127302 0.593854440479845 -0.511819040477479 -0.620788348253319 0.0606584211062588 -0.466443056696866 0.034882759141503 0.37072838432685 -0.545075591170587 0.456946799040627
5.56973070287602 18.0413973836815 15.9475972151086 -0.663457901588529 0.278693208499148 -0.694372888552108 0.5448472743102 -0.456094235282357 -0.703647281113877 -0.887274739778796 -0.396363333879278 0.0705941457584729 0.0647984479493686 0.304733292490845 -0.0877242039834986
5.69904383882158 17.6189467080464 15.6198360662474 -0.374815209505843 0.636233404523981 -0.67432975145022 0.41539588966948 -0.535006743764832 -0.735672507962512 -0.229793109677612 0.337740600719512 0.0584192424581904 -0.0483119981131165 -0.242825499857606 -0.0518058972095828
5.65558388137853 17.3450942093596 15.1328582722924 -0.00113580739007255 0.905852875106486 -0.423590933098061 0.278955376034793 -0.40648932498502 -0.870028922998832 0.233095590794858 0.0047180553029423 -0.477955798977505 0.177361746327495 0.197850310882696 -0.0416256552654849
5.45031728681924 17.2058794608926 14.6691929731743 0.616061746441523 0.778080549615675 -0.122713417690113 0.358476840186382 -0.415662965450942 -0.835893925209724 0.112459287251734 0.249197888649497 -0.0126984896720839 -0.21195609034047 0.171587518947691 0.249162017882472
5.43614647081424 17.2990551859855 14.1502284721775 0.870969142945831 0.430014652278836 0.237697603819886 0.374708910004847 -0.268402639323685 -0.887441973295754 0.48871079474074 -0.23855342789034 0.11469300239542 0.182353346073674 -0.334679761069631 -0.518242622354642
5.59523714863662 17.6279903459673 13.6381047426386 0.899514139651578 -0.207288598008316 0.384585165733978 0.356694408698967 -0.159858555355275 -0.920442470273195 -0.0637514243310104 -0.618748626260182 0.0687016161811543 -0.706420357829719 0.195869796977674 0.27919507609618
5.82453934131327 17.6499988315226 13.1643257088358 0.765218488972133 -0.296140401726712 0.571613091697825 0.626910982456312 0.14091367210895 -0.766241448297099 0.305219175896289 -0.00526865484283045 0.123876134185883 -0.0834561812419915 -0.129003975716992 0.336388782196425
6.60422026751595 17.0552273555322 13.8061077454978 -0.397700887466174 0.799268762446508 -0.450559041065481 -0.239812749112571 0.383442713937448 0.891886500902079 -0.0929470550336986 0.687198566082784 -0.772674402385155 -0.894133630697842 -0.143077674464326 0.294844388381719
6.66582239639199 17.3875789553932 14.1835139097851 -0.871308296654154 0.219713314444134 -0.438802816351047 -0.339147847155236 0.376670337641996 0.862031434757824 0.160829650098007 -0.0846490368129955 0.102720020669514 -0.158768846179095 0.248049044326165 0.0596307468132706
6.49834839695375 17.7730407823727 14.3680105600267 -0.902712290996463 -0.426535613421734 -0.0563727785980419 -0.308284934715306 0.549851026767201 0.776288765467228 0.157972498276025 0.0410762657727442 0.871212662546749 -0.428112244973266 0.17726967701986 0.252558895355766
6.17840674487867 18.1955507215238 14.5054425019341 -0.633320516140989 -0.752477968419152 0.180781721638817 -0.571831575509741 0.612419488019068 0.545848898454976 -0.0914499400560762 0.67632390337441 0.0898449791611039 -0.391454944521889 0.242947973439545 -0.0458267185385418
5.66067392337332 18.4108230918595 14.5963706920555 -0.0160177338103347 -0.886458474335654 0.46253086976124 -0.551931891106146 0.393566220866757 0.735171284377085 -0.194229189704251 -0.0365381732806575 0.375887890657651 -0.0265515235306494 0.339498120283058 0.779620298560454
5.29565816013957 18.5581924800909 14.9345913108382 0.205223403802327 -0.877401868909947 0.433646532287672 -0.77758375320274 0.122897633277773 0.61665199139374 -0.704875774994324 0.257228789273871 -0.405939541017704 -0.0180707160547921 -0.148037011429335 -0.0816491928597688
4.84156951521496 18.440665649845 15.0347542667537 0.501678913364166 -0.428508984927095 0.751464116057778 -0.743392533117665 0.230664661363734 0.62782271040705 -0.357559240997885 0.589015348434756 0.219989619644881 -0.150344391623919 -0.461199127681548 -0.186347533785219
4.43993550716223 18.3679476728413 15.3100786389193 0.7635899592104 -0.130989618764554 0.632275330824296 -0.624430819783658 0.0994606955178607 0.774721705744335 0.110026075571362 -0.367972805904483 0.0350553446452497 -0.13042681840369 0.437823435638354 0.324502181039107
