t = 5598
b = 30 30 30
E = -0.969905995440091 -1.39411009554649 0.424204100106399
4.91692179582787 17.5527164665817 14.2730346743286 0.961701566056441 -0.0591665423907435 -0.267636727872138 0.1226640440652 0.966093065110097 0.227195338507981 0.174572659088406 -0.0763028125098 -0.129229016706377 0.0224031803153182 -0.182611504359456 -0.690374443818359
5.12778378418143 17.8596804368852 14.6425769170686 0.554762908611977 0.02436822451567 -0.831651552552112 0.313842182732289 0.919601353182333 0.236297345653841 -0.132506994030301 -0.148498048534381 -0.234977733651237 -0.0911761889202783 -0.207777570798433 -0.357160954018255
5.59356899330641 18.063290012141 14.8201755415561 -0.103496498308654 0.365439234148672 -0.925063587534753 0.612320888438321 0.756330708725173 0.230275896744272 -0.698267662072141 0.0599504682494705 -0.461641358009762 0.314432154357047 0.322205987643382 -0.464005657322665
6.08704292286874 18.2962421510194 14.736109937709 -0.581877793260805 0.462199112630943 -0.66917128897847 0.513657426224004 0.846787417462767 0.138228499636161 0.38089785430706 0.987212454963275 -0.132858682020581 0.0804376685618282 -0.175443881931239 -0.42351198151654
6.43115160538779 18.6051232149451 14.5325883868739 -0.815487580459079 0.561056828307734 -0.142109962797344 0.564749213654166 0.82509290724865 0.016733800673222 -0.0930419812899946 0.3800378374965 0.19348369829543 0.147048033576443 -0.138194983125855 0.045633072159396
6.63194648733853 19.0100568519523 14.2697462117668 -0.790866184242518 0.393920779826565 0.46835573856046 0.403485629708314 0.911036666680892 -0.084920778269259 0.714225946529871 -0.34728517390514 -0.491030653326075 -0.403067854439667 0.0932002454158797 0.0422160996766495
6.65133477304934 19.4259739765311 13.9879826419729 -0.409145350103916 0.220009867288341 0.885548271289664 0.375375695053209 0.925154165008577 -0.0564168284344261 -0.412682087473254 0.0542888360495459 0.408699225143088 0.119776339357032 -0.139807290467202 -0.37336925664117
6.5397773616582 19.8511026165487 13.9079442954282 0.271174626676143 0.0121103162897297 0.962453979204421 0.237075030477539 0.968275554787171 -0.0789802502254749 -0.241864501675957 0.13344930191251 -0.275107263035776 -0.36896155793208 0.0465301869349308 0.65800920601905
6.48389201423042 19.9774372941434 15.040388830902 0.139938566442045 0.00926376871289174 -0.990116851796486 -0.273416690305543 -0.960715614772153 -0.0476321424599812 0.501517586523578 0.511836558039045 0.972434446485593 -0.0769788345838975 -0.1851463639923 -0.0184734601671574
6.03274584826756 19.6921815743113 14.9497841038999 0.535719877268448 -0.165135356002629 -0.828090893137565 -0.50573282492971 -0.848088287781195 -0.158052415093786 -0.230660555892875 -0.242096857503721 -0.211160478967045 -0.224021715534636 0.0795116299256184 -0.360003022113673
5.64567087801728 19.4034548992578 14.7829763125808 0.873900711552781 -0.273132262370741 -0.402114801517912 -0.376510668171213 -0.903553173411612 -0.204527209855023 0.13522655689083 -0.149496303353714 0.227412475015176 -0.610079848734622 0.661939906152377 0.402248949064118
5.4508808517452 19.1779431688798 14.37165630279 0.870161182575735 -0.412729893685772 0.269209121681496 -0.340522200931768 -0.898537959994158 -0.276901002385554 0.418247158938845 0.242619847194719 0.132422093729296 0.455067443578546 0.120399463390117 0.357535939979763
5.40802588006163 18.8405701102651 13.9365052169121 0.52342025174856 -0.453050630155328 0.721648367680087 -0.305371899804265 -0.890412523683364 -0.337510800534969 0.0219420063098388 0.128116366838 0.308379180218108 0.173258676098716 -0.343915652994361 0.693646245418198
5.50805099031046 18.4203199286351 13.6815325464964 0.0282531380612055 -0.203269153101979 0.978715184099493 -0.298566761118765 -0.936127300354284 -0.185805184767417 0.262164243215887 0.0214104966033353 -0.487312295258916 0.564612297810333 -0.439302449130392 0.250909260324394
5.79969094323581 18.0175429729925 13.6387048738736 -0.596176661926074 -0.118821506285794 0.794011862265711 -0.0774256178255234 -0.975868747988687 -0.20417017510726 -0.0319846900604268 0.847607832269021 0.290739170342221 0.0181942899369028 -0.41004344383794 -0.427960528314298
6.0474035067892 17.5556268969393 13.8297784730903 -0.855988752379558 -0.07571440480861 0.511420164545906 0.0833250756662671 -0.99648980350929 -0.00806246036998005 0.838415799643846 -0.317907310980422 -0.367781799783008 0.318771513900423 0.486209158039959 -0.427641765308113
