t = 2213
b = 30 30 30
E = -0.95133212108406 -1.32186124760611 0.370529126522054
18.0760365564988 16.3998060886155 20.8204769332594 0.197632827730928 -0.974643120570062 0.104938329167789 -0.977757074564896 -0.203661683725431 -0.050130048079151 -0.818385163559984 -0.372814611522229 0.127266078567439 -0.1917725399086 -0.0709286928208428 -0.846147143144756
17.7585369142709 16.1869982174866 20.4862783445839 -0.0548648275812566 -0.654389706209801 0.754164413839005 -0.98033563554061 -0.10808560032115 -0.165104647700794 -0.451650714945227 0.679582424019003 -0.065625629733657 -0.00947901991428741 0.571493349504815 0.143377453692046
17.4374390303955 15.8804756312363 20.359952069118 -0.0984581740112257 -0.160378886168048 0.982132679856379 -0.972413486494391 -0.194215696345957 -0.129198585815309 0.445920733627527 -0.712033579079386 -0.119128538762395 0.292174173324278 -0.104922753547434 0.186150751848385
17.1095850293767 15.4631460615988 20.3932026788942 -0.258344170794728 0.472063326160557 0.842860905197659 -0.952586854124821 -0.269648805632109 -0.140953208440793 -0.159125246142552 0.662799585027903 -0.224677156797945 0.319105493679104 -0.307659634495626 0.277232354563456
16.8317505317218 15.1739040137716 20.6930016371113 -0.438346231096191 0.80124682677904 0.407254348362645 -0.847823937533676 -0.519034727833486 0.108616399533924 -0.243133327754756 -0.167797481588359 0.0219357629233699 0.297202415519061 0.167950959902875 0.626101722826133
16.4819778371187 14.9251659109811 21.001682298234 -0.325152892998076 0.939377595950382 -0.108836245807475 -0.945016250431178 -0.318521192049103 0.0740846585779755 -0.0444301402085023 0.0322498782026281 0.301479137426107 0.274179474666389 0.135904793962666 0.395181280258234
16.1332248691576 14.9120337012894 21.3739445130832 -0.387518224014369 0.620017259877513 -0.68220834318464 -0.920709824909975 -0.297295911362083 0.252801422863148 -0.625044255220332 0.216838262649275 -0.165000972133622 0.0626593879113253 -0.0215095489174066 0.174786780102716
15.6241145142699 14.9789311225353 21.5236589216706 -0.155842890581906 0.0678489401151884 -0.985448889988883 -0.964918666092041 -0.223858677320255 0.137183309537218 -0.284463432245389 0.554119571058807 -0.316275187108676 -0.00625581814527976 0.216968434303026 -0.117753848376809
15.3815114347255 15.2942537846852 20.4307631773442 -0.0061790475088096 -0.309059674586479 0.951022574346363 0.880194869119807 0.449665179443751 0.151849329175295 0.408344055884215 -0.433709694633647 0.0616178152924547 0.751739567913623 -0.0949228685527255 0.338249902477965
15.752279588306 15.7000173413175 20.541542463984 0.209510324458007 -0.690209699672754 0.692615329330174 0.840713851629863 0.488856890449561 0.232850081249001 0.0967134062847028 -0.335690477317024 -0.091369206022184 -0.233394277412651 0.529017149735616 -0.272067836797415
15.9972012939115 16.0051278757916 20.8481592288407 0.384044351349742 -0.919216027333475 0.086901273233599 0.834113857696128 0.385761887381843 0.394261130017762 -0.552961609590418 0.0768434856960091 -0.139869541407339 -0.224027657548996 0.00703329900145366 -0.154428208725606
16.3529019394606 16.0813027745375 21.261196906876 0.35017891331708 -0.765962571084292 -0.539143829015978 0.925441253751301 0.194011140081292 0.325450708064333 0.211848999887424 0.230624976433404 0.274570485089947 -0.453155951973841 -0.0586960285055134 -0.196477952451609
16.82636505092 15.9807817469635 21.4583787697937 0.207117649457995 -0.37746974165791 -0.902562393087428 0.973856059006957 -0.00844310546484317 0.227009009304805 -0.126734236967831 0.481312336601909 -0.0327775271502692 -0.465471197526397 0.261621634730437 -0.358062611611317
17.3547869192922 15.7672750505448 21.5280613763805 -0.0546000283786651 -0.0163873623563125 -0.998373823402863 0.970525248729153 -0.235922979499153 -0.0492045660834265 0.18354613505882 -0.45038183404837 -0.423601748049879 0.232572707251276 0.306447170475569 0.20921513317745
17.6494397391151 15.3957740096629 21.3593094723794 0.0922214884466549 0.687104902916171 -0.720681656112629 0.951103228038345 -0.275052433455488 -0.140530453871227 0.411400976502501 0.742648172977362 0.223833965137002 0.158589095723071 -0.575310511934721 0.00943419742702855
18.0220304847179 15.1072231996763 21.0030121937327 0.29992126996983 0.952563519544727 0.051671781972829 0.906700981432586 -0.267805808716687 -0.325842567947754 -0.377290371212804 -0.0893260201209766 -0.118619126985949 0.291666168019097 -0.0638516162145638 -0.752253861349358
