t = 4125
b = 30 30 30
E = -0.844792324770741 -1.23571891504773 0.390926590276993
5.40814267148868 18.2176928961662 14.8891416022605 -0.691492577597527 -0.55900590002441 -0.457548269437694 0.385250996354075 0.250424017629148 -0.88818324753548 -0.135150620583223 -0.19913453059518 -0.0500875699425616 0.0102667566108486 0.105277733839495 -0.152473091247748
5.68566070598498 18.0347023873283 14.5522699481261 -0.896566977334441 0.17763914371473 -0.405724031545674 0.436450983127764 0.198496996936727 -0.877558819415491 0.307451050132466 0.0753144213487125 -0.586468883533176 -0.322493719139018 -0.268105667255752 0.0952001817315836
5.79941416818975 17.8164982166904 14.1301331037329 -0.766328411207405 0.577036306880478 -0.282435597469723 0.41637406680949 0.111296126713643 -0.902355699636829 -0.309088992037747 0.587555150686591 -0.208534696620044 -0.300647034268298 0.233506327964519 0.204407058827541
5.75955154418471 17.8351206404586 13.5870606516039 -0.346530021919488 0.919911738729231 0.183519309220149 0.223397436160126 0.270944982023772 -0.936313196656554 0.125111128900964 -0.0390909318449123 0.295718649610264 -0.454099903328604 -0.264569656436867 -0.595915727326226
5.64463814961032 18.0442409577634 13.0978811869699 -0.140295666265019 0.907203397537279 0.396609532820467 -0.104469256371881 0.384771839321546 -0.917080588682485 0.195311523178955 0.123676559904926 -0.0944635563683411 0.335057115477402 -0.0891952076313279 -0.0984306132066917
5.23337463340033 18.2395386933196 12.7912547748373 0.498934753216113 0.835020935423862 0.231957214669054 -0.162560550214133 0.353074112705184 -0.921364606684845 0.0520100638946846 0.3023230231316 -0.0366585441780994 -0.246133330507543 0.433262185004865 0.589737095731568
4.85839140662643 18.558496808993 12.5861046360998 0.828552035008086 0.559911541364824 0.000768850063055461 -0.269664023719378 0.400249044171955 -0.875832185381941 -0.720564928272283 -0.788537707604424 -0.337113721550877 0.0555366203031274 0.0430893790914081 0.326244498711427
4.69847386538761 18.8991518266859 12.3922776171705 0.927987915731011 -0.0928975087366212 -0.36084412303341 -0.332397155770425 0.231221009668779 -0.914357137842475 0.376408384722311 -0.258633018278075 -0.480851683551583 0.589666700538034 -0.437854709779161 0.102456922211981
5.91562365296758 18.9712229800243 12.2107689178733 -0.992787264917221 0.119372273549015 -0.0111223615263069 -0.0660682261075018 -0.467328717699554 0.881611512579266 -0.236509118891559 -0.174744865428901 0.228185049996017 -0.108461688957905 -0.202952028407404 0.536904971917643
5.80980555456609 19.2706122985027 12.5407918676897 -0.787154567418811 -0.616729520057327 -0.00569087704689631 0.110712471020038 -0.150371603310025 0.982410876201299 -0.337358962713284 0.968334882190932 0.0672608406786073 0.811358650791486 0.00775730976727037 -0.360766300951473
5.74025869386102 19.3050514615013 13.0788029930656 -0.253381593182301 -0.95423204968141 -0.15886775505816 0.141732641980098 -0.199074717625401 0.969680934637636 0.120785108780617 -0.00237530534353757 -0.741615824411275 -0.617656214817992 0.569140068563866 0.36279330713597
5.67805674971676 19.1288488175424 13.5842213191495 -0.235605071986641 -0.874688472811676 -0.423568560665855 -0.160710041864758 -0.394771653478375 0.904614627371112 -0.0302602238225797 -0.157907064068193 -0.237835381325283 0.0762448621139339 0.120071734678354 -0.266762601857726
5.22426856753308 18.9190580229536 13.8834075574854 0.42553833974657 -0.867775749248087 -0.256675613221539 -0.346985166662275 -0.418424143651703 0.839358403857194 -0.178652383065285 0.134922578654932 -0.621979403895574 -0.316867668906114 0.191143329566113 -0.169277216983253
4.913534331281 18.5413002859978 13.881146697066 0.790555509694162 -0.527852253015868 0.310473807394892 -0.606434040109903 -0.604255668361758 0.516829606590668 0.344295423800262 -0.213973770636946 -0.225835468532471 -0.612381141544605 0.22474408779507 -0.13636114636916
4.6507643845808 18.1261771762115 13.9981712166905 0.820303591572329 -0.0228604660379395 0.57147127377154 -0.427283589623683 -0.688684299095193 0.585783808429408 0.161453529680847 0.114335407590047 0.103571722209132 -0.571364545568329 0.332502732490231 -0.326260062304399
4.57086389598507 17.6946383383175 14.2202755343692 0.655130186121002 0.401053737705409 0.640281452726515 -0.291455354196405 -0.647719376107142 0.703927117197243 0.0142158965487354 0.051869499939693 0.314732538697832 0.701051782628344 0.744030156113754 0.487018952686146
