t = 434460
b = 30 30 30
E = -0.859997919416608 -1.26674957642621 0.406751657009599
5.92247252192934 8.23800891907312 19.1143669908453 0.540449044046248 0.803551434800044 -0.249439215882931 0.791200769962588 -0.384523042950867 0.475545340688373 -0.0270888172082568 -0.200737980496822 0.261673104850739 -0.541865061545728 -0.715962113314923 0.054703794030717
6.36528164342797 8.09835605102352 19.1072678278863 0.17140757216746 0.922686042091888 0.345354762429101 0.855863024417359 -0.313081751056561 0.411677422978884 -0.0298753882315224 0.121058969462738 0.228179206536829 -0.123420573691532 0.0402357526291014 0.212079345045815
6.889947692957 8.07743343648639 19.1307928372787 -0.0900885312338664 0.851805222668832 0.516054182401643 0.911059335260974 -0.13882875256183 0.388197713924182 0.438212609716476 -0.350919639521946 0.455909409420837 0.365933237444911 0.478476775382269 0.224750223384327
7.41936343145689 8.26090823081709 19.1790834898522 -0.518632913937868 0.272312490968583 0.810472583029676 0.803926462356479 -0.167390926254033 0.570686009054725 -0.125153138222048 -0.383365537515666 0.314019267941859 0.303080500128641 0.123504558103215 0.495825992451782
7.79006558332615 8.52537913054664 19.451468027642 -0.66781389725237 -0.296156221006755 0.682873408030801 0.73237821477052 -0.0977106609126198 0.673850708446286 -0.0179673387253417 -0.0686367978098929 0.224922253487085 0.0420682468059559 -0.763684993879797 0.226083321548177
8.03822374461567 8.84810480814131 19.906733291958 -0.342138773668589 -0.880217969833617 0.328872901186074 0.595299685371261 0.067749681564291 0.800642407848106 -0.484026966839675 -0.467946789406567 -0.392642594936007 -0.803349090782919 -0.475262307595859 0.386098452953787
8.15709576368324 8.84556678965653 20.4143915773198 -0.00600628141216442 -0.995273486591091 -0.0969258039554576 0.46571175044554 -0.0885583732878958 0.880494168076967 -0.16955714199406 0.300246600118735 -0.151682896764619 0.511048224515243 -0.240623255453082 0.261126248156084
8.13291201498706 8.70524143735376 20.9646784807174 0.555445002666473 -0.699605140251905 -0.449481364180927 0.474576006990826 -0.177160914447103 0.862201614462016 0.180089264860787 -0.419234790774277 0.237331080718414 0.654838017286691 0.223150068756458 -0.0582852715262334
8.54652520830141 7.68951360865792 20.2268931997706 -0.109389683382426 0.792634565713117 0.599803586523351 -0.930710854093258 0.130199948879216 -0.341797131914313 -0.217613782817869 0.42986616748645 0.35612535289428 0.0681534499615958 0.156080980038301 -0.164367835986964
8.01329480972996 7.72697960713984 20.3881923620096 0.211359013404754 0.975810493090445 0.0558681396428414 -0.915374581318343 0.217659950407139 -0.338693846807162 -0.13784084875923 -0.253975711539677 -0.320752926157192 0.369605415449668 -0.274419226092181 -0.326063623783167
7.48151191050686 8.02561707055241 20.4894317480168 0.497762446754641 0.691899100213282 -0.522980096872617 -0.835312520538574 0.220155400482337 -0.503770376927777 0.0886197126492959 0.312110189561581 0.518004502051065 -0.129909092803909 0.265900859245997 -0.117503736226541
7.051149215569 8.31894311139627 20.3788111816975 0.604110446294574 -0.0608485453909945 -0.794574114354081 -0.769522142226171 0.214567560550366 -0.601495165885074 0.426614451695044 -0.76180414215939 -0.463462932250238 0.200127834145492 -1.09586809996664 -0.568284366351496
6.72107378713381 8.61855529655675 20.0944055832872 0.687763466313925 -0.233772401637166 -0.687264053065954 -0.620259948402516 0.302651199773889 -0.723657272251948 -0.457807534176972 0.0811834506659441 0.0656184895994494 -0.20827007489898 0.585133895780385 -0.134009307073953
6.58643181512227 8.9910503360276 19.8572671780038 0.349212089974589 -0.682370919125973 -0.642200003851422 -0.524904651700865 0.425272998996322 -0.737304538808398 -0.139395895723338 -0.540726974252523 0.166399931916178 -0.294774128600965 0.290846463033614 0.29687574778736
6.59054571419481 9.21863436238821 19.3583867140402 -0.214643728793446 -0.972596756061849 -0.0893511040089597 -0.607803776656108 0.20462507529457 -0.767269931408275 0.158252307988716 -0.365272384828141 0.365740871742418 -0.202417006078693 0.434519964591556 -0.354365304392042
6.55467658195237 9.17869586344568 18.8079838091653 -0.533594143135101 -0.806478181920305 0.25469635352403 -0.644973354760243 0.193233747106814 -0.7393714158854 0.0427269574908986 -0.582417279732796 -0.672722932240672 0.0072489433830812 -0.423341436704836 -0.206718763585257
