t = 619979
b = 30 30 30
E = -0.920015440743089 -1.33373173687558 0.413716296132487
20.9568941618783 11.4889285633025 47.2590714294088 -0.0911117449313932 -0.73016759523533 0.67716610429332 -0.914322609309055 0.330785848208152 0.233655491549991 0.394497018621031 -0.76365766259298 -0.0237118368515175 -0.13239397660908 -0.161167291649678 0.0994882997898945
20.3621509657865 11.3952775995238 47.266366811977 0.233864052669744 -0.490472897154066 0.839490287035005 -0.966881548319614 -0.026549670459492 0.253840868493551 0.00890476888831275 0.46121618981406 -0.370568233395005 -0.80272392665845 0.343922294104014 -0.293222608233434
19.8474647873034 11.103010285601 47.3172010479467 0.458443896811575 0.0608252987226761 0.886639428692129 -0.8809646284309 -0.100437306649911 0.462399903640275 0.417569859397938 0.60188807773713 0.106497029882442 0.0293359149958696 0.0946739046734381 0.112547743518448
19.4754454659126 10.825435391292 47.7540800733187 0.50923193566159 0.611667804360418 0.605429874396103 -0.747747577861363 -0.0338353328671408 0.663120449128386 -0.431892157944311 0.285659199208283 -0.14502252925376 -0.355881011181187 0.385143925158517 0.00593723302402319
19.3762883693257 10.670923281838 48.2031821717694 -0.053619286924531 0.988605302283125 0.140657485998517 -0.532077741906654 -0.147483575765708 0.833751684524188 -0.819376102253175 0.0714503639478999 -0.426000779862373 0.0045704980826716 0.7724009226596 0.204501979816657
19.3947380444354 10.7271938947273 48.7413654941508 -0.388809613383192 0.893833663581171 -0.223357261779971 -0.516093722413029 -0.0104760453968064 0.856468050868621 0.0946753674300563 0.059677500120698 -0.453284511416999 -0.293409072595899 -0.108794279161966 -0.0791025088614038
19.2823532075397 10.8231836427461 49.252995145734 -0.562965760937223 0.547281497275751 -0.619316167035869 -0.678926339364508 0.121084609884685 0.724152983123156 -0.445592436812569 -0.158781345942647 0.27705589514176 0.283674105934947 0.138585758447383 0.257006054090843
19.0338505396621 11.1282707316832 49.5730972747864 -0.716578121206699 -0.117937656823175 -0.6874638210924 -0.696789497550873 0.165726092340929 0.697867651077365 0.0725527869812733 0.0391374791046664 0.170993699049505 0.438588005013272 -0.578367165393206 -0.0989653026168826
18.2270043640741 11.1994147792337 48.812586919165 0.760736630482885 0.117642676654904 0.638310253459127 0.628752681607309 0.110508114509949 -0.76971294779229 -0.646282569297688 -0.544042358094437 -0.0204146067411113 -0.0776518484720981 -0.242059431718193 2.96425636002372e-05
18.6112222973434 11.5918855749031 48.6167783424255 0.643517488120036 -0.574839784825179 0.505415140518963 0.688064322442018 0.145152324596671 -0.710984029951855 -0.584030415851806 0.557078009356908 0.0330611314228112 0.609694906796815 0.293463416604928 -0.242325589889918
19.0440104812189 11.7737556235263 48.4798523796272 0.259907757831636 -0.94775036220965 0.184978940288798 0.736413145165946 0.070629521749733 -0.672835158329437 0.00586998631321625 0.206205145399228 -0.116345140015996 0.170827802017825 -0.737335331655202 0.463179480523718
19.5521356094842 11.8336790935974 48.3883340374079 -0.131444160147803 -0.981253927036394 -0.140936735589663 0.846008244478457 -0.0369324646065033 -0.531889126917023 -0.252060395815478 -0.366965913583849 -0.206344457166221 0.0145801381805511 -0.852527634111024 -0.197875797380801
20.0420722468062 11.6553409918208 48.4038102858762 -0.488476661346733 -0.673759016838789 -0.55447212603342 0.821367343983096 -0.140555564285723 -0.552810835265069 -0.346061585574527 -0.565202305910076 0.11586338497312 0.108166548388979 -0.263397244238846 -0.299359788557595
20.4004674566868 11.213664670592 48.4277631672443 -0.456251863912984 -0.0717799251760029 -0.886950888729285 0.872888777312251 -0.229787390864587 -0.43042181339007 0.155214811638658 0.323799524589458 -0.204007951986663 -0.0867925528255135 -0.311228584495693 -0.528997101891056
20.6935735597829 10.7577102921289 48.2269584355263 -0.381418663361078 0.432809552945699 -0.816820478513346 0.887422896349258 -0.0759867135190807 -0.454649999894054 -0.287633379526163 0.643828240732941 0.400194019455876 -0.570950603519478 0.117519030609484 -0.232979284893359
20.8950272899685 10.4266398861804 47.891246539863 0.00366876107000898 0.8901269638183 -0.455697847784944 0.890209039425275 -0.21049741065224 -0.404003349285858 -0.143864643039833 0.411524155133945 -0.826204241024001 0.245346536159311 0.176702181612468 -0.513162126531268
