t = 3768
b = 30 30 30
E = -0.985785320201354 -1.40346246640768 0.417677146206324
5.2298669710557 17.9168332164414 16.0723199103128 -0.133399632030793 -0.906576256357478 -0.400404832117336 0.549362759574667 0.268622631547049 -0.791228437439686 0.00425569420410166 -0.234995575301373 -0.186075751403113 0.740433502329265 0.0887378236462144 -0.973886198001016
5.70136426177494 17.8798953520013 15.8165829967185 -0.629143798039538 -0.483186979940455 -0.608858295340065 0.478808904239546 0.376136193552132 -0.79326136747042 -0.0235720835197876 -0.111658994059526 0.0578148031936775 0.107712780624105 -0.3210828572643 0.556567960263725
5.93736240909671 17.8298344147892 15.3524459932488 -0.964546874959275 0.0947902658784966 -0.246300896265086 0.263888799439154 0.334146407928965 -0.904825330988659 0.0683007159901336 -0.125286928606706 0.226830937932813 0.722341122330999 0.392236042131573 -0.248810989437829
5.90866808581952 17.8691851216252 14.7696432087646 -0.802041760219516 0.546241246048354 0.24155644470707 0.0926595933480331 0.513336669929605 -0.853170359931801 -0.317769458683496 0.321275605622884 0.476281992367685 0.575159691223371 1.11185739923535 -0.137967889695231
5.85834452530579 18.1047647129724 14.2669698395287 -0.534446946534291 0.637058865600698 0.555447984153085 -0.0804893167912493 0.615829031512422 -0.783757662692334 0.0871842185614162 -0.435874109285291 0.348716437103356 0.390673448134963 0.212804974808548 -0.301684525467063
5.5756725152682 18.3181240673577 13.8814823979142 0.00521583268227302 0.682192067291457 0.731154414890618 -0.0857347921591413 0.728777205548461 -0.679362443829804 0.350918311431521 -0.266603814653752 0.437565334006066 -0.299613085784141 -0.257562178205744 -0.697148316639328
5.29768587514439 18.7439777953239 13.6372738554901 0.568156186468897 0.422326136991928 0.706285481792307 0.0114638276256448 0.854121530713659 -0.519947104451522 0.163917842501407 -0.165398132718571 -0.29093981842845 0.88052795772552 -0.00980179445378525 0.188691805739243
5.09002812805298 19.1530659977901 13.6786851904395 0.981236572924655 0.192192667410056 -0.0153872203105875 -0.142597496484333 0.669677808625166 -0.728833030694548 -0.150128393854194 0.131802168963924 0.942179030047858 -0.0184110213119338 -0.376618149970357 -0.332546164240093
6.26079966558942 19.271857877752 13.9876058082504 -0.951393144861995 0.172579930578232 -0.255082832568581 -0.304106555910984 -0.657351768883802 0.689498262940008 -0.454647877632404 0.776465359345714 0.172156789872468 0.143166444804832 0.0692149977636285 0.205684033355061
6.05145240020875 19.2843847903803 14.411031605376 -0.643141328020908 -0.49174872819491 -0.586985877607113 -0.229243123074881 -0.607751542426549 0.76031944155139 0.486461362107308 -0.0566088017789288 0.163513082127412 0.216143091172387 0.186387294529767 -0.272121249954605
5.65392969399804 19.1225304243594 14.7893884267554 -0.12616186812305 -0.651471118589754 -0.74810999503757 -0.431241112325836 -0.643133418022236 0.632779985194708 -0.370274713385659 0.141256498847345 -0.230274889894758 -0.0527109926036371 -0.133842127679221 -0.0758548005823417
5.31931367800816 18.893086875428 14.9802781308235 0.414321404887298 -0.692675739636078 -0.590371148661444 -0.472106765550483 -0.718140573656275 0.511262475045938 0.0290373886210984 0.780095196451529 -0.373757077737462 -0.0807091227136092 0.258307387118217 -0.444442767796876
4.91231882333919 18.4502733780372 14.9749897058103 0.86009399566667 -0.48944128342133 -0.143824715195357 -0.355784262220141 -0.777570913448484 0.518460252396812 0.0566067791028603 -0.327447421266034 -0.0676130262436943 -0.163524785593566 0.488844871811355 -0.0604879397906257
4.8347693115042 17.9957427359772 14.9321972172007 0.844193454402875 -0.0576029247233475 0.532934625077656 -0.364039641149603 -0.791376889028254 0.491118884979625 0.239300642182813 0.151497227712116 -0.223737023332968 0.495377239185923 -0.140184034244413 -0.00994752705886708
4.87278560838844 17.4757578750815 15.0761304743766 0.577798131047681 0.343164018580666 0.740532089857949 -0.256751197885403 -0.784830386322133 0.564021353398851 -0.465367122634957 0.149657198434178 -0.242361409196215 0.692145896331609 -0.164054958780367 -0.459293894575217
5.02705698191005 17.0583305611064 15.356481127721 -0.0834931321299105 0.660401932997522 0.746256111385544 -0.319301160772591 -0.727116681125835 0.607740158914837 0.189401145947331 0.18370756764426 -0.310278384020854 0.0464826866257209 -0.404253869892664 0.162891273694289
