t = 786735
b = 30 30 30
E = -0.767395090406477 -1.16991549094902 0.402520400542546
31.0268329319911 7.30001767894364 21.5026780997122 -0.178539551783584 -0.94843066322512 0.26192156364701 -0.919046757288639 0.0656807724624741 -0.388637484097933 0.26157533465888 0.302519249569832 0.205983594567227 0.321118781406445 0.302021562323058 -0.615070872780525
30.7759684898484 7.11410135073745 21.0587619438253 -0.355874946843751 -0.819548095405222 0.449103486433378 -0.729819750230412 -0.0564364661366646 -0.681306140779337 0.304223389566256 0.276512465214279 0.34254149926398 -0.19258331192915 0.386128169924982 -0.16416768763074
30.6709518709164 6.81910514282313 20.6032735982658 -0.66178438355181 -0.393993343982638 0.637817116879384 -0.684025960138821 -0.0308783282191994 -0.728803824566358 -0.322263511380709 -0.0108380899104546 -0.221997202131046 -0.481337813132914 -0.587634682091201 -0.265841385456056
30.4738874723069 6.41151177582051 20.3635105095205 -0.788691476302997 0.237128422076585 0.567217653683729 -0.614761582149597 -0.29544562430181 -0.731286592379394 -0.589426108287699 -0.100040007889471 0.404044644828477 -0.506299047407909 -0.15506326084808 -0.525039988013788
30.081135003572 6.00575979561254 20.2133137522273 -0.570562495295033 0.717283604018444 0.399953335239259 -0.761115931053862 -0.278908655942203 -0.585587312991446 -0.0840484055276954 -0.483203250079003 -0.221345927730368 -0.0370611476280742 -0.0761437747297727 0.215851546993321
29.574988879022 5.77905768245296 20.3987642443761 -0.329413846095971 0.850825463506519 -0.40936847539735 -0.736558810527507 -0.502830117101773 -0.452374835694605 0.419656326387111 -0.568896111684423 -0.453737960951829 0.573772655927565 0.342954062984573 -0.0708362792911954
29.0835596382873 5.67370107304905 20.3947696996314 0.149942099974876 0.727503216406052 -0.669519556677729 -0.863519786176122 -0.233432243841206 -0.44703799214117 -0.655086876194629 -0.690497490725324 -0.00995764599093357 -0.186908045314549 -0.427148660988879 0.406574425416922
28.620098062414 5.86391133453121 20.3777588643826 0.419954265422472 0.122113139218742 -0.89929238637032 -0.902378526942029 -0.0494006481896704 -0.428103457206731 0.0801691165001367 0.438439088771279 -0.0935471561796538 0.953829418811181 0.461713087937668 0.114328323391121
29.0558665971705 6.20997618458703 19.3930945206418 -0.521174437092046 -0.17760017051006 0.834766665336244 0.679839323505393 0.504909318413388 0.531869414795648 0.591537789515886 0.272411438691191 -0.548315873189527 0.0205539657061818 0.638919106023129 -0.147389315010719
29.2096007070217 6.66087057092778 19.6982313674398 -0.17483776433604 -0.802244609059048 0.570819887002593 0.501580110477669 0.42631136908393 0.752778858206703 0.352832521672732 0.0420159741436543 -0.0184772944097578 -0.433560282349227 0.0549611034198894 -0.443462889955325
29.278865198377 6.86645965727741 20.0973939272936 0.186226839330706 -0.954775994260122 0.231780855761387 0.327380839346221 0.282727356417733 0.901602477792731 -0.309870576622906 0.448764144157992 -0.25222936263454 0.383473274917574 0.0279511220830935 -0.387058370573448
29.2891506139828 6.92846914351093 20.5795721740822 0.731627246550054 -0.655716378952598 -0.186433909144455 0.44754685011063 0.255718391992247 0.856918853190276 0.413936075127591 -0.0834259470975437 0.137715252003773 0.23808228044976 -0.262317815136736 -0.0963067530799551
29.5102263248121 6.74315978058582 21.0857304121921 0.747318870099647 -0.319112693956665 -0.582822095453411 0.610784998264242 -0.0154717408777214 0.791645319022078 0.0432942180839279 -0.132129738362807 -0.0752190324933087 -0.392531323567716 -0.657194698206196 -0.780535670715785
29.8826917715882 6.45599233603391 21.4092097664584 0.629971325291611 0.247524969652791 -0.736116511639774 0.763104714453403 -0.021240259511995 0.645925728048377 -0.00224543016195299 -0.125633532623722 0.559358304929 0.438263103484411 -0.0835414739396462 -0.396996924145631
30.3870975685552 6.25313924370744 21.7484686208172 0.397239897502161 0.780104491703936 -0.483360575404966 0.797986712074147 -0.0334995861247982 0.601743288356878 -0.16598188026546 -0.463663606678333 -0.316801705851383 0.1276878306488 -0.144213346224744 -0.137202420764604
30.8930185294926 6.1026459872073 21.6113756974075 -0.0507361312299904 0.98644895536459 0.156026611345348 0.825998611067037 -0.0463701500537043 0.561761607534135 -0.0986899610363643 0.02781631750309 0.283739090822667 0.330834658666736 -0.252529264788791 -0.605663311731542
