t = 3721
b = 30 30 30
E = -0.922428746931799 -1.26538154182554 0.342952794893739
4.73046886359127 17.6049650633109 15.2980154441374 0.135020102235557 -0.597066935365874 -0.790746891669582 0.812367981243915 0.523625503243725 -0.256660467159324 -0.042047866962167 -0.172870531432307 -0.578755661592484 0.22905075389931 0.258032674393601 0.076134062201569
5.26727764561728 17.6141155820631 15.3326515905578 -0.362573644782299 -0.0554450300952557 -0.930304359200267 0.736512896386525 0.594603261103442 -0.322483666782501 -0.172296022453536 0.152369014707892 -0.147149142832875 0.261830733387903 -0.169044256675414 -0.00830971141751306
5.67431393149492 17.7286768642805 14.9947804944256 -0.734104134489136 0.135208853553672 -0.665439468056001 0.572761050949978 0.649684442866257 -0.499854882153046 0.601864451622315 0.223485902271195 0.452106541075164 0.383828577481152 0.0114155705542162 0.284964015312471
5.9038664790765 17.8929147801069 14.5065934964972 -0.847449024976062 0.521452237849991 -0.09958771866229 0.477994906738371 0.667868007833291 -0.570502579525255 0.282734004241253 0.236843997858769 0.105907018102274 0.238405806039929 0.323314571311036 -0.0676376148887537
6.02124609551668 18.0856516094483 14.0727310004181 -0.668043303808395 0.666911997304729 0.330070495633561 0.278519367103613 0.635426308031401 -0.720180789253494 0.12699160739929 0.196171481948688 0.432954864827855 -0.435278576913884 0.0805616531810351 -0.497563114027396
5.89842357013051 18.3452678036795 13.598328487889 -0.126346939760125 0.613958970810624 0.779160338424909 0.396230204098381 0.751311037382339 -0.527762589113349 -0.98200050153441 0.582589809454775 0.22437144284688 0.100247267840538 -0.228097702887765 -0.0194205757566905
5.84242226520638 18.7092926520607 13.2962601743733 0.40876863896005 0.269855310090117 0.871829290296508 0.422332586299029 0.790911512474839 -0.442825209292258 0.00154102812564528 -0.195502710646681 0.0593115123690761 0.553707082326891 -0.397448623101074 -0.213854904472519
5.98647424685865 19.2955826186006 13.2681422605981 0.655891714169251 -0.180095952788401 0.733056278244285 0.460529443604043 0.864921074448608 -0.199559932221914 -0.372632200114584 0.881570536037102 -0.42515031153902 0.0341814620647615 0.0856086523969356 0.196742042342038
6.67373360685045 19.2194365291704 14.1389883222571 -0.62566048557638 0.211560382437602 -0.750860280858688 -0.689736230060196 -0.599683394433323 0.40576318140422 -0.272459076704756 -0.424996819206148 0.554623223685943 0.0718494625618295 0.388442665182179 0.358821861736281
6.2254006055086 19.2800609019581 14.3434337754351 -0.196232465373111 -0.686859415801095 -0.699797801124706 -0.584101023937072 -0.491356194344099 0.646061207715915 -0.544249610722019 -0.0451740566615203 0.231464933801411 -0.211771811377753 0.820333295497813 0.542416325860008
5.79102853673595 19.0379257904112 14.5583041090143 0.0351622545680645 -0.505629646441876 -0.862033802407281 -0.68438472744324 -0.64075565538361 0.347922024218595 0.220883739099897 0.0658650574486027 -0.495936356576445 -0.121167557129164 0.135303693232064 0.103474149607931
5.24993988487898 18.8772779360144 14.5102280905296 0.62189044936728 -0.697099043744415 -0.356798531662314 -0.643213600408501 -0.714587553738813 0.275028893556863 -0.313391814077455 0.0769290674989339 -0.267064257836857 -0.473288740154698 0.10088308783943 0.13690478340548
4.87426444441065 18.5050819880227 14.3936526090485 0.855906982881719 -0.514786985761412 0.0491690547498257 -0.496020954038239 -0.790361933195788 0.359570893858235 0.0330297534832188 0.0105421537918039 -0.0306204947757422 0.0913334949226808 -0.249221384685512 0.0861617477997124
4.80033473635066 18.0106415885653 14.2669147957971 0.768059440301299 -0.252542650559924 0.588478466736227 -0.281006730851256 -0.958666667331572 -0.0446479357155931 0.24238654626282 -0.421960622701935 -0.529092922183022 0.282577745942804 -0.316347908087265 0.289679538571019
4.81442582039772 17.4794830983173 14.1637620532576 0.198273572643274 0.15767957479424 0.967380350267661 -0.594322553174921 -0.765491274821667 0.246584287738575 0.278396476150164 0.0372253563015766 -0.129367084164926 0.380980277822886 0.093807164203386 -0.446182937459242
4.75934837700459 16.9529968903224 14.2170857734613 -0.214572495301855 0.610149626217826 0.762676915794741 -0.661841070379024 -0.665085533661336 0.345872274798024 0.181663988445401 -0.140623900150885 -0.090361561473399 -0.00902229585833629 -1.00087526909127 -0.0207541635202896
