t = 2247
b = 30 30 30
E = -1.01567629222001 -1.38714300364122 0.371466711421214
-1.53717063507246 20.3915708835626 19.9965647022202 0.745185453844828 0.407583592583152 0.527801339933014 0.0847858031459527 -0.84296044579318 0.531252345324759 -0.548146904676917 0.417233664810743 -0.519710163133661 -0.456157996290069 0.40893744720325 0.689136407035177
-1.27549026948314 19.9572670187708 20.1676526614599 0.240844191523725 0.678478847926628 0.69401767147922 0.219418810942985 -0.734616188093781 0.64202370796952 -0.151656171062759 0.453284613276712 -0.272065162128098 -0.227491082842132 0.726196786024449 -0.156017724779543
-0.992367522522535 19.5534334642479 20.4780572578135 -0.219985594102174 0.803744437706391 0.552812099400463 0.156227046471923 -0.530352222326654 0.833258441435694 -0.311831299930694 -0.653702653094738 0.453382618804933 0.11063107618948 -0.366139883371845 -0.0486592802219885
-0.65322533378885 19.5080339198278 20.8526106527657 -0.682002487066126 0.500756804977293 0.533024605346275 0.309535523149029 -0.46268780271356 0.830727245929103 0.285009552575758 -0.274495886648633 0.744030452359045 -0.0253615984153675 0.654414424471981 0.167268616930055
-0.465807479608443 19.6583865444313 21.3805291266543 -0.974346513347991 0.0223116923698152 0.223944324130387 0.21188711580519 -0.24441129727408 0.94623832511718 0.295639582204766 -0.0239435388734198 0.590477056158744 -0.364677190782507 0.0743300106704751 0.528343288629452
-0.459271410245904 19.7690073096636 21.8657536129103 -0.744681754039726 -0.65340324527686 -0.13606353024225 0.042526221745915 -0.249903431095999 0.967336443844882 -0.177888073479675 -0.0632158979405651 -0.375816912858502 -0.0793025235184311 0.016850879502782 -0.102279255740913
-0.683039401406578 19.8304750941721 22.3895987195142 -0.114203300728047 -0.9423264166294 -0.314608535525047 -0.0273925023906298 -0.313573196797783 0.949168847499112 -0.215962212397771 0.352787387113051 -0.658880715025746 0.309508768206279 -0.395377736975383 0.10180604937024
-1.01954032026934 19.7292046871337 22.8012138298912 0.407956869820834 -0.881310450838543 -0.238459811307382 -0.185818126286004 -0.335863013494778 0.923400054207149 -0.951270070672758 -0.0683400163129581 -0.480721695993936 0.0199029025400694 0.382325701070478 -0.256762818429539
-0.768032950635089 18.6826479423314 22.3706954995931 -0.418985679955467 0.785537328207279 0.455392255078218 -0.206327107012276 0.406049323158458 -0.890254498485966 0.0588720239700279 0.0152162682568278 0.217412815527067 -0.169620829591931 0.0188020272275701 0.037602038228311
-1.20053496890899 18.7843569340457 22.0557205371039 0.437308863150509 0.828458082120314 0.34988307243927 -0.208789023039989 0.471955189616006 -0.856542726810829 0.0657422520466179 0.201945075649323 0.511243886269417 0.0855370989289533 0.0795731040861679 -0.0187985415623941
-1.51600183356871 19.1638936350623 21.8744591983176 0.878127114742002 0.474266507954749 -0.0629607003399451 -0.347298232935289 0.541391133457287 -0.765688956439794 0.406414759754544 0.343472096793328 0.0311260866011153 -0.220057454419996 0.245618041003933 0.375598356518561
-1.61776358134848 19.6430096604659 21.6842287926298 0.930752889970151 -0.16894781128579 -0.324277188334229 -0.174660172957846 0.573710749197664 -0.800218595283433 0.648892193034078 0.115888467249565 -0.193241953055875 -0.231264367777277 -0.142335717504429 -0.35305403474767
-1.48039749210674 20.1053565522373 21.4849146870822 0.634347844832854 -0.559736401549872 -0.53319599823696 -0.00201521608738999 0.688532610738823 -0.725202580561667 0.299128680941565 0.299389774102159 -0.280690294733896 -0.13290474478105 0.1549782181383 -0.0602958138865969
-1.1794482566994 20.4434841766456 21.263249588765 0.118450466317101 -0.680949877958116 -0.722687173497695 0.0542460119609788 0.7311617841091 -0.680043980669429 -0.320611447396362 0.720741281740336 0.0503307842816454 -0.336629945874716 0.117933096760308 -0.454271984290644
-0.837801519735059 20.7237341556571 20.971457371947 -0.427592688394647 -0.620293398885358 -0.657571739151468 0.165497940847062 0.661413686073003 -0.731534255828602 -0.121420145050098 -0.0893617175240215 0.77877653035467 0.0673155213663607 0.208360494773978 -0.184267458747126
-0.579392400004405 20.8500115246145 20.4997714966967 -0.906801459203553 -0.34141135815507 -0.247284043377288 -0.118196812841942 0.768978408061125 -0.628252911946921 -0.11288205507745 -0.256895800154495 -0.164872389823736 0.0582207102744612 -0.3244564070335 0.527025001980564
