t = 5219
b = 30 30 30
E = -0.907657733148641 -1.28853408725724 0.380876354108597
5.11555822161937 16.14679439871 16.1033211636531 -0.0337469265549275 -0.218457037579855 -0.975262871066014 0.573037059202656 0.795259838947818 -0.197965444805569 0.204620366586906 -0.00171799303602198 -0.747928141145405 0.233832607288454 -0.195159578206073 -0.695930122825138
5.63323365089616 16.333531410297 16.0092611603745 -0.50432369419066 0.093546630547491 -0.858432664447887 0.434178409240778 0.886783851769786 -0.15844086969433 0.839627186036044 0.424174860669274 -0.193668774955964 -0.357310420513601 0.214694765874001 0.0734264388638512
5.89176855073611 16.6675499179496 15.6661593018275 -0.755639799744838 -0.033352344650682 -0.654137687454167 0.306195350667745 0.864867722029079 -0.397804261693719 0.165772016520866 -0.4459136346013 0.34949991807659 -0.279016012664291 -0.205684681790123 0.0659605039635059
6.17610072724622 16.8714969043277 15.2888850946379 -0.941917145661086 0.329915093127464 -0.0628340833972008 0.326164689602481 0.854017468111624 -0.405303293123461 -0.123558336593721 -0.228818745491078 0.0219628246104361 -0.0398194573914696 -0.297647907824389 -0.167502772062912
6.17713108881022 17.1343689171317 14.7989593359688 -0.823565295003219 0.39237659635221 0.409610560778541 0.205019936789765 0.879230633338165 -0.430023626000346 -0.562051420995021 -0.147138614503953 0.0186165988950485 0.781652923475215 0.0626332865779561 -0.254165551678786
6.03793820473391 17.5166654142846 14.436030569517 -0.267377312390048 0.424126505172479 0.865231807337931 0.240383458244769 0.898893126248866 -0.36634265460745 0.205734690089005 0.252446457615182 -0.0431441802457789 0.171423717045687 0.750016585937788 -0.000722221369012982
5.86183238894122 17.9922195340002 14.3108655197836 0.347695725981155 0.211391185593087 0.913466720131601 0.16753612850655 0.944566370048315 -0.282357961139372 0.317867432896422 0.471867567407814 0.322403774904057 0.128102172343895 -0.377696920339196 -0.652180507371518
5.68904018048508 18.4454241883286 14.3167893677012 0.9027169296583 -0.058019736355181 0.426304885148603 0.19348122421019 0.939761677539768 -0.281803132178785 0.164677761714165 0.0590606355024024 0.50626234748835 0.336790004193536 -0.459113713955975 -0.43438967382337
6.64330652812787 18.3111415691871 15.1621958165407 -0.756401868194803 0.309164612836372 -0.576431657667357 -0.521182675807829 -0.817368610288363 0.245514100110495 -0.17138828631075 -0.292721073714029 -0.390922034683994 0.547320912335918 0.0427643852750231 0.396148022074296
6.1963920814978 18.2134366029288 15.3793023368676 -0.256341650062141 -0.108623370714943 -0.960463389087763 -0.655340110642254 -0.710879569538684 0.255302912235429 0.00473593579460551 -0.713328366571176 -0.0557737829082324 -0.199000253473871 0.234255494442672 -0.566247323777549
5.72924896591098 18.098926533477 15.430016665344 0.19611869121877 -0.546451894856471 -0.814203773979469 -0.590762708482916 -0.72856873754196 0.346679992128827 -0.219198428688913 -0.414612673129458 -0.533403325162859 0.338000614562233 -0.00628725726735637 -0.425970167745111
5.29897145798069 17.7087964536328 15.4035978108205 0.739427220553575 -0.544911809773187 -0.395371350851476 -0.583617470577578 -0.811577975817386 0.027052489807343 -0.421135596628765 -0.0551430066822179 0.489091940175719 -0.345134395319316 -0.0790644239888764 -0.466835310006069
5.03785945187361 17.2776096627715 15.246813187653 0.907655926013964 -0.399936091559493 0.127325734397383 -0.408535113435116 -0.91139669834001 0.0495491608958606 -0.345495906515372 -0.691263626263159 0.508396068621628 -0.480843875933938 -0.103010625045116 0.093957738544667
4.97454433948566 16.8399084158016 14.933141741836 0.769899332883331 -0.138139553816621 0.623034895408872 -0.147834798704676 -0.98834008063785 -0.036452123349883 0.540586909003164 0.122117836056037 -0.0999270813802727 0.327170007068554 0.0974391154007381 0.081335492170507
5.08996993485312 16.2650402538936 14.9346843683324 0.213899476032831 0.188637005972804 0.958469140938034 0.0317584771383861 -0.982002042218455 0.186181062969979 -0.438016410689144 0.132502088375231 -0.0376635282352474 0.128595835403203 -0.175771680781203 0.423750134789708
5.38781457559146 15.8590337597518 14.956780850961 -0.516122321897874 0.140582194965061 0.844899044441144 -0.000806980314118977 -0.986517625429312 0.163653058327911 -0.265337348928663 -0.527502816599911 0.29681614410278 0.228717133093217 -0.151115814229093 -0.0834241181101193
