t = 554104
b = 30 30 30
E = -0.816178526042973 -1.25195549431378 0.435776968270802
0.408330134272401 25.1848185766986 30.1797433366423 0.935717392097739 0.340068044014487 0.0937373328293519 -0.352293919181634 0.914424423489397 0.199291164464704 -0.0188825956684754 0.180516834334906 -0.00254765077491921 0.00463915137677781 -0.210626571189728 0.368731809390099
0.391770171482104 25.7838699688385 30.5089419664791 0.910939654424008 0.212864942607796 -0.353380053492675 -0.208472844019053 0.976700955726225 0.0509344322641581 0.0304166872813807 0.13873707215039 -0.260335260713506 -0.858428560285178 -0.04928306335676 -0.375869066016868
0.56629129952406 26.2384252066477 30.7704486503441 0.492014988664099 0.220720213498807 -0.842142409740135 -0.217163946462319 0.967865094056203 0.126795031702745 0.899902824989671 -0.175124790793554 0.171288701951792 -0.767000989062182 -0.373898597636123 0.0405433340473395
0.75077562096773 26.6871243626234 30.9179058675417 -0.211501531245446 0.0157153356100317 -0.977251313893951 -0.269358310510203 0.960212959523422 0.073737188191119 -0.273136825053282 -0.214791622939264 0.275849944868373 0.342836500419948 -0.0197623026093866 -0.535756341800597
0.80777016719475 27.1543926578938 30.789950023282 -0.544818615962695 -0.246479926595911 -0.801511273461454 -0.172745219997423 0.968313900655575 -0.180353205586167 -0.607495049581134 0.3046590578514 0.024309062051375 0.836871799546511 0.251197193278711 -0.293985204217735
0.879002597603964 27.7317597637589 30.3616406853315 -0.850194901762969 -0.476907451081608 -0.222997560791805 -0.482006956610658 0.875482431439006 -0.0346382161858912 0.21983961023523 -0.327560972790212 0.106675365982203 0.260108932599478 -0.0721278224614836 -0.480869394907748
0.695931020963343 28.0937135009139 30.1020763589654 -0.748675144588198 -0.42668084741281 0.507374597636649 -0.472629884607758 0.880220013424286 0.0428219586541849 -0.27073375515866 0.158320911309406 -0.0789532550613612 -0.0700960840880875 -0.00208756542282196 0.294814195125177
0.28415013087449 28.3555212333678 29.8805845027762 -0.262968454410091 -0.148379773507688 0.953326300276557 -0.407857080528753 0.912568077409635 0.0295314401179916 -0.232897342504425 -0.368823843082624 -0.402824054742467 0.0836664347150485 -0.631374525094168 0.164196722224609
-0.260361542144242 28.0330447797455 30.8886637870254 0.264251846535516 0.270366287946397 -0.925782389087558 0.368937261463949 -0.915231537482431 -0.16197694249809 -0.349378110895099 0.127531697143018 0.606460801344998 -0.798996860979325 -0.453152005333687 -0.163154941127106
-0.241649214578938 27.5735058353818 30.571543071074 0.785728905172027 0.461323944904163 -0.412080459904628 0.404434764437106 -0.887197270463816 -0.222066486882338 -0.284877461306246 0.510093129613651 0.391346880530243 -0.0293758851981967 0.823557647620974 0.794137047117545
-0.170304678482083 27.1859768300934 30.2196468163537 0.869428615255981 0.490787824783408 -0.0567555637664773 0.447323894260508 -0.830745247415852 -0.331306002842612 0.134999950520674 0.678273902612129 0.0704182346001765 0.0035862967249984 -0.360141712264197 -0.0405745714364454
0.0436833801692487 26.9361797487617 29.9088478327869 0.613135353433619 0.0405008226441633 0.788938984798552 0.40658895464676 -0.872431222527957 -0.271199527871395 -0.38129613529923 -0.0800148921792568 0.321066401171114 -0.175036850325627 -0.139964265943694 -0.368278380831259
0.4989344234355 26.685296192205 29.7265312988399 0.0964156207746419 -0.0292768176519358 0.994910496486392 0.561299615709425 -0.823868147621416 -0.0786385194373263 -0.38037683622164 -0.82787710249044 -0.208498323478025 -0.456672152891187 -0.0816288930198089 0.618751017850627
0.955823662978602 26.4732447010387 29.7406092618548 -0.411837021317339 -0.410389469691533 0.813615849795669 0.630627140498946 -0.77286591684053 -0.0706235389395493 -0.110676111767548 0.554293641162276 -0.358726932303308 0.123793730268844 -0.300600349241062 0.07994312666265
1.35537600697443 26.0813999071798 29.8654800068961 -0.687022180347331 -0.224707668795049 0.691018803865351 0.492475347545115 -0.843245646455678 0.215417761091968 -0.391188043268372 0.337110491901898 0.15877162840924 0.0567367805785921 0.100457351015357 -0.142719589221086
1.66219739597294 25.7651322655913 30.2234454280522 -0.888925428462712 -0.412190487736143 0.199776336066623 0.457080535159196 -0.82661675129578 0.32830188981451 -0.0104809748964853 -0.80361423358446 0.624559737798762 0.389420919511253 -0.0531435788840854 -0.112669635360332
