t = 268783
b = 30 30 30
E = -0.918237604642501 -1.30993040532224 0.39169280067974
7.1474681315477 17.662798843307 29.8260430435314 0.902751181601753 -0.0748903218900503 0.42359384297204 -0.33751697398563 0.487184994378565 0.805439677147783 -0.0701839677807391 -0.0124150490735317 -0.166948606429904 0.143094422595996 0.363244668771404 0.195981335102399
7.17852350421792 17.5138691671938 30.3749092285643 0.717874398362292 0.693844815033881 0.056883396756763 -0.311439910821971 0.246998033076302 0.917604028763839 0.367076277976344 0.18784578718624 0.109402242306588 0.390871864222552 0.413088675833877 -0.318339997287011
7.29519996113427 17.4357288933076 30.8642822529283 0.177274733751471 0.970347610219464 -0.164314284572965 -0.271796533298226 0.208736324343209 0.939444405692407 -0.0915162824836052 -0.337410583050511 0.0107009333902905 0.320228884875892 -0.265909495901189 0.319168049522632
7.24239049212828 17.704171135209 31.3733878017078 0.0415526334412741 0.845440759380145 -0.532450280338758 -0.25372032094933 0.524370459073256 0.812810937665501 0.0047973259943361 0.276959131452689 -0.00600295234886887 -0.596286790989389 -0.457766154314861 -0.0538740604599899
7.50317969421158 18.1001357291723 31.6898957747918 -0.641832055055611 0.573181229742703 -0.509426040729898 -0.256238764158112 0.465826573924314 0.846963575821679 0.50813519960238 -0.269027024777284 0.343218053870989 -0.205255599273343 -0.302077361960162 -0.298910154522972
7.41256231203828 18.4766121400988 31.9908373838535 -0.865675236707328 0.106930422997916 -0.489052419674205 -0.307859834743905 0.6566332477335 0.688516593933966 0.38058152268117 -0.119698460404511 -0.505491358658362 -0.45218457905206 -0.212492308522367 0.356634568941892
7.37354594663946 18.9729489688647 32.0192642370436 -0.962164491705453 -0.271871540876827 0.0180376318413731 -0.20037981770171 0.750902661367873 0.629279843796448 0.255008347292288 -0.040288660778827 0.368825694645089 0.481323173852575 -0.0127098426378555 -0.0606143344784399
7.19143947942174 19.3969960264257 32.0753113208946 -0.592002635346503 -0.621981926746623 0.51251474373263 -0.333405002340032 0.767962863124938 0.546876718534996 0.0531806026555566 0.386696938192975 0.0637496252323273 0.0753046963586964 0.32737440111218 -0.486103541810885
6.29997057434448 18.6555041563036 32.3702327766173 0.60290192440228 0.761418801787316 -0.238224007683536 0.274545540791382 -0.478365454486047 -0.834141018045464 0.350836109793249 -0.707478054829429 0.157777619662717 0.0376400740431447 -0.246542765176341 0.528612163883457
6.2244653533684 18.7205246895989 31.8573478581022 0.958096293448875 0.250485291197981 0.138955429447717 0.252496066892782 -0.509438231785165 -0.822628971164578 0.0489259526717451 -0.104079534741264 0.0999343908294052 -0.384091625694402 -0.130291235538392 0.779981175318601
6.42145546731196 18.7978412574734 31.4045649893906 0.830042048326581 -0.325353445765064 0.452962838805366 0.242712715557038 -0.520508068435509 -0.818634160294119 0.273381224037391 0.032707121769433 -0.231120413070943 0.183717778944333 -0.453522843687853 1.2165049398405
6.77998400835632 18.7472602692947 31.0945500235277 0.527667730114622 -0.65492425658235 0.540963016051697 0.430176878172695 -0.343112366080902 -0.834998058517476 -0.114713514955877 -0.107722256014463 0.827729030558716 -0.16597206435801 0.0904443023739679 -0.0725325742889
7.11512167652735 18.6730365470528 30.6736980216194 0.14306352457057 -0.73938605830553 0.657906592702068 0.650869915325029 -0.430489555924921 -0.625337585280416 -0.944385806091555 0.369268878731746 0.112141466847991 -0.484862338608809 -0.0102391294087299 -0.283676240496528
7.63459890271066 18.5360189938559 30.5833615799587 -0.45289620758182 -0.804031333414442 0.385251398499452 0.625428673250554 -0.594464933258917 -0.505421030232738 0.396417038005314 0.313175139534661 -0.279463396874297 0.62795475423158 -0.558237302240207 -0.00311267597705347
8.0442855195411 18.2651112086677 30.5161754667868 -0.811780143467678 -0.526719067175925 -0.252150794059653 0.548406135529944 -0.539250462738431 -0.639108479797832 -0.131634427791253 -0.0438531451400259 -0.447669401777617 -0.183920889926555 -0.167371762127319 -0.107218373684728
8.27758926178422 17.7504559732125 30.3165043488394 -0.870213895737899 -0.0481681567313818 -0.49031378151321 0.471952755223543 -0.367091631004493 -0.801563678869841 0.613378294405589 -0.627236424621038 -0.189356018557741 -0.466276010260543 0.387346768057128 -0.087472831257507
