t = 167064
b = 30 30 30
E = -0.801685390984349 -1.1513842211443 0.349698830159955
3.52499900768417 20.4282845308592 29.3191741285693 0.455478808725772 0.889239865152899 0.0423263159818313 -0.466402039140508 0.27885379721502 -0.839469890862281 -0.238710122475683 -0.16444103451464 -0.420278131913573 0.203495499048305 0.0938279024652326 -0.0492938464153714
3.17946519985623 20.5659731929499 28.9917904243196 0.944224913584202 0.163442443848081 -0.285877386506627 -0.312305705472197 0.169167840447696 -0.93479804668591 0.197381217172414 -0.167728054046931 -0.376412328134445 0.573827002506187 0.17660222172876 0.0806578987758489
3.0335666309731 20.9147581885766 28.6728325599228 0.897525398460973 -0.328946575179231 -0.293670410146013 -0.226602893158625 0.227254654005163 -0.94710424507819 0.613543056625865 0.00759906141989236 -0.504191828066624 -0.283743223703541 -0.17482497917182 0.245781166650432
3.12430196017014 21.3868655438798 28.2033659115734 0.468055262701885 -0.857828815768813 -0.212259261031742 -0.198628520150797 0.131923312160556 -0.971155471946331 0.617822252591216 0.166442744795738 -0.10514909592789 0.0643548312379276 0.281133995275516 0.0259651386274928
3.31376092010068 21.5237937299938 27.7427000650434 -0.150100756154606 -0.985932314189201 -0.073533902652682 -0.376165606091172 0.125734306370284 -0.917981656132434 -0.174934871892369 0.357060013711501 -0.369173951029075 0.209274884885065 0.0703616261173345 0.2067109839073
3.41637732642702 21.5484114860829 27.2419098694983 -0.615705169605601 -0.752166261960208 0.234846883074381 -0.522524557979095 0.166647810818596 -0.836179761449737 0.568433534988935 0.308030137647444 0.310535406769021 -0.0741323846616797 -0.51640929860847 0.100282161244229
3.42901411694409 21.3703513532572 26.7680909787187 -0.897047529635576 -0.20503148142124 0.391494343766189 -0.421815538407711 0.13298892013107 -0.89687546442089 -0.0851679214098978 0.124142532342271 -0.837370114695694 -0.215716520463715 0.284737811767739 -0.0272353079361582
3.20830912271425 21.181920534769 26.2920754003306 -0.873469444980839 0.0695215069142706 0.481889913529257 -0.486216389649455 -0.176171158894959 -0.85589563920484 0.0628918814170143 -0.406996977808218 -0.355594990974659 -0.477214876870843 -0.0103614247195506 0.0293597366203995
2.07074600509862 21.1971535715816 26.8556417672636 0.926509149291494 -0.173409655766433 -0.33393096227533 0.349972696980439 0.0711856370322241 0.934051238663359 -0.754820332697702 0.465418760204677 0.290375403535219 0.284110958692442 -0.266100421250895 -0.151194579550107
2.41158591276105 20.9013278829794 27.2180724087664 0.840129528745569 0.414826384599529 -0.349430172666625 0.449095861019957 -0.170782240612815 0.877009882444888 0.576896108647205 0.634939508944644 -0.38607873836734 -0.357821681582803 -0.123663501888057 -0.27294712235436
2.76172183136105 20.5479781646542 27.427679237586 0.49717698967808 0.844092106941021 -0.200807260661831 0.580793391364525 -0.151829573242097 0.799766726762513 -0.284033396765859 -0.073758017459773 -0.0985527501677764 -0.227588234279649 -0.194671824084976 -0.3242105754739
3.15582312520715 20.3368344941527 27.5612027718661 -0.035811788253879 0.95979469604959 0.278409154406145 0.570267583716381 -0.209151287377824 0.794386947243272 0.287739884251434 -0.168989880994655 0.39857301593249 -0.641101524924547 8.08759039946013e-05 0.181565352212469
3.68701137111747 20.3886978691548 27.9122383047086 -0.499634965792819 0.812703603372536 0.299796187471583 0.503294330918669 -0.00932672246370031 0.864064713267015 0.1010186545739 0.152027247385525 -0.332060863951191 0.497117838080468 1.05735378148416 -0.517843103391827
4.0546289004144 20.7207777655267 28.2293525152062 -0.855814448040478 0.350909095230079 0.380058465778591 0.3787666477993 -0.0752936221614225 0.922424358403824 -0.500747364161322 0.11918233639869 -0.1997719867452 0.189814908628658 -0.0389454260818858 -0.037261431443445
4.18351937340215 20.987074915751 28.6411113379919 -0.785085346894122 -0.495349598715704 0.371846437584553 0.366774104980283 0.111978280737295 0.923546220044797 0.18299026012394 0.289285148027727 -0.408477845523372 -0.0682402619700446 0.00537899028325616 -0.0084807745563862
4.17997857638631 21.3697480484691 29.089082596158 -0.46757738257634 -0.868634549068139 0.163845694079051 0.00249068690988097 0.184060456993399 0.982911768497098 -0.477115706361791 0.658066654538663 0.131858300068428 -0.0667312178120067 -0.407367729199159 -0.157054488938547
