t = 659391
b = 30 30 30
E = -0.88260673592606 -1.31827169322998 0.435664957303916
-18.9156396036369 10.1088900750952 -2.11859499585075 -0.183870392822923 -0.836157597596533 -0.516751536644782 0.842961951820553 0.136262992360258 -0.520430153522965 -0.0786918504677181 0.36165488390855 -0.271751660187145 -0.142736860155332 0.2718745394599 0.591475985960998
-18.4643387731799 9.87562431054426 -2.17448470154765 -0.551399997606414 -0.287577629607656 -0.783107367855061 0.805146844327677 0.0622950745226677 -0.589794780206975 -0.559833138301829 0.292019338478625 0.201157123215954 0.330357858526114 -0.282495393328211 0.237266824491178
-18.25432197653 9.55650980279077 -2.46468856613662 -0.414778470411949 0.55662749530302 -0.719808760682588 0.840787969557174 -0.0680019080187535 -0.537076652586714 -0.187892637320118 -0.292126712647466 -0.100587432781908 0.461548947722474 0.280878995833491 0.120834339167601
-18.0414442888275 9.39767381585238 -2.93567795818307 -0.349929683533404 0.899720123810135 -0.260869537112504 0.754634187024505 0.105741554992749 -0.647569276079092 -0.0115304322924104 -0.344449172071179 -0.789952188983367 0.162397623278701 -0.655811301712965 1.01797639215465
-17.856436431336 9.45553264029751 -3.42902420602845 -0.110555410186415 0.963535383569943 0.243674097694464 0.640405596738929 0.256555992645986 -0.723919673929989 -0.049742293389091 -0.0652572780767217 0.018231781254148 0.208758209297664 0.21340591095054 0.0729932563624146
-17.747328638316 9.63956242163075 -3.88003213226569 0.347749263017035 0.657445832237746 0.66845749883171 0.76057295249557 0.219103881227296 -0.611164685795325 -0.371798849506537 0.483468657268577 0.059413108921596 -0.312558718708311 0.049260268998274 0.091129876027431
-17.4410006026239 10.0118233948595 -4.19632878480546 0.422886901312977 0.132525611287387 0.896439418505687 0.848720399130552 0.288738612477971 -0.443061731324161 -0.28009321094694 -0.309556297448683 0.0523109147238934 -0.356399866120767 0.18322450000849 -0.629861628358318
-17.1008022860011 10.3866544200733 -4.34129957975286 0.441925851318592 -0.552372005342426 0.70681448036266 0.893916753163562 0.205356552294988 -0.398423800547881 -0.0712051158196582 0.407759776605225 -0.023143386939844 0.550264465479689 -0.764603951141821 0.720517967596645
-16.6265966536206 9.78420544977857 -3.33604773137976 -0.309800637583609 0.548051195502571 -0.776957818714083 -0.878548419507256 0.147457901614577 0.45432239855929 0.340636062260897 -0.505528866329447 -0.166112689506817 -0.0962227046855086 -0.233401723535443 -0.469865942967137
-16.8753599266783 10.2525412330021 -3.20546425219076 -0.541812560908522 -0.2881316233156 -0.789569070118146 -0.82364234078631 -0.00518416353879448 0.567085900823202 0.170780721734252 -0.386365636478015 -0.597781196538561 0.0601757603153689 0.800355398120552 0.230312404293643
-17.4295734062496 10.4462793648969 -3.08372167022068 -0.269141407289594 -0.613668091129715 -0.742276482728225 -0.840811668150024 -0.226141540337326 0.491828976816741 0.609103252003072 0.296799519871516 0.170126509777405 -0.214107903253368 0.146794361824986 0.211501336100352
-17.8719311321903 10.574159000789 -3.14113860101251 -0.0760805647774977 -0.952118745021821 -0.296110862754494 -0.963520412655543 -0.00622086140771941 0.267562544612336 0.04427406814022 -0.747354736580514 0.441047273587237 -0.170196554570361 0.22992851552406 -0.664819017240267
-18.4328201881742 10.4761973495742 -3.11737795376834 0.291830629691313 -0.956464713568801 -0.00318359414508996 -0.89657912959856 -0.274714985920741 0.347386731005788 -0.116890779864454 0.0409904251473508 -0.101693723895801 0.0784322170557461 0.327192549384379 0.132495129432156
-18.8633715907947 10.222688260199 -3.32105708340839 0.507568417828892 -0.561975887656653 0.653113621749833 -0.8403889180079 -0.155698111559983 0.51913829038721 -0.35194859396057 0.480096523684577 -0.0366413224600034 0.393438252295025 -0.424632292796867 0.715271634281781
-19.1642977399856 9.8404809499187 -3.08603856299866 0.623454883752535 -0.119862850486901 0.772616919953374 -0.753104462550917 -0.357592371387329 0.552233070733239 -0.513760240629598 -0.381721994097643 -0.468248819105526 0.726931472443083 0.097773796098787 0.161093462665225
-19.3837234005162 9.40642821395003 -2.8598856798273 0.385345345947476 0.558918840409981 0.734247025320088 -0.855276224314733 -0.0823904786074589 0.511580286129939 0.358607603131576 -0.599868805921246 0.157248007442665 0.141369672374306 -0.238063080600783 0.30597004235289
