t = 264025
b = 30 30 30
E = -0.755527185506011 -1.08040806544944 0.324880879943432
10.8562935339076 0.288901383769277 48.2256044197623 0.84818560140153 0.513763223328212 -0.128951680603832 -0.415185930293689 0.493642231287911 -0.764158354515146 0.227887422289644 0.0368073685471541 -0.0216856960389621 -0.0147111228888019 0.160050436467586 0.982008727213457
10.6896415632913 0.79002393222899 48.0021533302409 0.87528332836205 0.0303762366585149 -0.482655549370254 -0.422579316218729 0.53336308870039 -0.732769088537492 0.00519237032521315 -0.196782130240499 0.206675186815995 -0.112098040242631 0.347674410001564 0.0982532014897635
10.5484520393944 1.23663316118186 47.7188734064291 0.609511179837152 -0.589413027422676 -0.530177710544281 -0.309129205500996 0.439122328204055 -0.843570219471382 0.10784356777335 0.019745001367642 -0.430071093178518 0.361669682295253 -0.313024015242229 -0.0446042165598145
10.5839383441895 1.62480049695663 47.2909173252538 -0.0492594765269381 -0.914693368325723 -0.401135321198817 -0.365377969612217 0.390287313124112 -0.845088606322692 0.162027166914185 -0.181180413176745 0.513630079962309 -0.228657696896321 -0.0754439647567673 -0.0421511119971892
10.6074611870427 1.69585151368475 46.7833903656477 -0.467478944309576 -0.883000829801377 0.0421066645235206 -0.424026184490861 0.182184388909603 -0.88713620335536 1.05297771882165 -0.208466293129128 -0.0140870924398751 -0.324302513729883 0.547847033513256 -0.286110095724234
10.7091356907661 1.61076406484639 46.2690893652613 -0.769596685228279 -0.595869418625165 0.22947892720893 -0.25279133522714 -0.0456987133045739 -0.966440980317168 0.235726611140317 0.389164020095443 -0.0237757054153155 -0.311128981518842 0.337578478748012 -0.426041357132992
10.6635532572748 1.20735504733277 45.9218446430826 -0.94048264417424 0.30553880935626 0.148789892076665 -0.204291782278267 -0.158410964279447 -0.9660076780697 0.0570121028219436 -0.0626088640993226 0.20972430664373 0.138257028748209 0.130315124689084 -0.244385728476651
10.3708145530079 0.896869890943802 45.7236926906428 -0.497523454536875 0.803234911170915 -0.327542500542995 0.0215511303621185 -0.366030038759963 -0.930353459447262 0.00559092030972786 -0.0852980162984485 -0.217336747793228 0.0294634888166003 0.425635426477694 -0.065414373397841
9.52626775735673 1.43620052305022 45.7945935953755 0.56776660804889 -0.773691238099155 -0.281145775129608 0.319741741053304 -0.10744590274747 0.941392902570964 0.275443651273485 -0.251310251770837 0.271690727326895 0.540491703075097 0.0970081248942958 0.0146070552831525
9.53497622663377 1.25192594447266 46.245313182594 0.898888573333047 -0.181400884142992 -0.398864703832525 0.398280370343691 -0.0412576357838722 0.916335393886126 -0.252747263740772 -0.158502991655125 0.383509323541465 0.466090082055951 -0.337612359476837 -0.584125740250529
9.69125085150847 0.914645615965402 46.5312236506162 0.853206146274222 0.405936129156674 -0.327498291606492 0.437945177996142 -0.216549013200139 0.872531114603925 -0.0886068461232691 -0.245269963770563 -0.607539214762835 0.231526899606845 -0.152449030185563 0.146736201564473
10.0388665958316 0.649040594909965 46.7256252865287 0.426147169016015 0.901715459572506 0.0728547891876535 0.435855877440835 -0.275217992922131 0.856904143105985 0.17138004783278 -0.299756974383973 -0.0686588158287808 0.227839212299132 -0.409008007288453 0.21780729362784
10.4841167636727 0.479501426583369 46.9346864536171 -0.157759082648885 0.855083248119538 0.493907593206567 0.391408969694986 -0.405054233936383 0.826274824748122 -0.417540120101343 -0.154728530706261 0.0145894921714341 0.126480001398078 -0.255390077212237 0.148725612335796
10.1885619232567 -0.461632824576878 45.783114001845 -0.411793389993426 -0.854578163766075 -0.316421184455014 -0.79995764535225 0.505302910400691 -0.323630552301667 -0.00653183954656404 -0.642694456017261 0.269371500267855 -0.734211042339744 -0.100786984607468 0.555814699910674
9.97736941338588 -0.206224568105478 45.4339970860953 -0.548452888937376 -0.630294169464076 0.549480380501273 -0.810865495882483 0.561367515193042 -0.165419649598315 -0.0914867646425619 -0.334818470834821 0.0938733112653534 -0.298983325981158 -0.433628101893328 -0.207464948297169
9.41831428772132 -0.119774766801534 45.3198108405133 -0.254108056951439 -0.417005090724498 0.872660214345903 -0.901005537658333 0.430066039360953 -0.0568526419561527 0.0818664641810804 -0.757516292244604 0.0913490918033695 -0.658790031562923 0.0666290582880322 -0.467037237919495
