t = 913903
b = 30 30 30
E = -0.941635499445628 -1.3101311624148 0.368495662969176
-9.90929279640756 4.3920027798404 32.1313520201089 0.109171160745313 -0.977329964156033 -0.18140506835343 -0.101885617707552 -0.192536618049071 0.975986153392878 0.0997934493675676 -0.485638283241467 0.0774937385291298 0.00699603979537523 -0.110189511821404 0.508371594342195
-10.1861681627169 4.16768149752578 32.4809815371583 0.595350831977305 -0.767541471192832 -0.23756573166829 -0.07132939452821 -0.344999090050614 0.935888746240952 -0.154183394154114 -0.352761310472901 -0.603866815330726 0.409235237630861 -0.330749276350592 0.338073900681852
-10.2706080768626 3.77828586365114 32.8381300573332 0.94440791403714 -0.239663649920363 -0.22506671635501 0.0449413810821217 -0.584029745769573 0.810487216631292 0.180805336353165 0.367378184131727 0.414925850830266 -0.52953837583994 0.0432986679140855 -0.320904368221299
-10.1439311992953 3.27588439737904 32.958549778038 0.964435206825992 0.262081853521469 0.0343195846312725 0.187053781829246 -0.768471881365888 0.611932880513334 -0.478916548237467 -0.0303453726441984 -0.191270781301084 -0.368494334833372 -0.108673990535754 -0.483365232881485
-9.85636116757313 2.75977121341556 33.0615010588476 0.645733258515732 0.704380118536436 0.294749397721652 0.484324743845354 -0.676266436487186 0.555061482522508 -0.149245194288708 -0.472566883662941 -0.0859393202968879 -0.205165978274623 -0.412241162030391 -0.142827320231191
-9.38738453099753 2.51220910599562 33.0746348883457 0.0868461504338448 0.652446421429839 0.752842223389618 0.586576775470395 -0.644302885120548 0.49071527254008 0.563238433374916 -0.0621243817150676 0.0979128140480109 0.0582932944411728 -0.367647622111226 0.0527583147604644
-8.91197638383587 2.2695195125461 33.3561592524707 -0.219998869860387 0.637513270335715 0.738361244517893 0.646013276451038 -0.471931221927867 0.599956472103328 -0.381418539725869 -0.718392863503226 -0.0840772291853377 -0.20682875176282 -0.163739530356259 0.474767989936733
-8.52158442185648 2.39884062304139 33.577713946693 -0.532484249058365 -0.146185528295594 0.833720766097184 0.803321288086967 -0.397642677672857 0.443345473642664 0.689488994640328 -0.201944640652622 0.391195795248544 0.0236929919182049 0.957492910633048 -0.118281056416056
-9.25549966097488 2.39218516027529 34.4223939324272 0.85765741083549 0.124173674779523 -0.499003671460113 -0.430024054695384 0.705297527674815 -0.56359090645531 0.107803168909932 -0.378485535091887 -0.573506855806477 -0.351560840545274 -0.104828467735003 -0.0907241555847407
-9.24689961840522 2.91475215311729 34.3642456228943 0.289849473308977 -0.498208261282239 -0.817175508206559 -0.477939906584447 0.66439673236933 -0.574587180252947 -0.31376524749756 -0.415598655035146 -0.0127465123248371 -0.00406448438425308 0.282618990275536 0.146153622662474
-9.25479171029706 3.3417466080822 33.9509383993209 0.00456685297462911 -0.718989572304799 -0.695005855206201 -0.289695666091427 0.664258238871752 -0.689084474602984 -0.475893149865556 -0.225915180459895 0.252059745787637 0.351962916596888 0.147637508325787 -0.425048785156287
-9.13388741965236 3.5978209449547 33.5263407287243 -0.68760163672325 -0.660566198337457 -0.301423766132542 -0.301711229955754 0.637533038612188 -0.7088878320274 0.0940195878258789 0.594215532487013 0.405083729986117 0.248302308020619 0.539856808762049 -0.184311709264869
-9.04229357430295 3.70680540278102 33.0036272605798 -0.92799648233031 -0.372581096296823 -0.00241980678127456 -0.218001618208222 0.548225695033735 -0.807418034083591 -0.111095155743379 -0.0294719738412291 0.218191787523854 0.351014370258828 -0.548713264258131 0.192714586951654
-9.12895091318905 3.67673165190121 32.4926854649919 -0.914259245804515 0.018942983961983 0.404686538965089 -0.395957083673864 0.169575715815272 -0.902475520163406 -0.151820548055757 -0.472604486138472 0.0521801531302886 -0.343671832567166 -0.219642310404712 -0.23562627059099
-9.45469815945264 3.35577374144888 32.1599919030629 -0.637595456328303 0.664008427171696 0.39059549756036 -0.482998986128141 0.050432884603349 -0.874167320110822 0.0999878570723803 -0.11119850135821 -0.0640611221559639 0.397823629096504 -0.900241369480697 -0.0218828860792899
-9.78987688760016 3.21101513924278 31.7622961217048 -0.115844647331894 0.905673052272232 0.40784352400454 -0.34587895273697 0.348126365109104 -0.871306940159148 0.657941043220345 -0.624926176094541 -0.242092030675837 -0.0151352110882222 0.139629611624348 -0.0158274999296497
