t = 666822
b = 30 30 30
E = -0.903830623197261 -1.28740659016926 0.383575966971999
7.73535476473307 18.5814861557764 23.2290844499396 -0.541803666694581 0.335912893990385 -0.770461754019817 -0.175139528536102 -0.941663966233678 -0.287393667712516 0.0697434019300509 0.461552066247264 0.521711390418187 0.176524496728659 0.369473270508273 0.484216576418042
7.42673188117515 18.1435437622716 23.2313685145883 -0.136556690500113 0.312080549363884 -0.940190406773213 -0.447046280155965 -0.866360003229364 -0.222643140929961 -0.404796352050795 -0.115124002221515 -0.461097460214601 0.285529256431733 0.00193575526753169 0.253881268298707
6.99071596042011 17.8184166338516 23.0672863506589 0.481045762155236 0.220314371077505 -0.84856146071408 -0.341627822719706 -0.844290517225372 -0.412872805191978 0.0710616729391772 0.575133089724857 -0.416595915406048 -0.168845651980268 0.182606759587416 0.143674780746853
6.60565233538214 17.6576372268186 22.7633509312272 0.78662442869203 -0.164646160305555 -0.595074491203884 -0.533779023875692 -0.665751329523738 -0.521397277426434 0.128381371358653 -0.000303322757234323 -0.640602720057369 0.330924282284771 0.4123058678253 0.394403077053744
6.33083167087015 17.5331977589297 22.3154643218415 0.853792027664085 -0.518331503990413 0.0486993374521783 -0.416500265537137 -0.736176367768121 -0.533452794863121 0.272686176179029 0.062204281112214 0.141077873820406 -0.10118645216488 -0.0287969271485023 0.199935654753825
6.37913878176156 17.1445591856561 21.87732757945 0.57468364497354 -0.558112787907362 0.598538907819888 -0.344245257202009 -0.828380695650658 -0.44190567541873 0.163238037334495 -0.037306102572439 -0.374431224984728 -0.146751923619999 -0.290631003327619 0.0622305577804682
6.441023103452 16.6916123695532 21.5518335462768 0.094310292049914 -0.402950459533919 0.910349655887718 -0.255581416747299 -0.893577654697534 -0.369048932309443 -0.183101634746203 0.17071359684244 -0.490171407949027 -0.0817883515067088 0.265242133882678 -0.3068268063918
6.61361488578674 16.2820732630858 21.3508933623092 -0.472361852438275 -0.304102036255853 0.827282437808347 0.0470154099731357 -0.945952455282277 -0.32087926634557 0.508369791562019 -0.426281954866391 0.183833162087699 0.00647160472967832 -0.0250378081188039 0.0459715181521876
6.24826093727587 15.9767013448825 22.3767207355985 0.322220673193303 -0.00320513786908951 -0.94665915981316 0.645702500308162 0.732015989392889 0.21730364094731 0.00519402650292261 0.76324640933278 -0.0950988789333345 0.457260514550786 -0.640976759091016 0.183456686255822
6.72667014815578 16.161117850802 22.5969123705676 -0.225129672772721 0.44663724885337 -0.865928287084973 0.408781264615726 0.850038308995641 0.332163741156316 0.382529523066853 -0.443090992028996 -0.077910162449199 0.990526481973832 0.259849948391539 0.858680991741012
7.12941932672174 16.5898962734904 22.6327840792984 -0.551408029917492 0.404774732749783 -0.729456373109363 0.38371714353033 0.899474930099858 0.209059809343553 0.166861093084019 0.153172615121878 -0.464356087223563 -0.0578599797676598 0.282415514639203 -0.734044985567244
7.36981669379602 16.9121915759302 22.2522479885011 -0.882085509238734 0.468506010006138 -0.0492673622111028 0.437752003796984 0.853810874196917 0.281744874442935 0.348050600412308 -0.0219059416371886 0.510151301357045 0.633484198353154 0.272480408539879 -0.164159922035036
7.57244178505832 17.4489202140262 22.1250539729559 -0.831839614264901 0.237799227815774 0.501492156857698 0.349814146220647 0.926133772742353 0.141089681018565 -0.235838856015481 0.545314385274728 0.448414735490731 -0.0313956127551834 0.13141068400246 -0.25866090382848
7.52644753029547 18.0523492927326 22.0404574928416 -0.58123393203423 -0.0800089919182959 0.809793601767928 0.170919064231761 0.960951322593138 0.217621756928569 -0.108285914498058 0.370485335322866 0.248448076926755 0.306892074079259 0.734506455441359 -0.0569335328735711
7.36964854508553 18.5278521159653 22.1355995463541 0.0834539561284933 -0.387843926578355 0.917939282209241 0.193099893371875 0.909986835225881 0.366928318470189 -0.0209870459151434 0.0121140143893126 0.199389275829267 -1.0213572542732 -0.152827120571725 -0.00765755997654144
6.99709889302991 18.8767854087345 22.3573350160896 0.76775538625935 -0.167779901277901 0.618386264075311 0.125378620415931 0.985789516854833 0.11179995528519 0.15748545084925 -0.228869101558902 -0.138409705798269 -0.168668376357404 -0.157793782523349 -0.34341359372906
