t = 3481
b = 30 30 30
E = -0.902061433039145 -1.34261736460562 0.44055593156648
5.10345131207037 17.4255040171375 15.5907242348049 0.0337672360997352 -0.695853342419662 -0.717389642808963 0.231557425788461 0.703714642007606 -0.671689557151464 -0.267819184050273 0.871565221744122 0.0821824682632485 0.383109490397286 -0.374860249046767 -0.00731761919328357
5.46284948167507 17.5123235587036 15.3132184086846 -0.600957029583393 -0.376591328981623 -0.705003276254911 0.438136262628895 0.582507293554704 -0.68463265210269 -0.0227364522501762 0.21777157638192 0.335958712157834 0.256648064920818 -0.421399575240507 0.0829715883970003
5.81795881388229 17.489993985101 14.8872850581986 -0.857961616964683 0.0779750615630039 -0.507761512513106 0.439513000991923 0.623122428597202 -0.646951900018997 -0.0586576930365828 -0.253858697759622 -0.101867758532054 -0.69297421920138 -0.110255971584229 0.384439375158556
6.03476855808548 17.5716079370954 14.3968786212579 -0.861217481531485 0.497981824725884 -0.101580272431443 0.442405575760172 0.636160531395255 -0.632121099814914 0.301901932902629 0.973364936244814 0.330323937924159 -0.177683039361688 -0.431629496477953 0.170017966499704
6.09164899388312 17.7594986579557 13.9870924098254 -0.426087640710935 0.791213112203139 0.438669731701662 0.359071697966783 0.592964382526582 -0.720736260204879 -0.136256723750439 -0.298978197684867 -0.148012557219867 -0.0726303213123956 -0.123294952179606 -0.0429569436730247
5.93481536989179 17.9831412052198 13.5456679429658 -0.0370267616655938 0.75817829963139 0.650995149665968 0.152740336669008 0.648081265539817 -0.746097220749782 0.280723053950433 -0.287590588513034 -0.423031258507214 0.442764588487268 -0.133844772295624 -0.431430159899038
5.6948859062162 18.381811064535 13.2853612672085 0.536693894497004 0.407365599180612 0.738926878800505 0.246204314095048 0.76202247677748 -0.59892001186043 -0.588406740167326 -0.118776969335108 -0.517172091657233 0.584021206989838 -0.167062183727181 0.101487479607337
5.60488040234172 18.8643944963431 13.2361151884485 0.983078915463644 -0.0900127963685292 0.159541663714368 0.173154223353295 0.740839992030591 -0.648978983591174 0.212855491826532 0.230988681667884 0.283286890615614 0.498242094697784 -0.24838743460993 -0.51732381963373
6.78285910584722 18.9569986059356 13.7565509418013 -0.861844567717123 0.0993674048530363 -0.497343000301869 -0.496396494539054 -0.366338451531106 0.78701121919521 -0.432766830140786 0.124229094198767 -0.0252784461458649 -0.0909315884471417 0.216013414762782 -0.225037884487081
6.38178422780562 18.9494392031982 14.1926392954505 -0.539821389097305 -0.336247478582295 -0.771706227148718 -0.568119910166422 -0.530949662556239 0.628754501776263 -0.411104659996493 0.324528079150953 0.134473484468505 0.200394727985527 0.230286151477443 0.456565830435083
5.88747633861194 18.9094138505163 14.3381685732498 0.0791539107699613 -0.757994737625439 -0.647440063744863 -0.418423429626584 -0.614757766937191 0.668576638486512 0.108970871512481 -0.206142520187203 -0.567287594403093 -0.451305782389057 0.525593557134571 -0.0603005775456331
5.38413354790957 18.5772186090857 14.4021809956424 0.620005018981891 -0.646746590818533 -0.444198856033946 -0.431949130794885 -0.753990791562697 0.494891740327316 0.553547402291765 0.165254460200033 0.268563623895625 -0.430089410222702 -0.0589311346380129 0.396654461634033
5.05144715111282 18.2276697477747 14.2855764707203 0.840513750938191 -0.521293025667482 0.147615093653269 -0.53246530719056 -0.744464096757629 0.402807528824022 0.482048498748345 0.0137896380103519 -0.213394861295452 0.384693806076665 0.368788529696408 -0.256702194168355
4.79281761448869 17.672359045654 14.3546154247895 0.854793901854509 -0.146720078376835 0.497795745214275 -0.41034528688406 -0.778316066135533 0.475227152767346 0.33810987645387 -0.272133985838945 -0.277676050489397 0.2073248051369 0.240283329456844 -0.498357370925165
4.66876109576695 17.1127903789923 14.5586481873119 0.718882805769138 0.322117373936567 0.615993432576761 -0.236837557417599 -0.719636147747468 0.65271110474057 0.0714637750688016 -0.99883845074891 0.0288380990004781 -0.486836187547444 -0.37285060698314 0.911645355553056
4.79530000754897 16.6251789084643 14.8327572723425 0.228118343314583 0.769031633628429 0.597120061564006 -0.238664802008603 -0.550411990276311 0.80005359398122 0.325044906016704 -0.353316207501097 -1.07913342281523 0.284617036379643 -0.590174207584955 -0.00207248687156469
