t = 267880
b = 30 30 30
E = -0.935162253537071 -1.3036828414601 0.368520587923031
-0.035453208276161 1.93218932945242 28.1600649062341 0.711138660630785 0.598432766967002 0.368998683976622 -0.450361996115136 -0.0152748554158054 0.892715380872997 -0.138892816218927 0.496532443240916 0.268696578576727 0.288340360385046 0.289850004628517 0.584345449211629
0.0067806194958043 1.78359932849084 28.6124120278361 0.42036001345229 0.898094472518862 0.129320445102338 -0.227527721786066 -0.0336377363437555 0.973190443085274 0.0209834770344221 0.810871834581583 0.0430004642726072 0.159097639570584 -0.179519946691598 -0.190416557849468
0.160195893451817 1.72134217448339 29.0972249412802 -0.0368352677449846 0.999300614149229 -0.00643782658612992 0.11600899881078 0.0106746783826456 0.993190799109788 0.0855535092572108 0.0562973303502131 0.199669946979923 -0.459103251824207 -0.192092529856241 0.0386962764955144
0.393135043711652 1.83363513236486 29.4771075265492 -0.741559436289418 0.666901696361875 0.0730186951387699 0.144998501370917 0.0530541751948157 0.988008445861976 0.0945922677501851 -0.372708977575847 0.300549195763022 -1.19438278583912 0.323942724415373 -0.456386396285379
0.470995996481194 2.05765972660677 29.9754985985052 -0.97312748004896 0.184505540251648 -0.137770146221886 -0.0447449039177605 0.435385255236784 0.899131566065723 0.156333425740852 -0.522938877054507 0.0798316012129337 -0.0261431067766664 -0.0654682771591807 0.338497726934603
0.450383235182187 2.59222760046532 30.2974266117749 -0.874274806372634 -0.484693447900391 -0.0267548968328412 -0.218454883788988 0.343625759573397 0.913344842382305 0.515976209120128 -0.361992992596512 0.178863892281195 -0.00757785804032858 -0.0461829149897611 -0.364315917759175
0.211218985645558 2.8602199153076 30.5690792713329 -0.311806577819676 -0.916747582460694 0.249700877212872 -0.252210507082879 0.333232936855556 0.908485371325055 -0.572398183405671 0.356501052538006 -0.108425014102831 -0.18210209798981 0.0931515039783041 -0.466007423440509
-0.18864193012979 2.90309081259961 30.9323197434145 0.366520502198796 -0.865253053667067 0.342052444206703 -0.218396439194111 0.277355711800677 0.935615735480593 -0.227884769157386 -0.0538666326708199 -0.111863948937581 0.238287852221609 -0.284639796469642 -0.548319827946745
0.0888826372298052 1.82120844002973 31.0814291051298 -0.44611907573349 0.893309187383919 0.0545569977378513 -0.262044777164511 -0.0720912102999827 -0.962359284341496 0.237382984673424 -0.821208014072096 -0.458983988614041 -0.195330400312194 -0.156096554318745 -0.198563372815678
-0.291966198643284 1.8386467118661 30.7420027052213 0.400203727817181 0.914067584527199 -0.065707131712341 -0.205188933865478 0.0194964758367907 -0.978528174785521 -0.349007869904884 0.431409339195987 -0.333071106475747 0.143013320759848 -0.390345342289782 -0.120431455976908
-0.615167616885711 2.13958410063049 30.3821087001707 0.915473369056058 0.363938885523022 -0.17163041150511 -0.185675186479252 0.00367068386503179 -0.982604320775087 -0.184100650706553 -0.0804062297097745 -0.243882591540244 -0.123608196688146 -0.382009955481063 -0.398294195524554
-0.669341747623555 2.39505560350599 29.8902215357189 0.938718356577208 -0.338647528925906 0.0642315979666825 0.0566774127972159 -0.0321601108222558 -0.997874440072765 -0.418848513337208 0.143834362238073 -0.175517631934273 -0.83776592672084 -0.0124285109011318 0.0799979742440295
-0.411724043837345 2.72048810967597 29.5085591356728 0.582519405443376 -0.812599584553594 -0.0187898234481599 0.16308864710673 0.139495915768466 -0.976700047439752 0.259206085106858 0.697503273082052 0.0300612004405113 0.19441611242907 -0.0726237119753737 -0.472094190837828
0.0502173640353251 2.88805956202673 29.1658022645648 0.179687757088539 -0.978431324612643 -0.101904136173398 0.146381353260578 0.129031198173119 -0.980776962064063 -0.545846365204269 -0.543029201573607 -0.436846998113717 0.00233348098359057 0.429580625003826 -0.0729374663346865
0.466258231283303 2.90346883006107 28.7799350569145 -0.474922954501443 -0.832495239585625 -0.285306612883192 0.537755401204331 -0.0179032387568049 -0.842910791553636 -0.235374122671583 0.412999769220324 0.0676070181691595 -0.172002531088473 0.161596793533166 -0.217430059143762
0.813818396823358 2.73297533913351 28.4770513052967 -0.707431421274166 -0.676923236838835 -0.203262676410718 0.541942209146197 -0.334916021762063 -0.770798222826703 0.176407485451025 -0.403325697827275 -0.0564593415890978 0.0966166088671993 -0.0655940136435753 0.594018473623411
