t = 4970
b = 30 30 30
E = -0.922144535802965 -1.31885877246154 0.396714236658576
6.16506681870698 16.6362102468477 14.6893912908317 0.282082950079406 0.232524209578787 -0.930785529128092 -0.0468868302640104 0.972366636044381 0.228702317993347 0.150452945652472 -0.606546356262806 0.411436072803557 0.0152744656891056 -0.379668994473565 -0.0898708156108172
6.49447126344387 17.0813678107505 14.7798684806947 -0.204362910226273 0.124918036155913 -0.970892004893847 0.0871469026430566 0.990207753023732 0.109059723140187 0.399294654942355 0.202966940204943 0.0444817857479009 0.501459580352801 -0.0551535322693671 0.577599488446665
6.76566180665166 17.4875368213218 14.66968715331 -0.784728840781023 0.0578486499355161 -0.617133842976631 0.0258615894040528 0.997824081947947 0.06064882256256 0.655482269730825 0.190165123445727 -0.478415381828609 0.21927272002545 0.118457028339934 -0.329630516905069
6.83717357751009 17.9868097495697 14.3702773461113 -0.989062980217315 -0.133166466390855 -0.0634122495471031 -0.122260183156628 0.980703630570618 -0.152554372602449 0.352127015493031 -0.423983825607701 -0.198339907895637 -0.173503347366853 0.23167008655475 -0.516857601648066
6.75118180481417 18.3525295445628 13.9653316162875 -0.832424013744507 0.0371362308027495 0.552893445162132 0.00881538731273603 0.99851309096609 -0.0537949450773136 0.0366701744548963 0.0529807940289067 -0.152746097913161 -0.685904170634435 0.731348704495561 0.240581083483793
6.50520098327062 18.8441008316436 13.7618174695352 -0.45582020182603 -0.0577307850136628 0.888197669479591 0.0120387519414973 0.997403155681761 0.0710071368789655 -0.377422868652535 0.236638800393627 -0.24326838978869 -0.0972390381479671 -0.0143840337501047 0.185949313876821
6.28572981963624 19.3848976724152 13.9199546634588 0.0931686729806883 -0.172568003896685 0.980581400193855 -0.0249478428157551 0.984151387863314 0.175566656588191 -0.109287395978033 0.153719831068865 -0.478490212941065 -0.275614742314602 0.680250548377808 -0.540607246585122
6.1035751952565 19.793570954392 14.2236516094212 0.669756901014315 -0.321967031492737 0.669150897911262 0.00812270730593257 0.904238261662943 0.426951036736995 -0.348181362604237 -0.0411506723502696 -0.058441522655488 -0.202505310538581 -0.374198221233647 -0.239967613463091
6.70536905297095 19.4711082332076 15.1097665126094 -0.698877303058752 0.24534686771881 -0.671844795894031 -0.191910903727248 -0.969205846705164 -0.154305643912065 -0.116762156804741 -0.493152764715773 0.756772921406293 0.00904945595820496 -0.0379858221742543 0.37435722415621
6.30305146946609 19.0337928943178 15.0598237990103 0.0695246852893459 0.343551147644384 -0.936556953467138 -0.183042010518709 -0.918496324383307 -0.350514085993166 -0.172687264259838 0.245868583605422 -0.0273934483861828 0.231077099996867 -0.536454412237584 0.164445744152013
5.87834008513746 18.7066156847789 14.7527683130964 0.572267786253903 0.178488282467479 -0.800407092570941 -0.146849795711037 -0.937946363345837 -0.314152442272773 -0.0832463413396342 -0.28698517836592 0.743732846233348 0.17059807176733 0.649635979032183 -0.0240759253749093
5.63099188295357 18.3316597463311 14.5076553622358 0.938179578658416 0.0391419519439812 -0.343928751031866 0.0099629405652518 -0.996227880545762 -0.086201797188862 0.15655639112048 -0.248194413863314 0.186349355084718 0.253514349000768 0.585202825427294 0.162576244774307
5.62879266761467 17.8399039068191 14.299973189284 0.974409752619195 0.150662976704444 0.166812174169495 0.171053495722304 -0.978476004416675 -0.115435741354004 0.667665052841974 -0.166843344217125 -0.317113516729838 0.393553920973975 -0.107069439977406 -0.389452318505352
5.82467388164009 17.454092677499 13.9082569270693 0.802159735064373 0.177616839132004 0.570080711740194 0.330092309299118 -0.927490727378516 -0.175499338940185 0.693241906028726 -0.0345547064772857 0.0594131646982873 -0.354174481164041 0.565692508377668 0.449001384052677
6.1906667090385 17.3508362887808 13.6195728408663 0.314938075453243 -0.266673208344798 0.91087837200194 0.284644490168861 -0.889001010685916 -0.358684704463305 0.113592953633227 0.489575077469023 -0.114967079962291 0.331356652686656 0.501200735339626 0.185343263369015
6.58511906382051 16.9204136946207 13.5623346741601 -0.347043328145514 -0.22055647770001 0.91154581263602 0.394542820418166 -0.916095662644578 -0.0714471814718455 0.140163880656625 0.0807863893642516 0.0765757226658157 0.296016983053871 0.623000342603603 -0.71222834846066
