t = 275072
b = 30 30 30
E = -0.780221900953569 -1.25711737388725 0.476895472933677
8.08319833980388 20.9852232073983 10.4111270989867 -0.416200276988501 0.0990407425631558 -0.903862965690715 -0.905267494635897 0.0480677084379309 0.422114035020352 -0.129900254447691 -0.676858424844321 0.270949156339829 0.320742148820515 -0.477287270093868 0.864274710019329
7.76171923044166 21.3058750148734 10.4482961700017 -0.438929197974867 -0.62795047079473 -0.64266582715579 -0.894942933379268 0.24175977816746 0.375005807494898 -0.364233210530843 0.370799252304411 -0.0121803220666737 -0.253851022106724 -0.100165684466287 0.418954701290788
7.32081639032401 21.6010766609822 10.318827133225 -0.3406461538384 -0.928599890675465 0.147181659566023 -0.829282888469302 0.370518629314652 0.418336988829329 0.0235574267728242 -0.767795446176507 0.485249983254593 0.33937991870304 -0.178329380824632 -0.252959054507383
6.89527536973384 21.6275269956455 10.112569166998 -0.129579353241909 -0.734091444019063 0.666572533961177 -0.88119280029014 0.393487290755894 0.262043890847302 0.156169979820566 -0.626375105137608 -0.130737851628347 -0.350406113542051 0.499434444282948 0.236812374314639
6.38930785445975 21.4925502085052 10.0327271814162 0.239489757861356 -0.138346254790885 0.960991659518876 -0.854180393982541 0.440501455550815 0.27628666669503 0.54434133460919 -0.136358948087532 -0.0130462288830865 0.135002667335654 0.796846020622253 -0.291055523685583
5.86905914643111 21.4317394440235 10.1968068131034 0.443313767448168 0.16385904329708 0.881262229714088 -0.870319493930875 0.313968551412474 0.379430793700007 0.4760832902583 -0.155597292426864 -0.217097950710251 -0.13812242680962 -0.416189154081833 -0.0194584792458103
5.39829688565257 21.4111047672349 10.4324420930988 0.585786797154309 0.570741401765932 0.575419916747696 -0.808412376568314 0.360973946718948 0.464937887465948 -0.0367158923183913 -0.0128721098930805 0.431624597918543 -0.2938839934203 0.39594971873726 0.607788091682076
5.13016729751154 21.3952020739361 10.9201104901592 0.426091683694551 0.904321635958236 0.0254608684883233 -0.759305218178731 0.342180144655408 0.553505496133632 -0.438587268269377 -0.156229542738197 0.475543718885648 -0.292394486316738 -0.0984553779703727 0.471322295729156
5.6747634022732 22.4327371053514 11.0513349862893 -0.521038775748544 -0.828895409026772 -0.203595174453554 0.847355402042446 -0.530983220563189 -0.00675589444946596 -0.572021242864118 0.393147298229857 0.0506831788790313 -0.251912492102798 0.704744262004864 -0.229224733657401
6.07770018535221 22.082279947362 11.148851801891 -0.587251083103733 -0.596404343900184 -0.547209305449471 0.753955200927253 -0.648992125163104 -0.101787899433071 -0.194639163176174 -0.503186100041556 0.447575032189928 -0.243254925449108 -0.319518786838445 0.173718702879163
6.35631869338137 21.5743208798032 11.2416374264422 -0.340756879659718 -0.0736226743181677 -0.937264344137151 0.787287698184341 -0.567249823961765 -0.24167274878009 0.1873997042331 0.502635439984032 -0.054348435942484 0.799719724070436 -0.184466047820453 -0.420156749076398
6.50533927738404 21.0753569420008 11.1667865907463 -0.177297306407486 0.261230581965151 -0.948854176460661 0.738736784756083 -0.601697696844648 -0.303690375975441 0.391331883333065 0.157670950637864 0.02379179106054 0.660409768291721 -0.172060294350775 0.465101878278013
6.76358797217488 20.6950324973921 10.8831201925635 0.0502007981494037 0.776062609575436 -0.628654679362324 0.62703564080152 -0.514423190540461 -0.584974432089813 -0.43523461918633 0.0052723420883919 -0.258392665675516 -0.657572183255643 0.0755965975541581 0.233108483424461
6.90474525829981 20.4850288448458 10.3279620140113 0.251129533450182 0.962802741793877 -0.0997238077053476 0.754783946873185 -0.259282322001073 -0.602556114432725 0.490032590265883 0.516880013538779 -0.637939798404161 -0.325144734918668 0.261545531801481 0.225523042610689
7.20671193467484 20.445477024333 9.94381383659401 0.43325396418235 0.78435483355023 0.443935240329788 0.800652253501659 -0.108793836819064 -0.589168795875073 0.533588251369797 -0.38400381379018 0.103349902913549 -0.180048462885823 -0.420038944571171 0.472636078047179
7.51314215888317 20.6348959415588 9.43014788150687 0.380498752042162 0.44149674502572 0.812589271296398 0.922973197376109 -0.126375895740855 -0.363523878034209 0.322693834034862 0.350801409125121 -0.466820938231943 -0.872086830486434 -0.124770376459378 0.588090203395077
