t = 5308
b = 30 30 30
E = -0.868428119260588 -1.33901912196724 0.470591002706647
4.99740371478174 17.2034242936837 15.5585400981583 0.954085270458271 -0.239397754554578 -0.180027808431884 0.220132046115457 0.967987715062087 -0.120588829341294 -0.0466586376624371 0.228027388866259 0.279427045225054 0.124298045241034 -0.48684940752112 -0.553150626242406
5.19156031638856 17.5749755288737 15.8433224180536 0.581117481397233 -0.174853731211396 -0.794813591665355 0.286887904326646 0.957963646266712 -0.0009913538435203 -0.589503060523247 -1.04519214731079 0.369132669757133 -0.180451532802845 -0.0592189008493718 -0.0547753604299642
5.4923135296077 18.0378498824359 15.919848555067 0.33601109058405 -0.336826076764839 -0.879570770896647 0.355045723124905 0.910271992035689 -0.212949371931678 -0.219624154415246 -0.216901669235034 0.0722561970571213 0.24005708430173 -0.104082864007031 0.809886968716371
5.92875418253918 18.2292830154264 15.8542873553606 -0.393331376485889 0.0829578958982197 -0.915646446932356 0.353275658268003 0.933101437446896 -0.0672161938065831 0.266577526647514 0.294773841194714 0.0781229083903958 -0.290138847262348 0.217609643801173 -0.308279637850465
6.25457726414606 18.581604820437 15.6466744632217 -0.754127345897172 -0.00544764007860427 -0.656705618513848 0.391216681255928 0.799448737576001 -0.455885099882893 -0.87450572971677 0.349217603543849 0.0392483533583748 -0.102305295312803 0.0714616597387375 -0.612043332452704
6.55663965680841 18.7313843103339 15.3006830289312 -0.885817605388548 0.464007472890742 0.00492291430390382 0.449115673092296 0.859960167353284 -0.242412092826575 -0.216841995501238 -0.177550375011007 -0.150002123487157 -0.322988136205596 -0.258556639620588 -1.10367894323544
6.52765185352229 19.0449717779135 14.8901730752889 -0.73717808250215 0.436970947184202 0.515388073198627 0.320836253342465 0.897642801588175 -0.302161379560832 -0.00439283011397893 0.101072839417588 -0.14157086176156 -0.0447888230570899 0.354719294847942 -0.309056326104055
6.63394500375693 19.5099515981383 14.64933432553 -0.346960535770483 0.116102338758679 0.930665693765828 0.297944389350169 0.954549659166192 -0.00800556309495469 -0.040162093373635 -0.282190796257231 0.202547711938979 -0.326609799195004 -0.463039195918638 -0.690797685657655
6.03220629353582 19.7337977547399 15.7647793755369 0.255732431100116 -0.00978838921920469 -0.966698045472383 -0.447693561996527 -0.887463613384738 -0.109447747646837 -0.44638590240218 -0.350267054357772 0.76453243907244 -0.0303681485528044 0.0897838071555543 0.643262282505271
5.6035914087478 19.501810247351 15.5086382692456 0.787600578636385 -0.366775705410799 -0.495137264253092 -0.442478313166474 -0.895877214324198 -0.0402114316093371 -0.480618961940856 0.113806363566038 -0.418083076144413 0.0388864904073969 0.128520195598884 -0.0176164219811435
5.36891437224357 19.1082581092669 15.2583535594079 0.978114899655845 -0.206914273421608 -0.0218569560013999 -0.208063223732054 -0.973181535071248 -0.0981192882495357 -0.309875541393505 -0.127380593600827 -0.403812742936732 -0.381266355333738 -0.00208259534564409 0.331166256446591
5.23904089677415 18.6630457878791 15.0049069590911 0.897198828337485 -0.0913596231373519 0.432073699373198 -0.0491349808820715 -0.992944180424211 -0.107924085427672 0.35368340593492 -0.312105060014899 0.254081443802878 -0.045573183967643 0.2976595807558 -0.77628555042391
5.46773569321632 18.2978107141867 14.7400502859856 0.453936464570362 -0.0994226238696234 0.885469834605472 0.0623350970587375 -0.987777116110836 -0.142866037120248 -0.0708479901419107 -0.307904882590015 0.104297468347081 0.617460275105148 0.57230505071222 -0.226554812788024
5.73977753460378 17.8056289776262 14.6935853331312 -0.0511963300290733 0.0991949309361458 0.993750120235527 0.0591117733005415 -0.993009484915179 0.102166340473533 0.0912344081698319 1.15097099987677 0.179961020053168 -0.043437362679202 -0.214531704004239 0.046054554710709
5.92256989936342 17.3789860002559 14.8660121253056 -0.525755452939951 0.187682354503462 0.829672548365887 0.175288975813852 -0.930518162283572 0.321573824523296 0.539661621854139 0.200576658317369 -0.221623325077099 -0.216906126550658 0.320471503793912 0.56649094848672
6.14158437804125 16.9714305557511 15.1927990249457 -0.928002018115672 0.133574250302796 0.347807668157679 -0.0156088780286238 -0.946642371866181 0.321907723912073 0.179637681202635 -0.170146895733073 -0.480055830169038 -0.099381417811765 -0.325730794798403 -0.878806505009618
