t = 761768
b = 30 30 30
E = -0.876565273687647 -1.2742488110542 0.397683537366556
-0.963279694096415 23.6258992537738 48.8372139476149 0.519754211525175 0.471697415846103 -0.712290044494465 -0.735246431127857 0.6715568874954 -0.0917825275919902 0.207577814385146 0.580651926137946 0.749118798067661 -0.230739296160327 -0.995868233810053 -0.651952162855443
-1.02031912556527 24.0902764158447 49.0249249057641 -0.0422809114743987 0.169333959505701 -0.984651377231056 -0.793365585963332 0.593335041504968 0.136105016554554 0.0745117465405025 0.402288558370086 -0.37133857129297 0.079469385987848 0.255362823513964 -0.281071826758243
-1.30229112704755 24.5777989922221 49.1126142750216 0.054647675104866 -0.0841027434998977 -0.994957466498653 -0.738228383021771 0.667543967681205 -0.0969737372361283 -0.168422322424256 0.113680769631214 -0.594755428970587 0.61246905290473 0.218983668678282 -0.3486413943603
-1.32489422640453 25.0914099339332 48.8711894045065 -0.617709443766917 -0.553559686148879 -0.558575614354904 -0.614034667136829 0.78327133267217 -0.0971979782100915 0.346768872663698 -0.513281077950963 0.521267502134167 -0.279715517783986 -0.221005607918396 0.111139831964207
-1.60953592027982 25.4733148882661 48.6226889707644 -0.641493274216789 -0.745884179524765 -0.179285163550295 -0.710672190478912 0.665823096519088 -0.227210567143302 0.387034820518038 0.263052069312131 -0.590985157214992 -0.0221209533558345 0.242219330245322 -0.0796620343240778
-2.00972157085706 25.7276746307542 48.2875533937549 -0.526869780632814 -0.651464272458904 0.545896085318031 -0.778009086733667 0.628251977283683 -0.00114629793569085 -0.17859929048343 0.200890541834063 0.182958436892721 0.0864031641316224 -0.0613197215918996 -0.0457990071966151
-2.54831918363301 25.7886220444986 47.9988791060134 -0.225222207625201 -0.363963282332943 0.9037730280916 -0.804410540096641 0.592838917049555 0.0382844800531205 -0.65854667188697 -0.307126140549233 -0.347992172130175 -0.263091904434521 -0.350935683754793 0.259205266708006
-3.10593304367471 25.8589403445586 47.9967767801207 0.260348311947841 0.123409971183593 0.957595287936598 -0.670471538591642 0.736777250092066 0.0873338404358874 0.0345714129255996 0.0438876970944089 -0.235655292400071 0.218962734515799 -0.321910239939135 -0.590427425875224
-2.68298300496933 26.0105928461628 49.1828512244618 -0.455536757128894 -0.166542341265034 -0.874499806443927 0.518952860461457 -0.847842458804676 -0.108862728547958 -0.0922177237721212 -0.0729242138288929 0.206945104791728 -0.0136055291334845 -0.550667987899867 -0.0453405456732902
-2.74991970696533 25.4541711751877 49.1409639783805 0.14200085299895 0.185379078734617 -0.972352999128958 0.558535376853715 -0.826000008055568 -0.0759092846434653 0.200190535166886 0.388728106803427 -0.233040608693326 -0.171303016995058 -0.321410911426713 -0.037652594628414
-2.65230703586811 24.9593314114509 48.958230403316 0.491342344800624 0.632727865491185 -0.598529989588529 0.61216755468834 -0.739707629183626 -0.27943426474657 -0.33434757482037 0.815103302453787 0.158294055135061 -0.259433322470583 0.242283257335385 -0.535216060083555
-2.39127031064767 24.6514527943761 48.5883377988061 0.718529882171965 0.690054330886738 0.0868321878704566 0.692215673403233 -0.697433654859727 -0.185536407650637 -0.412790789439817 0.559841446302998 0.0223446907332538 -0.294535424805501 -0.0230723241185361 0.260194900592798
-2.02629291056035 24.4087756738495 48.2835052482529 0.583133094267519 0.567825866273889 0.580972959749677 0.796484082826412 -0.540383850434454 -0.27129025045839 0.0667878270148312 -0.42857154313144 -0.14387985840928 0.389005198263888 0.014023343244564 0.190491435270822
-1.52168817897145 24.5212607195867 47.9964084011334 0.332235016952537 0.153910100073528 0.930554444729513 0.836888245807994 -0.503134834562381 -0.215576905716409 0.0121732646172964 -0.269635207065556 -0.102819434960899 0.102276465951784 1.02809289094574 -0.0301696761096093
-1.00593044662268 24.2745670552184 47.8398908264662 -0.0868028205775897 -0.0785208932434554 0.993126245582111 0.885694105934371 -0.462468795102346 0.0408480632304782 -0.124876780248542 0.246873815328997 -0.35653631111593 0.0310391105952102 -0.0216998458463592 -0.25968534456233
-0.564763437756549 24.4308903323787 47.9805955408793 -0.284721816538498 -0.712402547634488 0.641417256792283 0.921168341561735 -0.388507475751192 -0.0226014997249283 -0.436232091769871 -0.746279914595212 -0.399712668129372 0.213284125917031 0.00590315215016311 0.731863578645969
