t = 1824929
b = 30 30 30
E = -0.833902285294663 -1.2609417901665 0.42703950487184
-9.78588437203821 46.1983980690531 42.7975233167878 -0.389348202446402 -0.639882803596824 0.662539036519973 -0.54809060316063 -0.417146288708756 -0.724972871591432 0.152486809644874 0.216908913839113 -0.620668354595846 0.257220810570964 -0.750261396086994 0.0605551248544352
-9.9461375676972 45.8888791897256 42.4235993651104 -0.352142883770174 -0.571763339135432 0.741000724311912 -0.260111298599974 -0.700739388788814 -0.664308980325089 -0.160118366029297 -0.326436435518316 -0.414856106311245 -0.132147000924277 0.298150267915563 0.108681871201473
-9.94851473828785 45.3820194466315 42.2846403265122 -0.814830782461887 0.09024870055676 0.572630743149882 -0.447436727799791 -0.725972230700082 -0.522268795610238 0.576301773449914 0.0828134055896371 -0.114429057271044 -0.301827635844746 -0.123924937554729 -0.465802518587058
-10.1224019072024 44.9035309665754 42.3686673957306 -0.818454957072171 0.569153259798921 0.0787149928810209 -0.501955329464114 -0.64161049496248 -0.579980016876962 0.0945678315028601 0.352300237953806 0.321773403617664 0.10787396456315 0.141013537235662 -0.596902427209533
-10.5297449147158 44.518361745412 42.2566003538457 -0.426569704858742 0.899478535231114 -0.094745192781546 -0.620221939605166 -0.367151759570916 -0.693198623106225 -0.166476914540498 0.117240003015393 -0.136514311035677 -0.379428683369672 0.0568801250872375 0.731963757141455
-11.1347193656909 44.4053548367681 41.986519522628 0.187954773429366 0.941711545353153 -0.279020372900817 -0.461715548615524 -0.166020660075368 -0.871352909328255 -0.192990432203687 0.226584066686731 -0.0740047823283436 0.249595032262706 -0.17002896470107 0.333358499558511
-11.4891850026698 44.6132582875718 41.7280153128413 0.805137997808921 0.289981805820912 -0.517361920493843 -0.458638692087676 -0.248657753277382 -0.853123597056782 -0.0574991134059898 -0.260081736854316 -0.412287828984605 -0.126096845302772 -0.048703314057768 -0.370110681926707
-11.7153370901509 44.7712622038046 41.3252244344554 0.880771616270001 -0.405020844591195 -0.245355813910646 -0.380419892533906 -0.296635817033144 -0.875949711694431 0.141290172419023 0.113303690816719 -0.0889268611595792 0.0284424182107673 -0.577794221982735 -0.450765591511165
-10.542024755965 44.6340397875447 40.9345973114292 -0.956889865788968 0.209146615066523 0.201542745234324 0.278383584344957 0.462470925069641 0.84179761429486 0.0296795248120715 -0.19707643320396 0.879793898824715 -0.261579131718351 0.21309061392355 0.226551493326865
-10.5943715574519 45.1189719027859 41.1201705244155 -0.711452554145789 -0.489389064976222 0.504314987166867 0.276814199745792 0.464457336231085 0.841221303605783 -0.479839930713055 -0.46896127698369 -0.736679549336307 -0.101372308085433 -0.153890359223371 -0.419825870009059
-10.8002900960783 45.4715617587597 41.4969857095405 -0.0761207058658668 -0.907430665422679 0.413249592364009 0.292657831440897 0.375865087228451 0.879247877392401 -0.113479153271505 -0.0598640883828459 -0.366209156213124 -0.0584891828479593 -0.400490229941708 0.756029948563392
-11.0649382211112 45.5578857801898 41.9085819406657 0.625828405338973 -0.705627699272317 0.332307624183597 0.285903131984626 0.603941934137467 0.743984905298261 0.011160421788638 0.229622118022957 -0.427321357762837 0.698068117544837 0.435203374655069 -0.769228326689109
-11.0607482415335 45.5992922114622 42.4651134373521 0.813517379314447 -0.556455076567704 -0.168959229743161 0.376813808335185 0.283091416199861 0.881969729595003 -0.797653020000554 -0.104947885431883 -0.332184964837759 0.238760168744 -0.457708405324262 0.107584478869052
-10.9048208667764 45.4802957939238 42.9822385933516 0.782967648388112 -0.161059627012523 -0.600850612152621 0.614714974686409 0.34834293039861 0.707660019174177 1.17887441580881 -0.550240695929581 0.275372778950052 0.176134602912324 0.710278589011882 -0.186479821920256
-10.5002008118784 45.3498959687519 43.3080736923761 0.55502783189141 0.307068065094707 -0.773080402820374 0.74262441776545 0.235801451638557 0.626822661957645 0.222259987963296 0.182691747633232 0.0411110966415293 -0.348871763540675 0.649539476124589 0.0141515106569639
-10.0544814937642 45.2438551343802 43.5881251883272 0.0399717417775758 0.771728250920149 -0.634695018564841 0.853425282567525 0.303998282023962 0.423379654212451 -0.0502477607612118 0.069566047443112 0.130741099087151 0.014984801489485 0.351007784631264 0.343659824588859
