t = 30187
b = 30 30 30
E = -0.894236001880769 -1.24953500527587 0.355299003395097
1.76096884995521 18.647268602898 22.735166777023 0.257053513812315 0.58139394807537 -0.771948552805222 0.96550649051711 -0.120216277986567 0.230965935315991 -0.0520370487765464 0.416163142185554 -0.799320212633612 -0.269014785618069 -0.0252295730560314 -0.00283654577814246
2.21180177309242 18.4115499610481 22.5206151076835 0.149418476499672 0.840787221594449 -0.52033735872413 0.986451170095303 -0.16280757374677 0.0201936363317121 -0.580076861905736 0.437399572780663 0.220609035568359 -0.117080956464937 -0.267543143007174 -0.489018740433344
2.5855385901425 18.2388505874494 22.2812193247941 0.0756368869054312 0.964214084336519 0.254106790358587 0.9965792125817 -0.0816094814226832 0.0130294125715124 -0.161398440619453 -0.206669001689623 -0.388980016333671 0.682329965921184 -0.272914504082715 0.0653105782152127
3.01063290792086 18.5351049176071 22.0707760733523 0.0539396030825125 0.391108969189233 0.918762370495787 0.992521518635458 -0.121903120493118 -0.00637685342497586 -0.13910211896327 0.247636966160454 0.929314506196685 0.0231478636733381 0.122194458018541 -0.106066440865469
3.57876481236083 18.6505087189335 22.0905823136028 -0.302412853692518 -0.161747654116983 0.939353055197672 0.898836292095242 -0.376386290496518 0.22455885718169 -0.159334927004781 0.226344398080432 -0.181969625613759 0.589176817964943 -0.264609796505738 0.161348062048725
4.03584769353324 18.7162268611597 22.4649480384782 -0.537208213980022 -0.592152618201609 0.600635173453382 0.843339045696903 -0.388635969709189 0.37113520050143 0.487816042146544 0.21693045489562 0.512123489744684 0.298438667722534 0.204781567507712 -0.315426361839815
4.32073439010169 18.8038727951023 22.8853013201423 -0.477831079320104 -0.865213845906435 0.151929129819073 0.754189155915297 -0.315377715366746 0.575964941424236 -0.0470948006537927 -0.567330385100327 0.247571273970655 0.115662218093593 0.637823363749757 -0.192278020616983
4.53366550430608 18.5870597382399 23.3102556867147 0.0155198014996468 -0.83885686984059 -0.544130763404037 0.713156963907936 -0.372149681206093 0.594063767290868 0.52329872387502 0.218911479657556 -0.0830571501330223 0.18811899712647 0.255587375968554 0.188975348671213
4.19907893210801 17.6026984438331 22.7889101330834 0.266308300493162 0.668189168179663 0.694696426229338 -0.830610805851286 0.52475648025713 -0.186323175239219 -0.357549295391481 0.383887689871757 0.0403976468086405 -0.243252503633005 -0.233971549374011 -0.0553864312150445
3.76932746167613 17.7274874631568 23.0498380439102 0.428997806822663 0.898252401257132 -0.0954122915411927 -0.895661386762307 0.409275604909152 -0.174023445228706 0.156138839338206 0.312544184097811 -0.486185973182272 -0.0343899291719269 0.666645949545935 0.0210970204672633
3.34494740361853 18.092096054626 23.2111312063176 0.581080776164329 0.545173557288174 -0.604260642443325 -0.784360524418795 0.573191099337496 -0.237129777492716 -0.126833215990119 -0.363877128199953 0.106610253406793 -0.478550718414331 -0.401415389962766 -0.480214227202639
3.15553696838048 18.5743373600277 23.2316506616153 0.546574100249585 0.174320498147618 -0.819066002750648 -0.682528732726587 0.65943746975321 -0.315113872255926 -0.314618548564608 -0.638416706797185 -0.714765244412096 0.285344288566709 0.308969981269606 0.481068058601512
3.02676021425648 19.1167315021069 23.1096068206663 -0.00601175101443204 -0.53829900903121 -0.84273248170802 -0.853386492632061 0.442046923333612 -0.276271626781393 0.459896293087411 0.166832933160687 0.0208162614358609 -0.234258842178787 -0.0462367564600369 -0.0723410043051606
2.80086364706618 19.3607927807956 22.7423173973484 -0.3496276186565 -0.915865942850292 -0.19735780450626 -0.836893904018771 0.399996518819744 -0.373646060260652 -0.599310009401288 0.194993078175674 -0.488471660237003 -0.29369555520255 -0.160319077373797 0.243479258661606
2.38630181085857 19.4726399925344 22.3192251169305 -0.211416401138587 -0.977072806004494 -0.0251363699867764 -0.856553505715071 0.197603143468388 -0.476727479319824 0.180692935396291 -0.359849618082942 0.292581469237962 0.00868144177189792 0.11949091369259 0.23391056518804
1.92618104401016 19.4974811700745 21.9557072406696 -0.111774550005336 -0.715825803361519 0.689274886538702 -0.99199826297481 0.0394014971823115 -0.11994568885438 0.00726505629747196 -0.303651427500086 -0.223338727772496 0.0662238917809601 -0.336149125169894 -0.342099258429118
