t = 31226
b = 30 30 30
E = -0.938505085236888 -1.30148210294297 0.36297701770608
1.65728563426329 18.84661182792 22.6608790914238 0.596216072147885 0.511241830722819 -0.618997726838905 0.800165788056167 -0.315724230991793 0.509953842606461 0.0876848965190357 -0.154579761092509 0.4821620072783 -0.369106745373019 -0.370312786536692 0.0322822093781026
2.10512311393262 18.477221284999 22.6468446624616 0.488772246286737 0.799250829178131 -0.349713887796704 0.872351117358006 -0.443039534001272 0.20668695981163 -0.200559062358345 -0.175159485713039 0.315909192178129 0.263991588780377 0.386077067804671 0.504020037821041
2.53080743576903 18.2796130977459 22.3529810478046 0.231598104031717 0.901175345728301 0.366395025157809 0.902178851395766 -0.339860960827312 0.265646094267826 -0.248817569863005 0.334497995393594 -0.275100134094271 -0.0549468172826368 0.183180025076179 0.287238305677877
2.97477150658251 18.2970286283043 22.3244948867071 0.0484880796217547 0.590058208734485 0.805903354279932 0.968706124399403 -0.22442279172303 0.106032330476743 0.402653188772902 -0.405430120214582 -0.233628970502784 -0.470772349311395 -0.231757271304639 -0.263497158315881
3.45152575062089 18.3795838577664 22.2903715070722 -0.222662963975543 0.268181445313704 0.937283263940565 0.966986490519961 -0.0614607772549227 0.247304872598804 -0.120988427712507 -0.599232143043733 -0.0841450303733828 0.399379197292763 -0.257710533937791 -0.622196159332836
3.79797623903516 18.6694075873488 22.4301144318046 -0.238899921118704 -0.454660027554971 0.858027439557264 0.965099032403729 -0.0135444585259761 0.261534711456481 -0.00326593266632904 -0.45353161846868 -0.488124379650984 0.612498758625186 -0.785537629090579 0.592075043560549
4.12393795037728 18.8857877014597 22.7433000523917 -0.167087579427926 -0.944966530926634 0.281282769165471 0.966692134364696 -0.100916439992404 0.235206695263308 -0.426687393290761 -0.0985663370488039 0.202089595330114 0.017991928733104 -0.591922646954901 0.203406671297928
4.58260678324819 18.8089333575853 23.1130574625769 -0.217731873949284 -0.890956428833895 -0.398483968292433 0.959862727853677 -0.26942598573474 0.0779306222749518 -0.0792615723482809 -0.0361603582284985 0.198436100420452 0.125458365847945 -0.13097882288597 -0.215411048967267
4.44248183759462 17.7432475700938 22.831445192948 0.0808553506207298 0.895359378515418 0.437942913609164 -0.994143220575945 0.040834670872852 0.10005891583257 0.153903190093092 0.213419572592194 -0.287064036716968 -0.000755556380875476 -0.6863337848357 0.19583330847417
3.97758654624375 17.7515562312446 23.184199693104 0.143610335452503 0.973722072754936 -0.176752359478014 -0.984655684655123 0.158483088883705 0.0730499364423606 0.592677082629021 -0.897019425627215 0.235577123772977 0.142290519035166 -0.352635061897083 0.344752960597155
3.58585836633959 18.1449348115501 23.4787675141136 0.226528550292814 0.411004110909903 -0.88304045021584 -0.953741425824427 0.277565966762768 -0.115474788423456 0.100105812415275 0.201779165546906 -0.326633824624837 -0.0908451765919948 -0.126353948177082 0.339231815124244
3.22037190259232 18.6025631574347 23.4738821886148 0.136730119697866 -0.146099784862241 -0.979775345286157 -0.90184633430807 0.390853729543525 -0.184137316687883 0.271880914566249 0.768951895866067 -0.274766131313145 -0.115084588311054 -0.366597071710713 0.18513038985687
2.84033061910211 18.98596795739 23.2613589021783 0.209381828439903 -0.629527627128884 -0.748234065383715 -0.75979153220496 0.376935611373171 -0.529751236400984 -0.194514616312108 0.282368112422365 0.353218560539422 -0.177739920409636 -0.145264672482994 0.15297925031228
2.81375247678154 19.3578558496053 22.8222870801601 -0.290914543610673 -0.889875606013604 -0.351411630623853 -0.698469312711146 0.448546946428414 -0.557625551827181 -0.226916348928931 0.779635200426038 0.0483807726083508 -0.0645303133827168 -0.332786050824931 0.38678921932912
2.65363425874833 19.4653398730585 22.3258444040532 -0.61700990338151 -0.742880668342709 0.259667271198797 -0.744253300515527 0.443632166123089 -0.499277003128203 0.292383567285606 0.517334498618004 0.282530248347049 0.411516629116281 -0.309959535786836 0.573033570378912
2.32995627068318 19.4934164562053 21.9444887102746 -0.576976633862692 -0.362308272578677 0.732004562552401 -0.813235577246398 0.338014138680137 -0.473702794960131 0.269047171309747 0.13449191949706 0.0212894987718116 0.283296622892123 -0.0122209762793827 -0.0971148682229611
