t = 661278
b = 30 30 30
E = -0.884950268774762 -1.28820954073085 0.403259271956083
-7.40913450759372 21.4568040785912 6.09454064879461 -0.236582604247501 -0.913757031518585 0.330267707652118 0.969674989701045 -0.200602188216595 0.139603640464752 0.179698408189716 0.806633640225927 -0.216777211354158 0.438875175946538 0.469986354414363 -0.0171021828514304
-7.06542552891457 21.3556460185461 6.44971337078713 -0.27561604126784 -0.939841161165491 -0.201827623418966 0.883372617362613 -0.330430962430262 0.332367564544635 -0.208526197194095 -0.641019222111149 -0.417690227897686 0.11686578166932 0.243023292615106 0.209959020715976
-6.91921463831665 21.0834486813395 6.79016698401154 0.0572669593352033 -0.675506060617311 -0.735127238944248 0.899398666250167 -0.284717369175827 0.331689702639411 0.157662716028706 0.162581626149606 -0.349357372008799 0.600340013610586 -0.00967105456355751 0.0773764915526527
-6.69289482244867 20.741996705942 7.04552589249886 0.361442554848178 -0.110645992194772 -0.925805996932459 0.875496687680834 -0.301275388112084 0.377807742612305 -0.218089253454882 -0.288265569117446 0.142542842649791 0.750965199482633 -0.0651222195204884 -0.0575121621125316
-6.25536282755163 20.4174818163205 7.00323264701647 0.217295409777066 0.31251828283325 -0.924724298255848 0.938827619063064 -0.326226454709935 0.110358515447368 -0.400159028401682 0.359850700041621 -0.393956858129026 0.265591250192543 -0.722014591230118 0.333689408875462
-5.87449085301665 20.0569799362701 6.80791011274183 0.207133835388859 0.83440495597187 -0.510748415256151 0.968847212218761 -0.247402904671915 -0.011264197079338 0.0044387474661084 0.090763408615946 -0.495439891606604 0.180682065309316 0.317779364700497 0.199846942641968
-5.41837273354484 19.8474193572362 6.56453349102906 0.115019000098719 0.992168859221744 0.048698915870161 0.942192463950435 -0.0934312506217017 -0.321782476655161 0.246625912224858 0.269646860041542 -0.190400171555858 0.038709736677767 -0.0265967746563817 0.289239465119761
-5.0062756855688 19.9152571353749 6.31966649427697 0.056111428032536 0.920605186619089 0.386442231147456 0.900246952276995 0.120722440103799 -0.418307921717249 0.025040592293645 -0.059745889046655 0.235396357058094 -0.420167702901091 0.603672521053708 -0.0682677068984759
-5.17248937087773 20.8607448482806 7.00281357420227 0.245090772170031 -0.580430303853435 -0.776550819821693 -0.957031648717731 -0.0167994510724387 -0.289496462493535 0.386483595917806 0.797973810606811 -0.722587571332243 0.0563444439891467 0.695325390290114 -0.268286256330135
-5.35738114630269 21.0947328893423 6.59832850092016 -0.0482038654810497 -0.987547914681144 -0.149751472652738 -0.983615907581159 0.0730070710162825 -0.164832381330059 -0.386227195641136 0.0451006131261648 0.302042909065475 0.234677213122095 0.256809833940582 -0.46906700936513
-5.6424477508113 21.081166825333 6.24072434715915 -0.16322283195694 -0.912387535773138 0.375376200222853 -0.913055105461931 -0.00444053864346105 -0.407812035141717 -0.183294106217869 -0.132887144497705 0.139403801407869 0.825625862032228 -0.602632780480361 0.0601341884242631
-6.03240739349613 20.8142049157011 5.91925232606831 -0.159057210607232 -0.36363869108821 0.917860395756097 -0.974316002161095 -0.0922902274311259 -0.20540409405259 -0.108472950267935 -0.533670181630654 -0.0123857245665377 0.329801574337676 -0.510512079740513 0.552669920760214
-6.38436545522213 20.5231292898946 5.90623232337228 -0.192603377101712 0.267242622508268 0.94418500297553 -0.980729671935977 -0.0845483258291501 -0.176127485600145 0.855342733549902 -0.387993547208179 0.151808357044788 0.681167150083054 0.186755525008689 0.151394241292495
-6.85068073870996 20.3687243940748 5.91424641321869 -0.0314161952583614 0.671687054924477 0.74016857736757 -0.997112106138678 -0.072288214515435 0.0232779258935205 0.257565111551031 -0.313175663812132 -0.234592208507977 -0.146398687154971 0.109094791757498 0.0940087993462156
-7.35454317235619 20.2339289092105 6.16839022630762 0.126861949024383 0.957736360802996 0.258161013876203 -0.986685263848163 0.0951392786516936 0.131911742322336 -0.379017221081323 -0.307616757930993 0.351009531476964 -0.209846726539825 0.122540630069974 0.0740039535992977
-7.82471987819671 20.4166838883423 6.4497648253373 0.441716498264565 0.850635485548877 -0.285141729471449 -0.878762367844255 0.474252586815858 0.0534900435524559 -0.608580684309436 -0.43956137540275 -0.0349505721129046 -0.155819035852464 -0.011702525195912 -0.267407515161614
