t = 2088
b = 30 30 30
E = -0.888138697290597 -1.27849345258878 0.390354755298186
5.05170348214427 18.3346395318504 15.7686209061118 -0.455805378929833 -0.767999085880935 -0.449909836105719 0.66733034683035 0.0396204022533842 -0.743707221912336 -0.299528432049879 -0.251705269119502 0.664716354219686 -0.314901851014037 -0.0651113812387493 -0.573626689287647
5.41938533483145 18.0221395518597 15.5954384389731 -0.703899736816439 -0.143263859834853 -0.695701535843473 0.709924045404439 -0.110062851484601 -0.695624912204612 -0.230031192520181 -0.329633124895361 0.0479660331942181 -0.291621357081794 -0.078423881688665 0.0871624653149122
5.72530976567172 17.6597843024399 15.3652508525772 -0.621010402652639 0.464010429897614 -0.631696446676279 0.720329218818318 0.0201544194937702 -0.693339466561267 0.180728158260518 0.094957540162548 -0.368702177630383 0.0500964074690794 -0.16639882973666 0.414099126391103
5.85669517018177 17.5808264385107 14.8899813924379 -0.386300787866994 0.901058868945168 -0.197141106795601 0.641706072565059 0.109015365184459 -0.759163333273432 0.453647671701811 0.114007350154104 -0.220133436271684 -0.141542911003476 0.434371238197804 -0.349093979694603
5.85874977785401 17.5964540653929 14.3480589748112 0.204809625956354 0.926487568021627 0.315711582646237 0.587944221093774 0.141425980416665 -0.796442267176741 -0.0295855049064951 0.63022907789183 -0.601822080101301 0.149729837804459 0.797841222055181 -0.447503735905216
5.94698646805003 17.8866372436297 13.9706110860636 0.716588674509024 0.388612607442922 0.579207141618452 0.607389116468898 0.0605674951477324 -0.79209219143144 0.207098270248855 -0.436752013763831 -0.103852310981849 0.137542256865942 -0.349987040157733 -0.170689596981441
6.12698665300458 18.2005732664983 13.673022510017 0.810067761840463 -0.414942479649482 0.414261945885842 0.542192093268511 0.261161743372536 -0.798637763817699 -0.272958456927788 0.288418545093212 -0.197640812143316 0.479650093876487 -0.476926297484728 0.0279226506931668
6.4608992319234 18.3861165711066 13.364680525627 0.470421773329028 -0.798285249076946 0.37609043631039 0.738079096696307 0.122338548070924 -0.663530350983183 0.460939617178952 0.661742920571876 0.566231639256697 0.465957305322665 0.565620604013111 -0.118250916617636
7.07923528772023 18.0283236264985 13.8190067881679 -0.470161877949969 0.792389679657646 -0.388672618143618 -0.571763598690803 0.0620154758043939 0.81807118759488 -0.0989169349465394 -0.0334067068774657 0.676036372883137 -0.0554957023984432 0.301465517433423 -0.460480428378917
6.9131596642928 18.3090309717434 14.2799779813715 -0.742218632990355 0.128112804666201 -0.657798305046833 -0.642491156018314 0.143089355997069 0.752815083960594 -0.0984684693665778 0.098589340469623 0.0752992625068501 -0.309703113400253 0.245358045060219 -0.208473659967175
6.53891842241918 18.6271249231879 14.5522203100769 -0.508520974508968 -0.630079721376356 -0.586861110651181 -0.71310851449238 -0.0738066756438213 0.697157673119133 -0.411628840426986 0.64763027099947 0.0803449409074473 -0.0823748364957353 0.182221087162104 0.132168235730807
5.91685769696425 18.7212772209415 14.6912905449828 -0.132701647591163 -0.799152867684479 -0.586297677633359 -0.922901178707875 -0.116086939046668 0.367120194108671 0.343132181781188 0.210365605397275 0.00334958315399517 0.397474170272139 0.715838414512278 -0.310503711637494
5.43384391055618 18.6507005904857 14.6173595790864 0.3179284475755 -0.933912847471051 0.16348790643575 -0.806962950575673 -0.176020958152065 0.563761845719829 -0.499664723326678 0.0288173854529715 -0.624318045163564 -0.530708485558532 0.370584011872101 -0.179254878432802
4.95052562697063 18.3512730338468 14.6825389401635 0.625549206332121 -0.622799995595574 0.469902496208956 -0.768464293381896 -0.38785041874822 0.50895449941414 -0.261307244367586 -0.472872458620309 0.0128984024338692 -0.205951149096333 -0.385145001107992 0.123027348031959
4.58759067816835 17.972677672252 14.8338731704095 0.792188771874615 -0.0820834580853956 0.604730729849681 -0.601290844116905 -0.274396138787579 0.75043725906944 0.522097320379885 0.769714723652205 0.0509073442279092 0.183322831299571 0.375181040562409 0.158659559439543
4.40678873596814 17.5529598370502 15.1543738018955 0.581164439024491 0.594200927671493 0.55603340939883 -0.484304297163442 -0.29655635855956 0.823106113418507 0.633242342398949 -0.166951153900171 -0.23736172664418 -0.408170758952739 -0.188627846695469 0.29760080746219
