t = 3556
b = 30 30 30
E = -0.804752704803281 -1.24835191379742 0.443599208994143
5.50369227322151 17.7836470388895 15.2143264001757 0.0931088547888886 -0.391422316681187 -0.91548856419064 0.782748003706582 0.597034523850094 -0.175656881517485 0.0125904823381594 0.164041969368524 -0.181340241922914 0.321518444087469 -0.293396240216963 -0.435224415475135
5.99168243049796 17.883036230771 15.1531496156775 -0.474043641947649 0.0841780884958833 -0.876468296600733 0.774011349798365 0.514370785814459 -0.369227741487454 0.0371878516839728 -0.0831774406225352 0.326505138656932 -0.604628270869028 -0.381785782578838 0.315890546140341
6.4248847973854 17.888996395176 14.8246627070384 -0.763660073267363 0.489211740706299 -0.421301750829973 0.644588154991984 0.54088043742631 -0.540328106666265 0.496910768533025 -0.329620352769031 -0.877400072748597 -0.419061349716611 0.770683023148627 0.0604048128266081
6.63805486936911 18.0791196831832 14.4456984121904 -0.808208441835548 0.588466360562421 -0.022504600244723 0.466303002986919 0.616152555048204 -0.634757858015911 0.233600536800273 0.378901330435958 0.651654927297797 -0.180513487587424 -0.181328229514982 -0.260509995531575
6.65757296210884 18.2756214271949 13.9749292723097 -0.53415460553401 0.640940455777134 0.5512478476466 0.528982301929949 0.762043045528719 -0.373454309127908 0.193902143474029 0.812170391355857 -0.216750020687988 0.9231425464438 -0.312903022789944 -0.0811391621807611
6.64288026495936 18.6777070964713 13.6910231772719 -0.0452764471936561 0.467761035813067 0.882694543262056 0.395483311385501 0.819801923344976 -0.414147023284523 0.218130861922505 -0.0481735338861617 0.371186382009989 -0.386618145457698 0.153389016172372 -0.168784817916951
6.66450935687046 19.2286586140153 13.4498272781213 0.258286822842471 0.157352475743424 0.953167412117804 0.554591001658076 0.783720880556991 -0.27966122766459 0.161447646645129 0.720584501931223 -0.0244464234979301 0.266737344815532 0.531318555131827 0.295610200675079
6.59964407244255 19.6960544396856 13.5680556472677 0.889368025747911 -0.214438156290531 0.403783100072291 0.374052599031273 0.849116896275483 -0.372941214693999 -0.132320049138928 0.43626395206625 -0.157356497554289 -0.029786978372984 -0.671742539490359 0.38620827199112
7.49000284428358 19.5997770780224 14.2958658542293 -0.789486146003706 0.197157187549383 -0.581240628884314 -0.603021590505365 -0.425600335114895 0.674706837177797 0.599322915380998 -0.153825889669441 0.235604227193442 0.107919281050733 -0.100845844441142 0.261723624577929
7.08047447704243 19.4480506880802 14.6173559271139 -0.25995911475417 -0.307908373224136 -0.91521237554717 -0.607877817614803 -0.684240213922404 0.402864603189818 0.131341387604968 0.768308578832299 -0.239762257873528 0.811115196907141 -0.639827273874879 0.285217784848169
6.60787224292882 19.2287095568028 14.7324839087543 0.0263257851132015 -0.477321634789795 -0.878334224540845 -0.644905068653287 -0.679454395458338 0.349913099094103 0.43489262550854 0.047444199853404 -0.499837810229143 -0.221678054250438 0.331136021835789 0.166309179937229
6.15452041830117 19.0263981887387 14.6544665686751 0.520003338583172 -0.694749749646256 -0.496909763668242 -0.724268534679965 -0.667027424499978 0.174669701543986 -0.126274689962739 -0.0990569989600931 -0.190286611690996 0.300082921968407 0.394267964706904 0.307336725059202
5.74566164255983 18.8101241517174 14.4474040314599 0.79514463877388 -0.605605981556192 -0.0314069822254806 -0.604689348893963 -0.795721337798496 0.0343270142360577 -0.280201802036176 -0.418197620054442 0.42470261783778 -0.19105330443036 0.34081937058513 0.29195823557003
5.57029823650279 18.4058157100052 14.2068508787671 0.73893226922333 -0.287341863319731 0.609437244582579 -0.516917971538033 -0.821928875513476 0.239225279387777 0.149226471450799 -0.267191741965916 -0.308162849085314 0.915226194510554 -0.377979354341908 -0.114734461374519
5.64215516098923 17.9385548984636 14.0337082511396 0.0900559182135488 0.0541166049078729 0.994465346137292 -0.621929071515511 -0.776841958229997 0.0985941272958998 0.476700067525876 -0.0734971925264397 -0.0408918463809581 0.321305978240366 0.243917610793896 -0.107483378441907
5.55015922407614 17.3414508647404 14.0918363466237 -0.017665237090521 0.325683745110392 0.945313724416088 -0.662115452510059 -0.712254605409585 0.233016103778765 -0.204211776896005 0.182743232293552 -0.423945663792611 -0.0492819591377785 0.216855967574228 0.725341099432442
