t = 7614
b = 30 30 30
E = -0.934510327452593 -1.33405456306802 0.399544235615424
4.69286613255715 18.7789330783604 13.724504935052 0.896275191853016 0.399888080135482 -0.191781917381173 -0.0912976860182133 0.589530564288467 0.80256990119082 -0.565906991350708 -0.0028180952160608 -0.555952412031723 -0.178147826010097 -0.213869087999041 0.142158751976316
4.75953651653491 18.9124084461278 14.1975721637036 0.542616931409565 0.582716931693694 -0.604985820714136 0.131417597723187 0.652475303995263 0.746327939102477 -0.00102826808163593 0.181254658577374 0.249783198590824 -0.542159247350745 -0.236975314591493 -0.0458199601809864
5.09023730193528 19.1541514436648 14.5146842231132 -0.153712592892868 0.641090317769114 -0.751914651572132 0.302820701653348 0.75490606645787 0.581735724771378 0.335094438257209 0.371401337542855 0.0947634857907239 0.143927890638688 -0.212506839705666 0.0605218915155709
5.42716138292056 19.5134667360512 14.6795642670797 -0.624377385451523 0.511844233781973 -0.590057930105906 0.165564248231115 0.824952492284815 0.540408979552276 0.0544660050782086 0.545064157395707 0.298766775516217 -0.905169248057163 -0.54960418320382 -0.30053669789699
5.69552867123279 19.9620346846322 14.6615524790689 -0.960863801153746 0.167484700466725 -0.220657269859716 0.0122441793579045 0.821433975218865 0.570172170864189 0.183598615500139 0.240851169314646 0.506846228499789 -0.0879407202329889 -0.15154107607847 -0.0926254429438769
5.69631310317885 20.5198565115367 14.6500629502346 -0.938968606739983 -0.0767023221594398 0.335342674487033 0.100333273414063 0.871377355584106 0.480244456939657 -0.129557491094856 0.152389241324644 -0.0490617427893599 0.163893972579061 -0.236104036753994 -0.107372224195849
5.58595456201485 21.0438634498824 14.6804261062508 -0.704295179076293 -0.368404066308041 0.606833374706428 -0.0856535498775739 0.89266006126532 0.44251721369362 -0.302817441083586 0.660969988668511 0.582272575188469 -0.0908033638122211 0.793807159385296 0.109550529883302
5.21623689172005 21.4262259226724 14.7734697253581 -0.00262671410399738 -0.572453936784457 0.819932674451381 0.0295642054121269 0.819532637942756 0.572269353630729 0.253105132510484 0.310437871114229 0.123977528616378 0.0610335195227627 0.467603172328009 -0.251699490286035
5.23313663250819 20.7662768775084 15.748599716489 -0.0611862281376934 0.658842916029634 -0.749788141733285 -0.176242980418236 -0.746523796203156 -0.641592264258011 3.44386681633272e-05 -0.648958695262751 -0.0401632061598843 -0.319589306815708 -0.365199549220602 0.434238402809902
4.77510805920958 20.6046132335414 15.5245128060957 0.654853780421183 0.35497735526736 -0.667201321578035 -0.322448325842621 -0.667207775700662 -0.671461734729435 -0.108328339121282 0.391436740650497 -0.312396932394587 -0.0464125680225159 -0.308925610394923 0.286580379686188
4.55678432316074 20.3566476630024 15.0030534231252 0.916433040672645 0.226524806898649 -0.329904522283364 -0.114085126669102 -0.642282918179701 -0.757929572511503 0.0474721644784518 0.660132995181388 0.462448527824352 -0.479941393464834 0.0201308799160562 -0.174998539786139
4.55092239138931 20.3107533370242 14.4726205174704 0.906051111039797 -0.37756565699158 0.191090446762968 -0.0524303374547155 -0.548253064002744 -0.834667381371757 0.460225205961079 0.424818507516843 0.502465868390084 0.195213278670409 0.50645212897761 -0.633240972400861
4.7023618391374 20.1779272453373 14.0070852992299 0.6083110738951 -0.57661266666986 0.545413118665526 0.188789375959408 -0.562338822263022 -0.805067463322605 -0.799656176769666 0.164490013487467 -0.273450274091437 -0.230609510865817 -0.172666129025175 0.548192025119578
4.86534084282342 19.9918203204982 13.6064717250741 0.208334776540265 -0.598336742409647 0.773685830015343 0.276717316640694 -0.722663625502767 -0.633391514820313 0.0551031140898528 0.0119712792433963 0.203834098312833 -0.131233810724602 0.298257950524755 -0.305417641934064
5.3412113614652 19.7427365541569 13.4744014965819 -0.449293301438163 -0.72372847351727 0.523786813410913 0.352422346629124 -0.682328647423158 -0.640488958922874 0.876447237084524 0.388999563787182 -0.500348777706171 -0.138053280625933 -0.638429868975058 0.0060683160366154
5.66710373983454 19.4219007616333 13.4277642729011 -0.902293940510125 -0.429701535162189 -0.034960486237524 0.314685367339948 -0.601007212751633 -0.734685953181785 -0.0478843707014216 -0.468347856070322 -0.191611714962735 0.0106070262487342 0.235152534309026 -0.596005548704428
