t = 1416109
b = 30 30 30
E = -0.95726424902228 -1.3091839630542 0.351919714031916
51.0148862514323 -4.81932885320725 25.9812541429446 -0.511478774046678 -0.374448908532343 0.77341934201226 -0.716682716539204 0.682467056708445 -0.143543026029456 -0.169418744495353 -0.180808112843829 0.528774493749859 0.458684196554266 -0.555596790937536 0.318782765525167
50.5355395723925 -4.83585583719625 25.8408542075157 -0.0771153977151867 0.249491569406239 0.965301596512932 -0.780101994423291 0.587824887921683 -0.214249339407608 -0.192560850661612 0.0060686273112879 0.377478139366673 0.0779612146056531 -0.00327100605892656 0.115655943424365
50.0662568513866 -4.77065878611676 25.8785016805191 0.207408537695344 0.57260495899129 0.793161559475556 -0.84409256323911 0.514568629655308 -0.150754336783685 0.667668541567871 0.0567373078640399 0.112831501663471 -0.340543472560344 0.450763977297552 -0.226424227566843
49.5829927951071 -4.71417440307687 26.1413570433073 0.458443765397597 0.866099871425166 0.199249408243411 -0.885779989737362 0.463525588822835 0.0231913407826725 0.173070620298786 -0.181997253853939 0.228258377561354 -0.134791040055121 0.172375941437563 0.0460839998642512
49.150033768977 -4.44770708145047 26.3980472629296 0.482749022843572 0.807033586300907 -0.340073773651937 -0.874722933065335 0.463220067840255 -0.142432296617108 -0.36833334026367 0.428501860307024 -0.0824713980699521 -0.152624652340865 -0.646952175091302 0.093105869489391
48.8553025295306 -4.02282968502751 26.5226417345393 0.482925712354722 0.344103036354584 -0.8052178939382 -0.776786779627653 0.592814501053729 -0.212540034666622 -0.0220930402308059 0.610028929083688 0.174870647053249 -0.15448635894799 0.3782599180077 -0.401656910884086
48.513531635564 -3.62790677382706 26.4328472766377 0.572895750000027 0.069580673402068 -0.816669449361767 -0.525832427934078 0.79551385308367 -0.301094615170887 -0.0380282524407687 -0.0492005211362718 0.0474088292478533 0.342709679713613 -0.00527397757436942 0.695062881501063
48.6336677856825 -3.17803249548668 26.3548648391815 -0.120283834016463 -0.234954339507326 -0.964535254732033 -0.353795734511622 0.917940228394714 -0.179483468141415 0.372912157995766 -0.250851889135597 -0.00658622666929806 -0.203079131884646 0.00416486512423387 -0.271151085495205
48.5553153474331 -3.78902210224411 25.2837709606796 0.0226885392808836 0.72119100408166 0.692364619125616 0.932263229736732 -0.265382111752284 0.245881282823062 -0.157473975314242 0.266104987214895 0.469042403702722 0.0543661581810397 -0.82490988853022 0.604893793385306
48.9993215243075 -3.66525656629688 25.3370457877426 -0.258640161230188 0.183138104394787 0.948454375137493 0.896278770818158 -0.320691970253929 0.306334825306101 0.173936759644752 0.020221699313529 -0.145690586449055 0.0893370857655505 0.0946126910376274 -0.176846474222714
49.4468257574662 -3.53566685049227 25.6190350414173 -0.521048976803122 -0.473754776286672 0.70997491203418 0.853413802532572 -0.275639244157565 0.442388843357421 -0.0388232888451936 -0.77550803546646 -0.247475490317432 -0.123826574646095 0.261642085591758 0.0578787304057766
49.8076171904589 -3.44614597500327 25.9990035562251 -0.526000518088297 -0.834814804614003 0.162504452148644 0.692045204970962 -0.309058862074503 0.652346575103976 -0.589117312759927 -0.160151280648282 -0.0894479773755015 0.0601990118443526 0.227665471459075 0.467295437963548
50.1965142475205 -3.76349320475826 26.4561584881486 -0.628829125328508 -0.74998717495835 -0.20516619735389 0.602323860630437 -0.636724026999145 0.481444161203884 -0.116674114376156 0.0143155299185437 0.229152597125106 -0.603569306370595 0.388219091759369 -0.0132208166073081
50.3436184503478 -4.09671148971051 26.8476431057908 -0.181763972768121 -0.561332499962195 -0.807383231612969 0.611316823716068 -0.707621618204742 0.354349243672089 -0.143555772689387 -0.47104624855699 -0.148413647373011 -0.587895564044814 0.315651512415509 0.732169720677976
50.4173598277588 -4.57805411817679 26.9789271920131 -0.00959172637411127 -0.25622230040375 -0.966570293129774 0.299747760791691 -0.922900897205253 0.24167170673892 0.572963128978665 0.415978263558475 0.0052537511409626 -0.658600891037501 -0.154894064680649 -0.369070695889527
50.400262310716 -5.00652869143187 27.0488591858335 0.538920459634962 0.00668063119817887 -0.842330165287716 0.24580297819514 -0.957695281829672 0.149668443807141 -0.231663508447557 0.168548329066088 -0.0422575279006598 0.181892217625065 -0.180552388661981 0.853603095933909
