t = 1000000
b = 30 30 30
E = -0.60849521227788 -0.917256000153565 0.308760787875684
29.1930538419671 -19.436437739493 25.7100764766858 0.668962246843249 -0.693265089571599 -0.268091454320609 -0.236615826787234 0.143297211873128 -0.960978074454989 0.32762546198385 -0.0113867045057105 0.332131199431476 0.234427006795517 -0.136518328720134 -0.382471301910853
28.211334144033 -18.5498962463255 25.108866021037 -0.979365739058002 0.122951255731314 -0.16039244955255 -0.0170195423239988 0.740648221663677 0.671677412844552 -0.422409438358334 0.267319098279227 0.183745023484124 0.000871569356291461 0.0282460854035098 -0.0322707588567765
27.2543820465228 -18.6284543993662 25.9104374982676 -0.884273005823921 -0.400150842353827 -0.240708443006541 0.194977551198698 -0.78477065569237 0.588318597779088 -0.356752263826261 0.0190117965744121 0.0651466977295538 -0.184856578139119 -0.391395184991999 0.34221863512193
27.1762443180771 -18.8197196629987 26.3236369343611 -0.456639152574003 -0.545085351814411 -0.703109268587669 0.0824688813508213 -0.812851612314345 0.576603104367893 -0.330272472059137 0.342412131532603 0.624055063736882 0.094695369627286 -0.543444930298217 0.0830148134120668
26.861894024011 -19.1061598627414 26.5562517780571 0.303730794198555 -0.593921625330755 -0.744986380828559 0.0351760790089811 -0.774402744348638 0.631714360301313 0.514288227216234 0.694449517612767 0.334133810438907 -0.484417096107066 -0.0129464550300919 0.171938963137676
26.8010720382039 -19.6821392923385 26.6961088695934 0.608684218440829 -0.238608253316269 -0.756683304738827 0.17920234256221 -0.887717596710338 0.424080168023754 -0.372040135604779 -0.0700227353435814 -0.0141648868056114 0.0268363938931075 0.284257961022643 0.231955446853788
26.7696689929953 -20.236834337414 26.6025934186327 0.934217733188155 0.246800113000732 -0.257540154576978 0.335575804657401 -0.85288367789237 0.399972888222814 -0.130839866012965 -0.0967842399447344 0.491710447127303 0.281700551397569 -0.257917208591635 0.232861182696488
27.1266305626117 -20.6348979305494 26.4616808562781 0.490961022765381 0.300950295077576 0.81754889396161 0.145246238842642 -0.953579011985608 0.26380029947413 0.0476481400966193 0.17158474901569 0.0576304605952147 0.244418130977497 0.305571647249511 -0.613693823112698
27.8855914915407 -19.9533378383091 26.8988756653502 -0.328673998842125 -0.824997284456464 -0.459731316232201 -0.314110175062092 0.554551732194444 -0.770588849025597 -0.247962876153247 0.436694867742287 0.204729091093516 0.250181513996384 0.616662365910323 -0.322169801351045
27.8952788766372 -19.920854730624 26.3886563604085 -0.924183189082091 -0.301575889380597 0.234387320395939 -0.362348393867174 0.498199756728935 -0.787718632417138 0.509891591217282 0.381382085497528 -0.354355405261432 -0.295567263273693 -0.172414766278656 0.405975623349242
27.6511121630578 -19.9343645192009 25.9302034924479 -0.661751163848769 0.424581059716778 0.617912874825072 -0.362480022496974 0.540263663603492 -0.759423075156643 -0.0781071651057338 0.115065154723885 -0.181412397167199 -0.24246706071018 0.090206701645069 -0.227726635543502
27.232298079693 -19.6730420476828 25.564570561463 -0.167920071677832 0.498244485967641 0.850620527456582 -0.525791481312275 0.684624488946276 -0.504809496062099 -0.276264375068252 -0.369337813081064 0.166037940321529 -0.378816732139174 -0.306528679928259 0.623463456558932
26.7606803132203 -19.5548356167188 25.4736358915735 0.308933456930979 0.641491104268487 0.702174680783242 -0.485648467358454 0.741182568524304 -0.463458699635745 0.841160505764353 -0.0668579125228585 -0.279932327547105 0.406064678758889 0.260973714749084 -0.230596145867495
26.3546156474177 -19.2681384313583 25.3867253034666 0.747207055490434 0.645514480161174 0.15809070854296 -0.488531345363569 0.694768915225156 -0.527857252516332 0.275659491361127 -0.220191861561715 -0.0147400084447069 -0.287467607804187 -0.247527960260465 0.211394259303431
26.1193234327139 -18.8037437957352 25.2647631761982 0.896656182076798 -0.149035256073147 -0.416888694486505 -0.294034950824764 0.503506070461965 -0.812419278883428 -0.139318781502887 0.595230941087471 0.165620362579688 -0.0291352098648584 0.521672099189115 0.225294992672359
26.0285294174356 -19.2538596993145 26.0267192027545 0.853424348044148 0.240892829138175 0.4622093973896 -0.107030806717734 -0.786895388317074 0.60773353886278 -0.0472043096148651 0.29631477555824 0.159096332292199 -0.207256739623309 0.127508622332134 -0.615348711563376
