t = 55878
b = 30 30 30
E = -0.740896999616812 -1.05005218450082 0.309155184884011
2.89187272026969 18.0421405369588 22.2023447338379 -0.179539564033415 0.6040043191473 0.776494898500998 0.953534254701382 0.300975586798797 -0.0136426266609053 0.0419039310912514 0.106436749758329 0.124250272451943 0.0723653495456962 -0.430806241548557 -0.0435838096935332
3.10589893666161 18.4413392900425 22.0227807037413 0.14990679241725 -0.10177383504695 0.983448036292205 0.824366950373893 0.562017186447066 -0.0674967648810208 0.295889420456099 0.302338837375028 -0.0432717724779476 0.174784155668858 0.200364347741728 -0.0574082873778116
3.28718143241813 18.8633444729032 22.1099545300303 0.559893035867118 -0.609276159933833 0.56151789759881 0.761818050620617 0.645032401501445 -0.059719835581465 0.31850995557036 0.392000689209124 -0.404377366812268 -0.391517623159956 0.177032679781818 -0.371212356093656
3.6208745353641 19.1779283975524 22.3635353218188 0.528404399764182 -0.825359342076739 -0.198923972302306 0.831381295199206 0.550515765986686 -0.0757465074638694 0.0730223758566953 0.137487590368947 -0.115234007274532 -0.0928408390779675 -0.129742106927757 -0.642523374856327
3.97109511449358 19.3502762337419 22.5916657362978 0.34889253360472 -0.644282040457632 -0.680569358947803 0.899396426710667 0.434269698371069 0.0499589501167866 0.0637913507508599 0.357961172305146 0.246925583224864 -0.0937196575941734 -0.0290265262846357 0.183524535160286
4.48118572734102 19.2564219596487 22.7191458688866 0.272598111770086 -0.29554764049121 -0.915610103515383 0.954864161503854 0.199822825113456 0.219784602825652 -0.697801594532516 -0.455757569643103 -0.30857598607247 -0.310170346195345 -0.130512916517112 0.103543597362657
4.93657360972621 19.1072996725956 22.6612943909831 0.0214181522658483 0.586170642741481 -0.809904463712581 0.910495369712573 0.323178827824236 0.257979896461173 -0.130053681985998 -0.18794047636875 0.0654946085184607 -0.125370437715493 0.490081342164714 0.405006925889891
5.40329291392448 19.1136013146438 22.5823512530994 -0.263876400775527 0.959302768970877 -0.100535777504993 0.948301089328817 0.277071159620915 0.154779250819053 0.240908180398776 -0.305667800112128 -0.352791545521332 -0.0482320835808174 -0.243513535857625 0.117483435379693
5.25813536330031 19.5886988305772 21.9469390277437 0.659169091412628 -0.682311651964122 0.316143825687352 -0.675064242792853 -0.722138087807166 -0.151012748603263 -0.114495540706625 0.273948388647807 0.272421208904428 0.0446329625239811 -0.132011524826618 0.244028975463744
5.07380596999858 19.1926900604881 21.6502897702625 0.16644613528721 -0.380747403514978 0.909575229854311 -0.864452722943992 -0.500104708525865 -0.0511543771830248 0.503851848881677 -0.126164679763209 0.00132299693679759 -0.0754307087649407 0.600706284618381 -0.00950545862771461
4.89957807550337 18.7765523414759 21.6247409785238 -0.273578057816825 0.295679968552562 0.915275041983511 -0.898901018248397 -0.417186605927155 -0.133911520142892 -0.011056768064906 -0.0789952045891026 0.284768427442816 0.786397265540447 0.343841241278544 0.757566149757342
4.52461928587586 18.5081533604995 21.7653023939522 -0.210734975443277 0.55954397701953 0.801561792943046 -0.716118825605992 -0.646516496104362 0.263040392102882 0.596840591112577 0.102176463437147 1.00690863139906 0.434324608641247 -0.373083514239725 -0.040970487413806
4.29523051821947 18.1806513234899 22.134200753683 -0.618972675418648 0.776995147541924 0.114679413066999 -0.71216682274675 -0.616804723836428 0.335216868954817 -0.55222703359612 -0.165967677138779 0.453026443754715 -0.411927031514697 -0.106340794706744 -0.490770226731986
4.03049293458173 18.163704812271 22.4645853218899 -0.793526734767412 0.239577327234477 -0.559390762780866 -0.55963186204233 -0.648350652050399 0.516191447984996 -0.445030752041437 0.0104217951056318 0.135706319691888 -0.0239751917945377 -0.0272184337583656 -0.042542839576436
4.80817410207078 17.9855804889371 22.8731289504037 -0.129298483665925 0.659377077757926 -0.740610404631951 0.173758217010451 0.750389840534197 0.637748515673987 -0.299189794736919 0.373598828108317 -0.22616037218292 -0.326979479341251 0.185276322535008 0.406508799946424
5.22494999173378 18.308759628687 22.9468627909729 -0.631955262086126 0.719328590484101 -0.288442239683793 0.407617186415512 0.625046371515283 0.665706589117342 0.098886288740322 -0.381032217485846 -0.014636349109835 -0.36780956842388 -0.171543645150115 0.387569583685243
