t = 2770499
b = 30 30 30
E = -0.825334974147908 -1.24031681367866 0.414981839530756
-58.5217539246878 12.5986293944505 76.8282885714061 -0.646005563593056 0.0399561787724841 -0.76228624255245 0.467057859337564 -0.769186438062193 -0.436129773728201 -0.0793657640910914 0.169142122799036 -0.589941690286927 0.333054488421645 0.0540863907497937 -0.498212625243867
-58.5832951245052 12.0831068420567 76.6868588154827 -0.390918258173109 0.282660726608018 -0.875948531056663 0.194912781350866 -0.90467241573772 -0.378915330739384 0.283684140651423 -0.770301387382277 0.644686328430159 -0.171796154221652 0.587371204964299 -0.0411369595235923
-58.6486808996333 11.5992569921154 76.5315517283025 0.124472889098517 0.599404326871501 -0.790709145518885 0.120864432522428 -0.800131852030516 -0.587520900323754 -0.340891969914229 0.0159508644517195 0.0503241034706386 -0.690125934148709 -0.337883433766711 -0.182487358662428
-58.9268548023412 11.3203956273737 76.192313729729 0.696197393109849 0.490453592443401 -0.524179800723403 0.207056329044122 -0.836371409259352 -0.507553487207307 0.317658629056528 0.317647954980992 0.137302658766193 -0.00389274299665199 -0.440111940604934 -0.734048298977577
-58.7983309316123 11.0491705496916 75.700765553088 0.895140714153215 0.38046755292744 0.232309154005357 0.445691081565693 -0.753204126874841 -0.483779911810645 -0.400491630804717 0.154541927912127 0.0349285764594904 -0.133351004292779 -0.23918911477762 0.106912370410008
-58.401886929551 10.8139452421714 75.3494429561909 0.604281222292459 0.138145950605659 0.784703702499224 0.462272139344934 -0.862937838950504 -0.204065566161698 -0.238351552675363 -0.695531136913172 -0.229553600048523 -0.199433505766769 -0.127313898289357 -0.115578744231408
-57.9692374062443 10.6556558188559 75.1295455904273 0.190280912819561 -0.116412987806061 0.974803154737705 0.620046425653549 -0.755585225822017 -0.211266174655881 0.0726308934296795 -0.467358780489138 -0.286685719292257 0.227671302025293 0.177327328372492 0.0945499269427275
-57.4627304300533 10.6456942361272 75.2010232374261 -0.265801600714933 -0.53642045332195 0.801001002693042 0.571952857072438 -0.756603449518582 -0.316892962154807 -0.44224583278235 -0.395120074562756 0.379129366172521 0.030563552899903 -0.188889235753416 -0.119703419848895
-57.7988977070305 10.1501268173419 76.1920745556298 0.556531372917218 0.280504895498126 -0.782042092575879 -0.437647285997068 0.899078990760075 0.0110372747198947 -0.277382038472515 0.179406987434429 -0.0433845093058835 0.987070297187639 -0.792644291975697 1.12176166070649
-57.724911642497 10.6123529026336 76.3425074221171 -0.0334294747603395 -0.0138293588197256 -0.999345395272276 -0.42667766424003 0.904402057810998 0.00175746007442068 -0.303785554756942 0.211883818568422 -0.255857637755204 -0.0349512681994123 -0.364623967693545 -0.496297432702057
-57.5956569581688 11.0123196264934 76.1389934307444 -0.702257804184596 -0.185638885526061 -0.68729337305292 -0.311928300450745 0.94803758080346 0.0626536572135437 0.14856892944282 0.173178543028377 -0.41005250270601 -0.132878216164828 -0.0179861501653732 0.247774240294567
-57.7385151251955 11.5263263109082 75.8825886490971 -0.900841533880434 -0.434086985723274 -0.00728146013019791 -0.428220135438847 0.885654237030153 0.179566388935308 -0.236119388885935 -0.663422547882559 -0.0643573988169627 -0.139713265074742 -0.149169744522904 -0.192109859911276
-57.9861017909023 11.8959025945025 75.6437937350697 -0.774956672044429 -0.485982446263662 0.404058434359969 -0.467876338923325 0.870941933205317 0.150172835294184 -0.501286500996575 0.196478226893854 -0.410741847244468 0.267823471827345 -0.0785991267103009 0.149177488876616
-58.368160848229 12.4195699332415 75.6130436830067 -0.316519806367003 -0.706323373538508 0.633184415609367 -0.291350042466231 0.707626915979261 0.643722999850552 0.517413788771145 -1.07513757166889 -0.484090903759937 0.346173812453365 0.0352284714936136 -0.125969943360999
-58.7916537247894 12.6190232517527 75.6407177442996 0.132539205497025 -0.551205070438409 0.823775654732044 -0.555883660435352 0.64676220742129 0.522199198690048 -0.0507482939690453 0.161152711393738 -0.0893089737826843 0.215912067965857 0.0165918032021242 -0.379317755583649
-59.2230917439215 12.675984077949 75.8529242073123 0.654728961232102 0.0419704320499873 0.754697601796546 -0.572551979364107 0.67938869575755 0.458928350620336 0.267068399038992 -0.274505743268879 -0.0997231159540751 0.284675776697918 -0.335506045267575 -0.359459390632539
