t = 1000000
b = 30 30 30
E = -0.574453934811811 -0.867490607681721 0.29303667286991
-20.7135800005878 27.2209010264459 24.3658104028549 -0.000411008946249465 0.979407994008656 -0.201890594985487 0.378146062969563 -0.186747191832963 -0.906714421084805 0.0475348750510535 -0.453508001532184 -0.580240059387949 0.170495086296793 -0.0384324675678635 -0.461835543251807
-20.8397706572772 27.1040700259919 23.9890727862953 0.845278341015903 0.5311596644524 0.0580856012122377 0.198738560632068 -0.211622678845704 -0.956931986254028 -0.108022058509095 0.0828847122017473 0.348065237851854 -0.403076577958909 -0.427694173200116 -0.321744847562517
-21.5827646205393 26.4936259396884 23.7602200315999 -0.145973913007985 0.209885470565967 -0.966767658730088 -0.867387961904079 -0.497098484697247 0.023048211548721 -0.105517081610847 0.181028697108392 -0.0399256753753993 0.448266420098386 0.201266412760996 0.174236314630825
-22.3064861548056 25.8800718415271 24.2438809921643 0.0415465469143399 -0.813522494841563 0.580047441875432 -0.736700593405605 0.367232234607451 0.56781398498193 -0.160707511683311 -0.0205770110214464 0.528392840725805 -0.346566153506226 -0.201796153257396 -0.668589138641005
-22.6977398124771 25.8994306890555 24.4220900855723 0.402150937832524 -0.559805558364448 0.724494554861991 -0.799615818959817 0.170693703790096 0.575741436371957 0.844508902512248 0.147867230566793 0.144172299404037 0.0606523033098211 0.557719871324368 0.0424836764815719
-23.0777528236933 25.6545177516113 24.7327180218279 0.684636656544881 0.145214540593869 0.714272627023572 -0.724820729575973 0.0323028895462897 0.688179797221545 -0.132295549714302 -0.202705152098413 0.469954051290352 0.0202702796928576 -0.445985690601654 0.47298706572966
-23.3619670286667 25.4089099380263 25.0679883713161 0.510219865175113 0.774864080432951 0.373177365384749 -0.711501424297481 0.136531858030397 0.689292952934682 0.0504374589463539 0.0924286450933306 -0.125485612549707 0.233794981681717 0.346689658600801 -0.0105165699298625
-23.3012084008597 25.4934483469832 25.535907908678 -0.289265044231724 0.894648884925447 -0.340483636739382 -0.743032088970624 0.0144019275250973 0.669100813961175 0.03280086308198 0.148857757653741 0.108423895111944 0.0461923778144103 0.0202399472616844 -0.30251966313435
-22.9483249768812 26.2657995536169 25.7786851736059 -0.159624585849236 -0.986493046958576 0.036762207425898 0.703987529450885 -0.139860514539869 -0.696304958226117 -0.374119025279268 0.0185346660656704 -0.0778648718743287 0.0934554160343548 0.166594676424224 -0.260264530206504
-22.508186000578 26.0014040630616 25.7533124582809 -0.646711972644959 -0.571726172387859 -0.504869100108545 0.689278939637568 -0.154654729465196 -0.707796904504512 -0.179559052088688 -0.126850713033679 -0.394083191122766 0.483964770074784 -0.354347007955918 0.0465096104060331
-22.2635086311277 25.6338451823458 25.5958633906181 -0.708318925857406 0.0628825386350247 -0.703086115356459 0.658310137185605 -0.300650603501552 -0.690099252204242 -0.279417269645314 -0.230937847723483 0.0678543266239084 -0.600725851424779 0.127317329217502 -0.109630755861117
-22.2072153337711 25.2348448809381 25.3248990520496 -0.317923019935633 0.613124416937662 -0.723189741872684 0.551088367296544 -0.501183041398681 -0.66717102038742 0.0355143695545036 -0.250490510375652 0.0620366629658493 -0.158582971474212 0.38085502602597 0.0892658732055586
-22.1955047828122 24.8708099457795 25.001024091533 -0.134245575252376 0.827702318778271 -0.544873377046655 0.343879597481191 -0.476769877599439 -0.808972994759401 0.0128534281670422 0.245794462438838 0.140041352377947 -0.233910120759761 0.561011059173564 -0.390702205597887
-22.1031647213328 24.6439700317239 24.4804641160272 0.0824292555331065 0.99659688562866 -0.000255709817730506 0.614519408457762 -0.0510293434888825 -0.7872495809664 0.411396215886701 -0.050344583586028 0.133080559769018 -0.271564262314189 -0.177879101491841 -0.545477539227903
-22.0584820599725 24.9239161270498 24.0901783133022 0.845105121889287 0.227547775297296 0.48375545776118 0.533204023330182 -0.424126866666246 -0.731990348622416 0.489544046055511 -0.375853373512868 -0.174137717735026 -0.409748706845358 0.0635347554715495 0.441499309055431
-22.2714483261279 23.4446246478781 24.2830004818462 0.364753257147676 -0.684742871837794 0.630937604575527 -0.250141332366514 0.580648526685858 0.774775194685194 0.195379032257865 0.0837547065878008 -0.346853872697871 -0.81595521462025 -0.520210293689227 -0.0424481488934147
t = 2000000
b = 30 30 30
E = -0.351977519406513 -0.68635455827619 0.334377038869676
-35.6497587308166 19.2059352473211 59.0623259224169 -0.967909432234803 0.236556683238798 0.0848072320381336 -0.0576368517644088 -0.53745066523717 0.841323229059339 -0.157120998692737 0.35148061652441 0.223321888379537 0.302909588011713 0.665754260118641 0.0532265699320239
-35.6656584534241 19.17454785041 59.5742519625996 -0.808225681925167 -0.429868828595874 -0.402472405610857 -0.134874921950317 -0.530162439718684 0.837100079405336 0.537182557166863 0.243480679054064 -0.0114695933289494 0.186152315846189 -0.425979315422463 0.304143756869432
-35.8695214885981 18.9802303771546 60.0955444901131 -0.398953823547248 -0.441369178002162 -0.803759351663618 -0.398462382973983 -0.706009681760479 0.585472508846611 -0.514330728925764 -0.0345981694180446 -0.0775932876066835 -0.0512774113826017 -0.0315210094374875 0.00544117635116382
-36.2330770783639 18.6908630764321 60.3258261230175 -0.113472906731895 -0.365940350588121 -0.923694516195301 -0.508497705832965 -0.777316695385131 0.370417113857003 0.76259294712068 -0.105014672876877 -0.332196283089015 -0.292675694468354 -0.0355777738190392 0.207997130631109
-36.7916516110756 18.3496021993453 60.2392418466112 0.574941173173303 -0.596586637046089 -0.559934846109916 -0.361511538078581 -0.799157231711279 0.480267765772014 0.201983675500367 -0.486194952979399 0.183487139631477 0.408303814840316 -0.290218841925611 0.274600880376657
-37.0552711673169 17.9384536842021 60.3233789990621 0.914870198087409 -0.365965569478506 -0.17053364069239 -0.233335601563852 -0.823944823945714 0.516400449395564 0.00675926273188231 -0.383993148782953 0.0827437681878156 0.206494676177249 0.166001243150319 0.275398721463438
-37.7977617996241 18.4394513035788 61.2933713428807 -0.578917242070557 0.0386933293469552 -0.814467711513146 0.114707880960651 -0.985075134132026 -0.128331921828783 -0.0122605589458794 -0.326851750551339 -0.391454080331265 -0.778711715454734 0.0232615137899754 0.692714262940043
-37.5725239560284 17.4801430393943 61.1210945976831 -0.0301196114330829 0.113394834739846 -0.993093359388434 0.923508618417684 -0.376940050739306 -0.0710494887869377 -0.14738816499518 0.153793030598054 0.507728993033247 -0.0157699821959125 -0.255939741495948 0.235946577881285
-34.9130749335359 18.6598138979033 60.4751337600524 0.835746134434658 0.512714987229306 -0.196600459429645 -0.0942728683841724 -0.21874457480095 -0.971217502561474 0.029246679001165 -0.0537763594503054 -0.124426365904358 -0.178948411993978 -0.396419678462872 0.296067422671097
-35.769712018699 17.562438698087 61.2012154222227 -0.931133046502916 -0.355203327544293 0.0825944659869897 0.359847130973443 -0.931667736053084 0.0500526915150576 0.340212638931538 0.45885761617846 0.105815690081192 -0.774519453095132 -0.466185859779034 -0.696315568311992
-35.9627008558925 17.4048526996378 59.934823903557 -0.95426752973819 0.290909540885765 0.0688848365681079 0.259991185797704 0.921309041506137 -0.289126673530036 -0.38637843176432 0.130916513014035 0.250916883996944 0.0919395454576218 -0.168298690254578 -0.409592656261839
-36.0823025860881 17.6984047431181 59.528758840845 -0.62062910580393 0.427842645728223 0.657092218433059 0.230646231021729 0.900554018617999 -0.368516995084943 0.0117976343678853 0.10463228688991 -0.733573462642117 0.0401087199187746 -0.0227475651715025 -0.66696248579492
-36.234132427749 18.079266063254 59.2573932872268 0.0297764104034938 0.433339559425771 0.900738692196658 0.317594239666538 0.850339197272103 -0.419591644951706 -0.346458579832717 -0.547016618213411 -0.231917130297541 0.150567104058635 0.446033438550442 -0.223337759062865
-36.3602494125281 18.4506452047895 59.1894852922606 0.787916990459141 0.187031945865352 0.586690606172965 0.218706710479995 0.805642582490096 -0.55055190860599 0.111529266577919 0.121715526349125 -0.551975296320017 -0.339138724808473 0.430420686155368 -0.0784389349147833
-36.2346929148007 18.8692076228699 59.1647209524627 0.964213185598933 -0.259013402217906 -0.0566126327658433 0.197935637001627 0.845310089014921 -0.496258336972172 0.0343512235233443 0.126021934503831 0.121543551563301 -0.363526543422853 0.168603392028017 -0.512479968346121
-37.1059752865395 19.0967127039798 58.3090989926949 -0.949524948672461 0.121305472154798 -0.289287666992284 0.289948559779256 -0.0125574655730402 -0.95695984384943 0.297906457174736 -0.168822003810541 -0.131919446597785 0.146715717515468 -0.215427189012619 0.2891315324545
