t = 6995
b = 30 30 30
E = -1.00052068168797 -1.35855100091046 0.358030319222486
5.59744376159829 16.1654268066833 15.1562877030849 0.398909868145479 0.0543921915093947 -0.915375554949426 -0.0730049463991461 0.996954436803803 0.0274249656056301 0.0895110523263676 -0.194895144559414 0.082611502971177 0.207172860947754 0.126395936763317 -0.156696695094969
5.92201772966762 16.6217633532425 15.2056850121083 -0.316995546753241 -0.118074683320291 -0.941048453852099 -0.160316227631019 0.984613229892513 -0.0695377212654117 -0.0218619845800204 -0.284677969637639 0.44226115049647 0.214556022290261 0.0679415057025196 0.72443244218495
6.20889099743423 17.0787581422301 14.8909166284741 -0.680665328302093 -0.256794560698245 -0.686113157171034 -0.0679997480829835 0.954655405799675 -0.289843216995175 -0.0597287998457623 -0.00581350095627906 0.0763062740735829 0.162643572984556 0.377587846320285 0.0919122136314541
6.34051985588764 17.4590453608725 14.5072997926588 -0.965564350161049 -0.236529880867447 -0.108347132656607 -0.194743309259511 0.933252370639368 -0.30185270612446 0.249439118408711 -0.0398301812088737 0.145648975547874 -0.39078632734446 -0.815691094628645 0.0452513272814717
6.12576015178602 17.6387163762887 14.020760796327 -0.822455347056544 0.0379522881024643 0.567562178026233 -0.146478726349044 0.949992212024085 -0.275787562846383 -0.0135968814117269 -0.403118805913684 -0.182262687993881 0.850542561595786 0.426863771266119 -0.17170951894034
5.85182961484833 18.0106620709835 13.6406542423492 -0.405576564019322 0.144992400239313 0.902488146510031 -0.259192292994758 0.928570082646839 -0.265663239582305 -0.160468922621302 -0.488710326856746 -0.12375597729954 0.452797639414961 0.00917076167629379 -0.0608467021425133
5.38059018912384 18.280230145832 13.5444613517344 0.258283244329881 0.400595910961748 0.87909765203825 -0.368900987033711 0.881914404612957 -0.293494539475151 -0.613756989806292 0.123307215591651 0.6796645033837 -0.215092896791717 -0.00765095463481124 0.690973071964781
4.93334113530065 18.6697961048192 13.652184191751 0.774211473648547 0.486273033857378 0.405135940906365 -0.428124942533506 0.873791930330253 -0.230644089606505 -0.398047791163132 -0.0670631497449219 0.955756811930985 -0.630527047810634 0.160218351285251 0.345487164252289
5.80210117296981 19.0231402508711 14.3360077537901 -0.890917381747778 -0.161023664208792 -0.424661745939588 0.0435194509202738 -0.961002864687852 0.273092569385078 0.17819251467314 0.22374679300087 -0.214823294535102 0.0599046143824811 -0.24854214999514 0.133230738619033
5.7021154567859 18.5636060226952 14.6802293006581 -0.383581595789663 -0.122700536878635 -0.915319472982606 0.142776497831438 -0.987096840166439 0.0724893081799919 -0.683357149997691 -0.0954959978945812 0.709824363283929 -0.0627050348660119 -0.307394900971772 -0.445125490058292
5.33585566772411 18.2562524941671 14.7468963242759 0.359346085353249 -0.256659228282293 -0.897215933585009 -0.00795045287968671 -0.962242735400378 0.272076659175686 -0.50885975906787 0.297986420304817 -0.096669630639808 -0.175976074502938 0.42272649184895 0.424721790012291
5.17529795297763 17.6769287856563 14.7386788683544 0.742066132658693 -0.0139774511192643 -0.67018093498784 0.0686220597349741 -0.992945980619363 0.0966917395105513 -0.350510551482584 -0.0560528397070565 -0.340852859353358 -0.329421156767991 0.116747324259954 0.613932059191136
5.14573548920307 17.2068182662781 14.5208181017011 0.965169937798188 0.213021200031962 -0.151884691485285 0.217872073492885 -0.975848650512884 0.0158483716543653 0.445315838782593 0.0767283724584974 -0.4290964747989 -0.246945542105764 -0.336579015144467 0.189144743325391
5.26868145907124 16.8364823701467 14.2519283541044 0.834558796647362 0.199536658653016 0.513514105738196 0.234608870170945 -0.972083328285434 -0.00356102606305785 -0.133752983595231 0.12564147654145 -0.265914403908403 0.0378792430025607 0.723671874054798 -0.0215734226338283
5.56839816706423 16.4157745336709 14.0250915202845 0.378324660735009 0.253806352401627 0.89019817263367 0.341518933897615 -0.932103800966514 0.120612279694931 0.0566764909971379 -0.0887918085084764 0.136694039669264 0.151317606445877 0.275455298568665 0.239924924659258
6.04790064951698 16.1660681565485 14.0622454652143 -0.34075325775149 0.0145215721890436 0.940040606183 0.295196643083439 -0.947661101546682 0.12164447594361 0.25479823697201 0.00767456871305444 0.0892962060042439 0.47174629453733 -0.146494171970916 -0.228807427114858
