t = 125059
b = 30 30 30
E = -0.873231772118471 -1.25433522617018 0.381103454051705
22.8367273524269 8.9742795615407 21.2986270734036 -0.473045852438351 0.757727982165831 -0.449528560309331 -0.706482106414825 -0.0213775189264167 0.707407969279572 -0.164357462773771 -0.20711444181979 0.39469601814836 -0.16809144402551 0.526986100017451 -0.137358531838641
22.5695940437592 9.22625724330631 21.6815120664638 -0.568391030783133 0.0881824345995797 -0.818019250600719 -0.820342553344402 -0.136878306284718 0.555249875678498 -0.0954126890842985 0.184346913843729 -0.466151187810906 0.206986923157175 -0.135053865980314 -0.295484804415465
22.2061616359021 9.45303340271461 22.0087101135702 -0.561360498486287 -0.352165088439808 -0.748901957016708 -0.809625347137951 0.0462672553371361 0.585120618638038 -0.24866409898028 -0.155185780245968 0.031721787589613 -0.450347342515043 -0.204176275610905 0.0155250101424764
21.8574848150737 9.72912922531545 22.1202887894935 -0.326031401052846 -0.86813080423603 -0.37423579767846 -0.803683804005389 0.0460799012949717 0.593269741244273 0.304439906836978 -0.254783548006252 -0.351407363306616 0.34994912059042 -0.293505455202788 -0.323888652229722
21.3342239748819 9.67084208471278 22.320683183143 0.110722660841133 -0.956074670889343 -0.271406919698239 -0.74420531072035 -0.260756139075709 0.61495096668756 0.509533604953573 -0.353557836089135 0.263928027423975 -0.121878992592289 -0.0918853443388611 0.0481583628765334
20.8887940029831 9.53641169737543 22.3672578300984 0.482245160694977 -0.840545975188838 0.246823962734886 -0.817539214038229 -0.330580268362729 0.471536127649803 0.235603420238993 -0.234988633439379 -0.505513959127217 -0.422651316491748 -0.196589856962512 -0.281063243818967
20.558147036241 9.22999060861291 22.1888749332882 0.49906502264186 -0.478534573882648 0.72245329591225 -0.83638137643628 -0.484112322813103 0.257102026540176 0.845435653131699 0.366093747386652 -0.249443222555365 0.558805879991589 0.304570738024258 -0.0294481552897802
20.3767127371367 8.8115766699869 22.0575029658996 0.0512870529541571 -0.0402042159376361 0.997874370459593 -0.799608070551449 -0.600284043874652 0.0169115398016598 0.274925925856358 -0.389669366557086 0.0143064507478742 0.289559735705666 0.517428370752826 -0.279846320448913
20.810824617 8.75911421669452 23.1365752365706 -0.50564642449857 -0.175675207509025 -0.844665563911845 0.850149929102282 0.0651950436803939 -0.522488951392198 -0.618609196241455 -0.00222453540730455 -0.165046734853103 0.298955153778673 0.0784845774751088 -0.108854914466888
21.2074690352459 8.54864284097294 22.9001880047523 -0.621657351271516 0.487713142578184 -0.612925793360518 0.78214704724953 0.344265088341882 -0.519353006564701 -0.24396834493796 0.184380791722884 0.710489238719826 0.00832668104993767 -0.218645304921354 -0.14878289723655
21.5113676714085 8.48755887981052 22.5484111099829 -0.426990702688973 0.900358581282419 -0.083865159203893 0.680101422791796 0.258638261460788 -0.685979813423939 -0.433274921452193 0.398947416483488 0.00380524471566982 -0.202466540167501 -0.0997251915346523 0.792940714133614
21.558921043241 8.53685416392737 22.0179343102717 -0.168417595463192 0.939101135620369 0.299540599276584 0.469551328544137 0.343621213472638 -0.813293312104593 1.42649058622384 -0.0749663428017123 -0.328134353289143 -0.0540676667583024 -0.114926687101981 0.0192615926662147
21.3093035107554 8.77774165575481 21.6007894907975 0.633997617661091 0.674368359567964 0.378515965863634 0.476915109755351 0.0443518636438585 -0.877829647641474 0.221248603011269 0.115478900393305 -0.606684453848054 0.133399015064887 -0.212727254336946 -0.0423033986434108
21.5459281944729 8.93652733058299 21.1329073148545 0.481614368133818 0.550195656594682 0.682152724740884 0.743917034144977 0.154818419377215 -0.650091303841594 0.282328224808966 0.284319416501193 0.037304693889237 -0.067109887829146 -0.562995447017883 0.303242033879287
21.8099614992305 9.31109470812553 20.841756956981 0.721546424135687 -0.180337167033738 0.66846784814472 0.678214627941995 0.378301798086562 -0.630010053895966 0.261000216828393 -0.198557917998147 0.835819041187009 -0.325224699395767 0.211254827514997 -0.458747631231461
22.1068098869358 9.73772612167157 20.6714013882652 0.661433525511618 -0.582697683508226 0.47219604081718 0.733569818378795 0.37154950364441 -0.569057367850809 -0.440546607218106 0.426333687101828 -0.275362211630914 -0.0889667989963275 0.187911045786374 -0.289021901632023
