t = 2954
b = 30 30 30
E = -0.918782936282202 -1.32401501797002 0.405232081687816
4.89340491311005 17.6978262659226 16.2710974203008 0.0391795363303282 -0.85986029171008 -0.50902381346377 0.454266444371841 0.469056953401933 -0.757382051532157 -0.0740322074658496 -0.418446860809319 0.116930194546646 -0.402515731976295 -0.805960739502188 -0.056499131025173
5.39963115145384 17.6873750585306 16.0505685374725 -0.572921869818069 -0.406868552349709 -0.711490345818565 0.525458125353712 0.483875718581196 -0.699827155422887 -0.0656710929221042 -0.514900493039007 0.679372541124237 -0.149182655128465 0.148531053860186 -0.135960376480311
5.7102368143737 17.5434168283156 15.6795363994266 -0.831288477209465 0.300143551248144 -0.467838985445754 0.553942942905886 0.377845205214643 -0.741876146604721 0.206656429676513 0.135286124429209 -0.379760416877245 0.233573559306066 0.11675706470584 -0.0122978485598153
5.95085310837024 17.4329078814727 15.1979176415718 -0.752368792142543 0.570611200152929 -0.32915658715876 0.501922828521518 0.172953982950513 -0.847443445895072 -0.127053067422956 -0.110080933956451 -0.210943160557298 0.0299678493860702 -0.246972028608466 -0.0124691008887976
6.00411346984495 17.4485583381121 14.6280425671496 -0.447380024952567 0.879863071548242 0.160287518538195 0.511654387582079 0.398798285655529 -0.761032006571487 -0.051781132958811 0.196977764645348 0.542800439297474 -0.0927279070189339 -0.0834258201079626 0.198905612828891
6.03168765549903 17.655415811344 14.1367840320326 0.100867907771409 0.80449354634855 0.585333920993269 0.56949004497731 0.435727702380474 -0.697009654201416 0.337628770975195 -0.191012295659347 0.392932616208961 -0.274280094276962 0.133798171368855 -0.633858999147311
6.01807194946775 18.0303520160605 13.7264960533804 0.452260414868854 0.489596420047027 0.745490350453839 0.486838818754914 0.564832837448807 -0.666297103620337 -0.101592687587667 -0.0504207858298785 0.498208331577421 0.0324953963294193 -0.248995574170431 -0.747331506489834
6.32214765103626 18.5365438214057 13.4946538176172 0.676388377804034 -0.217272836493354 0.703769335005274 0.724682659444313 0.367110071088872 -0.583151128615766 -0.495707383108595 0.715726772992481 -1.13698966831452 0.595617581762504 0.237444547663816 -1.08410747277373
7.01747451987572 18.3284472248154 14.33803637418 -0.661347901713579 0.43076085591584 -0.614055402964342 -0.748488610282631 -0.432285429737708 0.502885779788671 0.0313082359356251 0.361774835768474 0.140791910417334 -0.23184184439876 0.0724552470206994 -0.0395492819640836
6.62238318004336 18.5240945739882 14.6779244185397 -0.37692917604457 -0.243164538947933 -0.89375354726267 -0.812721968854948 -0.37603423877461 0.445063200691474 0.789235847464616 0.0559996772785731 0.660946271116066 -0.80243247844234 0.00862798143424469 0.2206573225579
6.08906211194478 18.6311268177922 14.8042863797887 -0.112128257645064 -0.826998954095835 -0.550908326095984 -0.774023220912857 -0.274980373954094 0.570327842059071 -0.282417055504025 -0.332698423106315 0.666672948626363 -0.441248261794513 -0.200567672126419 -0.310928017812509
5.524004235855 18.5326617775801 14.8009591945008 0.411944760131176 -0.894686233561354 -0.172736962102091 -0.762896639672212 -0.442305366778146 0.471544992228831 -0.475788047940536 0.0721315640696703 -0.179353366266963 -0.302674308680137 0.413166165868246 -0.615376318634325
5.07350730029126 18.256236885109 14.8183801150977 0.672989071892072 -0.667323072152569 0.31900725146413 -0.73054980123475 -0.532250852828251 0.427792026082144 -0.04555710376536 -0.155198971078148 -0.100870761181482 -0.0387620267738851 0.0126657601651115 0.228098665398099
4.72867902615904 17.7745914377243 15.041377352568 0.863771136127775 -0.131935838521573 0.486304800414458 -0.475697197047702 -0.531783712209907 0.700655593104923 0.309712073557583 -0.297129979638025 -0.0363718666074454 0.0151577234050508 -0.167977820307856 0.0491546503586211
4.60701403625168 17.3267745419433 15.2203754138935 0.727599845355721 0.259895203497962 0.634864511716544 -0.316363677084518 -0.694044081361382 0.646696866351457 -0.154113976331754 -0.488431865209697 0.25692648556364 -0.30995825545073 0.498803881487669 -0.0560660622110583
4.8033691822537 16.8936465727579 15.4801921437052 -0.096829850912772 0.668589522806781 0.737300501807237 -0.247525757483332 -0.733683948421585 0.632802388752452 0.320141245931483 -0.0818445248899402 0.0122016610450094 0.312540913867061 -0.0225888762986974 0.126759694074826
