t = 667476
b = 30 30 30
E = -0.870935384614173 -1.2884210788956 0.417485694281423
5.17587851362948 43.0204816223671 26.2495194531827 -0.865137931829375 -0.106776116965777 -0.490035937208394 0.499633391878019 -0.0985069551701861 -0.860617716238473 0.199019242497642 0.280478052187494 -0.109423219469122 0.0645851749300066 -0.270235491336556 -0.439814017153612
5.29219044158084 42.6814419488559 25.8391335711657 -0.848436594275637 0.422702233664663 -0.318556379859043 0.223567609403327 -0.259328524023309 -0.939556406318214 -0.543579385819154 -0.423478194246047 -0.275099523616195 -0.151590149258621 0.342499228352487 -0.526673032983944
5.15466505157583 42.3374580421054 25.3239976597735 -0.436501670331525 0.840704021078164 -0.32044194597587 0.0381973679079557 -0.338526188755707 -0.940181355171136 0.212071984136237 -0.070927769572721 0.342080948401843 0.554982350101575 -0.220442668015416 -0.00397248704582408
4.91330629482711 42.1367386771422 24.8670337796069 0.147546993832952 0.958160221668159 -0.24527306053394 -0.055527736369139 -0.239571278309037 -0.969289571337218 -0.247062627739723 -0.157161075356212 0.286465743491755 0.0291946225527227 -0.163807050772953 0.773539154917966
4.63811630325151 42.2110910103366 24.3466062268901 0.681117521824563 0.730651812544049 -0.0471895146154122 0.0664523666099706 -0.125875139573088 -0.989817928817915 0.0706489504375855 0.488535924195288 -0.0768504594627554 -0.484714355734957 -0.629975691533659 0.270502513137021
4.48570430935143 42.4550739767146 23.9488483592032 0.979249053248845 0.199851456689492 0.0336256891424068 0.0358933847256423 -0.00773348184096443 -0.999325701756703 0.0136418871211665 0.0732967693188878 0.406765956946459 -0.0369254210658598 0.201350243421322 -0.370627962440113
4.58150712393468 42.7736128910223 23.4518740685992 0.907874806672903 -0.415733218656019 0.0541223273202345 0.0260882637967863 -0.072823806527686 -0.997003558516641 -0.983794024515057 -0.48158820491969 0.0525673204833206 0.349319147556831 0.0233766039498167 -0.648284132378735
4.66817284008711 42.6809523892851 22.9278488941504 0.777038950498477 -0.530233420418222 0.339209359068667 0.266762704293629 -0.210706105438842 -0.940447019628806 -0.33136477514247 0.156466180239928 -0.243596858599741 0.431676795326475 0.428593590377446 0.419645639326684
5.44095123636674 41.9645331635345 23.3523790258058 -0.323688394889967 0.823397440413989 -0.466092778460729 -0.138030576031138 0.446248989472701 0.884199863987268 0.168874870378449 -0.739163284466737 -0.0116393041183156 -0.584384230510631 0.281835869737874 0.404740818980328
5.63772419032419 42.3368921257362 23.5312931788888 -0.957064221178822 0.285863756235012 -0.0480623491997503 0.050208929924752 0.326774095446598 0.943767849580004 0.2218404139317 0.376753867336731 0.0860445170235304 0.256751998632606 0.0513587150764839 -0.538716829248063
5.68287608796341 42.7097514981501 23.999795447673 -0.961624426924956 -0.242984181692194 -0.1274250720565 -0.163070239990296 0.132661230653739 0.977654895508105 0.127342846999118 0.255653969751198 -0.0450174271533595 -0.391333769086988 -0.718635612739304 0.423070594197706
5.5247286102148 43.0450033243499 24.3005212696612 -0.648812117619879 -0.751854328182716 0.117294097134182 -0.250089141773808 0.356265933910636 0.900294399350356 -0.186695319699067 -0.0504865797680308 -0.344610677435779 -0.0117614560435836 -0.0745657845698045 0.015573587970396
5.15249330364242 43.2594977508723 24.5653719246313 -0.302546923875954 -0.929072871374097 0.212812026281201 -0.390968573857174 0.324596988343273 0.861266723735777 0.463442855730484 0.754922774151725 0.71404269561809 0.0717821631815053 -0.362259763333594 -0.303244201880602
4.7663811219344 43.410705996211 24.9802313261859 0.393704531029744 -0.840036958220049 0.373275569882368 -0.49580896544789 0.147883309989483 0.855747624249132 0.697667679624587 0.116111526464289 -0.2789221455913 -0.211922784479139 -0.274652073290368 -0.317233062982162
4.33333503992812 43.3331105734074 25.3490605991519 0.728677844028282 -0.533235362127483 0.429754171822736 -0.521734540530787 -0.025723019247926 0.852719998298329 0.217448656897361 -0.0193007317424385 -0.348023790742536 0.0729314843898026 0.672523730825783 -0.825023179158029
4.02128813601422 43.0262624767895 25.6530117373537 0.892783876111038 0.0173795680136323 0.450149865235802 -0.450257212985035 0.00263601308585446 0.892895007036082 -0.114870024662199 0.328888089424693 0.283392602838028 0.0147193233409369 -0.464757175242118 0.157531724229484
