t = 322146
b = 30 30 30
E = -0.784809592695253 -1.19233854061124 0.407528947915984
4.55342302214004 28.9216922642654 28.501600111991 -0.455261968751554 -0.645670855471401 0.613062546730181 0.681591917549263 0.190284794279238 0.706557962942617 -0.229887673403088 0.128310284644542 0.084675366874485 -0.0617966306112204 -0.557170189548197 -0.219506508498059
4.67469012458962 29.1041519422037 28.9251418868386 -0.00946379175554336 -0.976895781610909 0.213506600639006 0.6383027186807 0.15845484851169 0.753300537838647 -0.330385012084962 0.251880997759169 0.207891598721189 0.289770880841741 0.143884841006586 -0.315208064531136
4.70398168002602 29.0665758906068 29.4379530014273 0.569593539974164 -0.806874303896322 -0.156579235314013 0.619829843653859 0.296564113622563 0.726540220102987 0.478109489863837 0.269298182152595 -0.0394325301764307 -0.248275472840546 -0.704760280330378 -0.242850517033285
5.02824766855243 29.0199765592576 29.8098320856889 0.429792184543702 -0.815901801438838 -0.38675952284854 0.552240342405394 -0.10135447838754 0.827500981226478 0.257357195784334 -0.357191575950733 0.510650438945905 -0.204374160803014 -0.648392566011358 -0.695990627634716
5.17644274423892 28.8062831143609 30.2844972859333 0.757664429980769 -0.20165982228774 -0.62070760235135 0.61808205544747 -0.083682355779694 0.781646874275725 0.0910549285343991 -0.454692713205955 -0.391224975565585 0.38001383374953 -0.143595850566668 -0.400230079583406
5.53273853579435 28.4870752301351 30.6990185930026 0.585908859928563 0.486449124763117 -0.648134289229004 0.769688657909715 -0.0838039482116593 0.632895147831977 0.298721919923478 0.306977702111046 -0.73568824432162 0.521508333729718 0.296349728704747 0.49475710607978
5.91434998344272 28.3082404159148 30.946221299855 0.402565757753497 0.597467465270162 -0.693522486029103 0.870207712999759 -0.0146948554638626 0.492465833798268 0.478083464711556 -0.0532126229065904 -0.0504493940396717 -0.756424226577458 0.181788077908425 0.613422501305214
6.42106073459896 28.2088331122636 30.762697392639 0.0800508651826923 0.993056522200725 0.0862009437192903 0.740797749274193 -0.117131296123859 0.661437037168801 0.100762464440926 0.127862090162306 0.128265526832243 -0.181141719552285 0.522753746513908 -0.206407921878178
6.52543515321493 29.3900248855563 30.5850306013483 0.131451507586983 -0.980214907734292 0.147983903883387 -0.756079065423995 -0.195681529814182 -0.624542381041633 -0.315597705547831 -0.175070055680194 -0.0157678955482461 -0.19687875928962 -0.193542165176382 -0.119294549432574
6.35340592866448 29.2820642236379 30.1294654065538 -0.0546283626551158 -0.844268025153697 0.533129668745529 -0.620771436534201 -0.389485005403467 -0.680400069186598 -0.237783622870194 -0.728419649761584 -0.439138523328884 0.310291646717341 -0.278187687324504 -0.150118137954398
6.32634505290254 28.8748853242165 29.8399177189723 -0.687682588006825 -0.261824486290641 0.677156257100869 -0.57624962395023 -0.370506744844225 -0.728464908504287 0.412598681196169 -0.187868794018884 -0.325676706268728 -0.190581843081345 0.239357397977311 0.111126935816083
6.07802780464303 28.462216370233 29.4874642287144 -0.721975712544369 0.211625720750876 0.658760673395657 -0.679866284461634 -0.393898889079769 -0.618567296608901 -0.36126855188358 0.255234045086497 0.122996120738499 -0.420261858707899 -0.395643485049992 -0.195379168023785
5.61613597555178 28.0805309712057 29.4544006037623 -0.555782570665554 0.827917232621071 0.0752249298667575 -0.707773880065978 -0.423774106114159 -0.565218224833116 0.0188292695772274 -0.131105675482448 -0.0260887442413308 0.0360951379286978 -0.0821034645109172 -0.615651317085845
5.14304299845355 28.0108092426883 29.2208629902125 -0.245292110943121 0.90907746285461 0.336763933399804 -0.913985491815504 -0.101044653012353 -0.39296373731984 0.26800536345748 -0.901513515245682 -0.166120677216757 0.00826702510458367 0.488245001698764 -0.323329186995641
4.6074903976589 27.9165122140292 29.2525091513159 0.0683565313343558 0.963219879884097 -0.259874676757844 -0.816186593228608 -0.0958060659433087 -0.569789998826188 -0.66861995517797 0.109270348493083 -0.0565781607078409 0.664448760170102 0.365259878715086 0.30876142821714
4.09490649609853 28.0529673953762 29.1079326069101 0.393003834880523 0.7515590113241 -0.529817929355703 -0.849438112932772 0.0760742930776995 -0.522175826929924 0.0600509028069984 0.894287694876764 -0.122618747228512 -0.00416039319438332 0.246914543651385 0.601896780859637
