t = 990864
b = 30 30 30
E = -0.351521388012672 -0.696146612609578 0.344625224596906
-10.7856697718679 11.9877943684054 35.4175470350947 -0.0959021481777339 -0.566565721908394 -0.818416801350817 0.443343522387727 0.711836403525688 -0.544734298325777 -0.383401470114928 0.117610410887652 -0.235579651422861 -0.228127552093797 0.123709467198227 0.135126474360665
-10.6772061920252 12.6635214072205 34.9234670367024 0.822193015014496 0.129572306238457 0.554264975907236 0.445177486727298 -0.753172470966085 -0.484301800832924 0.394949465046099 0.190555687028057 0.566256479710317 -0.2989200955323 -0.057879950721685 0.05934990850314
-11.1470037125753 11.7511446081861 34.7427756905628 0.873759187422024 0.284468365342997 -0.394490344006918 0.376324257709343 -0.909256679724988 0.177854838098435 0.399011656709355 -0.0340961569602508 -0.210975851477626 -0.0515149737845239 -0.101414062636305 0.425773354462172
-10.911876292685 11.328150051683 34.6552189871455 0.617347863243161 0.650397830707733 0.442565563007073 0.520017342949348 -0.759512401375288 0.390797742047 -0.0380192151822714 -0.0590418538905613 -0.209797718339222 0.123321255128142 0.1700988560068 0.143295480622467
-10.4953945195413 11.0709611303693 34.6160898460422 0.0351897393064576 0.484087090766494 0.874311941357759 0.476116792537955 -0.777311556524107 0.41121714939608 0.175214075986513 0.0912696183593881 -0.2546384241234 0.0969058732036744 0.451698766283782 0.909429676621617
-10.108697643994 10.9601730072794 34.7959848295336 -0.559801827842601 -0.0174708291291876 0.82844232368563 0.616441825211585 -0.676887284274339 0.402272395917897 -0.206051419697905 0.0911968097213122 -0.0536382638482486 0.896396854714636 -0.381476157401807 0.166659379493558
-9.73170569914091 10.8663641465822 35.1811803974217 -0.6932791913424 -0.720058788805849 -0.0296530523741897 0.690397793772941 -0.675396051199265 0.259212384692328 0.471971941498216 0.220565697758629 0.0998017979107081 -0.00667450366735087 -0.636170051524415 0.435045286382429
-9.6247141275695 10.4566494131813 35.4266744076398 -0.201995657769521 -0.505358730482353 -0.838934030640983 0.712788550566223 -0.663306392611498 0.227941026808326 0.543281505425334 -0.345603253609615 -0.181138813256972 0.10776414646155 -0.0469965228957604 0.410303123455847
-13.8612296438947 8.38291495332099 37.4654664068956 -0.611516207587625 -0.273851624667797 0.74232958685777 0.72618261970068 0.178280892857232 0.663983980293696 0.104722800700497 0.178210897445761 0.42607511483829 0.20244471124374 -0.0793936602557951 -0.20922885462061
-13.67760371713 8.71620300025345 37.8569891043356 -0.170864162509093 -0.915824484172468 0.363415674070763 0.759233383763262 0.112705365053327 0.64098531158491 -0.142052411565703 -0.43801463691666 -0.00340545188808875 0.419060214379215 -0.369565314223503 0.135982861370932
-13.5963112962379 8.73445504347335 38.3117256245685 0.428412261596026 -0.783742022921771 -0.44967919189204 0.867631929421944 0.217825047196372 0.446953111479766 -0.860319759494166 0.106065149597048 -0.273089675107654 0.212402475414958 -0.00794575922995627 -0.715092147552682
-13.2847967921557 8.58829997013133 38.6657006151541 0.533412795998449 0.0193864894472841 -0.845632871340767 0.83297851307674 0.161738109679441 0.529138526881016 -0.625383719272931 0.262053844216026 -0.0504607745955247 0.181159533652041 -0.0306052867210805 0.118892548411826
-12.7916516529125 8.08002410427116 39.1139717065857 0.469567946237506 0.210676930208469 0.857392077724216 -0.837242954955497 -0.201977887606896 0.508162540232206 -0.360494488226432 -0.329791831501982 0.670633436890781 -0.33583697536645 0.148977644393957 0.00986251675575039
-13.2259407633354 7.90665705007078 39.5031198451559 0.461322319317821 0.649395090375145 0.604539274403155 -0.804645187708058 0.0191544772168471 0.593446904028328 0.566284723448084 0.0797209272134826 -0.336139400209293 0.32494807973716 0.545750409960402 0.350041196775599
-13.4536467331545 7.75356226589482 39.9587874758968 0.348261377066684 0.928079654510938 0.13184145071446 -0.848751356721913 0.252490661221202 0.464617692795697 0.253226500039108 0.0594863463390368 0.17741018022429 -0.308838666393144 0.358756991918374 0.0020186233881369
-13.4726051302118 7.4349201524512 38.9811207272762 -0.436253168379569 -0.443427079721641 -0.782978670238422 -0.434249006661794 -0.658363940572633 0.614804620970677 0.556970230257035 0.219021319420086 -0.531958679138245 0.490377760848501 -0.135952352251297 -0.40088954402628
