t = 484071
b = 30 30 30
E = -0.875631247130552 -1.27007329779528 0.39444205066473
-1.98001927615415 9.69555130537497 4.5042262684735 -0.499723052232245 -0.599690318568618 -0.625018714026039 -0.644774909378067 0.739372400152205 -0.19389112957968 -0.194886891974713 0.642443830549166 -0.138752805339453 -0.790300436439041 0.118967139252443 -0.662873646677538
-2.07268569332577 10.2164482390512 4.05537216516591 -0.681588701980244 -0.687253046005878 -0.251237123229339 -0.706198468879585 0.707728365104225 -0.0201068092709551 0.0484320489382906 -0.0492128673554357 0.0416009502990983 0.23560460251645 0.189408509016803 0.53778738658854
-2.39489490165958 10.5519221339185 3.725459070694 -0.584627912717534 -0.764904368155162 0.270428384694904 -0.798028645546858 0.602223598217482 -0.0218407563202127 -0.665671622256604 -0.550589555284456 0.0369770115926905 0.00917335438746641 -0.0484294151895656 0.857128865966621
-2.82432586585176 10.6566399386718 3.35846369508708 -0.415128709588384 -0.393631899533893 0.820196368039286 -0.745480922396364 0.663939579982213 -0.0586722121289606 0.375186391823178 0.0247061352412539 0.194127396430826 0.679252677062587 0.283785308989181 0.562738515812968
-3.28034102305598 10.6797214134652 3.27923754828254 0.0260597282854105 0.211003523712903 0.977137863119832 -0.666585999552977 0.732103348121807 -0.140313195633146 0.299811225244258 0.759501531969823 0.372384875257156 -0.0347687142443356 -0.103444293168492 0.0423613930010522
-3.81696448109387 11.0147168857012 3.27104975297093 0.221395355489172 0.16360698995678 0.96136197626342 -0.543385581271207 0.839296717439396 -0.017695484227256 -0.672468900183476 -0.0633722813772438 -0.441966894472221 -0.80541166535853 0.324736018745755 -0.18359425985233
-4.25086696230982 11.2462062953399 3.45924645559191 0.756995441871162 0.371177513602715 0.537759383350933 -0.47920883128611 0.874846384369291 0.0707297658229012 -0.0670802769438126 -0.483631013252636 0.041681530983185 0.231883443904355 0.35042979645682 0.273895915190636
-4.60017147032583 11.5049328662612 3.72151340756114 0.889536393464186 0.447195734980256 -0.0934932046632532 -0.450209518650951 0.892829422306944 -0.0129233114621499 0.0662086396270663 0.269919630462443 -0.358199526614808 -0.0615865029910017 -0.215283116921178 0.248458467485704
-3.46310691291828 12.1702689782021 3.76108026375371 -0.823143112073165 -0.567722007529981 0.0112756025389804 0.552416385937466 -0.796039771813824 0.247299046173609 -0.00862525605377246 0.393605153898701 -0.253634851058046 0.0495382921725642 0.203369191206274 -0.501169262207288
-3.3960511385405 11.781426463636 4.12984063146556 -0.62033726394153 -0.468305241438235 -0.629183502491141 0.392463659166565 -0.879872504541095 0.267948972728327 -0.0738369369985213 0.110539882279958 0.10037277890092 -0.504394459693791 0.243111237245948 0.453758837489462
-3.46600920987048 11.2776068347758 4.38483526099391 -0.237714836289718 -0.258273642191366 -0.936368721368327 0.578132986266239 -0.812275035719541 0.0772755882391225 -0.193766118848285 0.106378129345674 0.146047678956463 -0.0409878333890191 0.00112392624887697 0.819537664766629
-3.42050445337037 10.7306724877577 4.41248321057855 0.107626676811218 0.104165599195911 -0.988719387077418 0.34574121533807 -0.936344237672911 -0.0610121348036431 0.174008477393778 0.346467316340665 0.344763941722257 -0.585581465092295 0.0264530193750092 -0.0901406449278607
-3.37827749377526 10.2068462635382 4.31360464756524 0.578268992697166 0.434834527975069 -0.690307109456153 0.515453625389303 -0.850583054217277 -0.104000134381851 -0.11186639190251 -0.0144301446740367 0.154342955743054 -0.94822034414394 0.444089395632763 -0.0668160715120193
-3.22209908073159 9.76272786282432 4.01780242127905 0.749130488089558 0.634655306724341 -0.189779222944263 0.603724659122472 -0.77203503243245 -0.198691833411628 0.338004737938127 0.506780490999899 -0.13697694730713 -0.058962837006145 -0.457766032352404 0.49489309496583
-2.88026361886753 9.34977514110354 3.78956987558572 0.595057459338578 0.773106871590012 0.219573188677075 0.800603096428436 -0.546328344292489 -0.246089459773918 0.258076580785836 0.104705279290764 0.0977080588505999 -0.210656161645292 -0.238393795400806 -0.224471856251675
-2.46808497099055 9.34682684583614 3.4892254737235 0.282205085569491 0.0352831504661579 0.958705058384429 0.774865478760517 -0.597584710194151 -0.206097074135982 0.371197471097084 -0.242675201936437 -0.393218749240765 0.242141606965938 0.0455187233992446 0.187510629921367
