t = 218845
b = 30 30 30
E = -0.894198748819271 -1.30664044626883 0.412441697449555
10.5414027492973 2.84839819750164 23.6843152504091 -0.303142233479838 -0.943071750456859 0.136822731192853 -0.929863975057187 0.261325853732418 -0.258962904798905 0.652314796682243 -0.127009424010255 0.101168565347424 0.290573839257572 -0.856655587408229 -0.530600003377206
10.2424492888587 2.759185886396 23.3609577125487 -0.392073160341071 -0.431398771618204 0.812510761028112 -0.904676447071899 0.341004556971778 -0.255492501333886 0.463383508442423 0.319300671476358 0.168266185524709 -0.120809845461199 -0.123458388329815 0.195145172754122
9.76665837057453 2.67642806880701 23.190260971512 -0.23064953334761 0.0215887418964277 0.972797367898308 -0.94110172270342 0.249080579138812 -0.228662223859858 0.423594615226184 -0.0622935586821729 0.0927451515360665 -0.265117732398307 -0.00475797029641485 -0.570184685623975
9.31560429215275 2.46056102533664 23.2107775277567 0.0063435725568195 0.560374660391033 0.828214947389181 -0.980887385806919 0.164558792371803 -0.103828417198762 0.0983658451867462 -0.540683405240642 -0.0541319829397456 -0.418757651299914 0.00685414341517896 0.0191646757801165
8.75547065364522 2.57038160050633 23.4291082242964 0.463341121391529 0.80697901523203 0.366196496710175 -0.745792322466162 0.578287360811372 -0.330722754095234 0.136162150503489 -0.043164143409048 0.774568110544209 -0.109334860195807 -0.257615142434541 0.123595424609438
8.33893151080913 2.79870620206869 23.7168939783959 0.606996099805201 0.773979684228757 -0.180308577783928 -0.789690773578752 0.612883013751561 -0.0276205282248125 0.345383630306011 -0.254157862535549 -0.0667791400320517 0.853924798167453 -0.315642031370382 -0.0151367652545571
7.99679566324436 3.13858410775644 23.9253143685228 0.540933223753772 0.539017430036932 -0.645640346908203 -0.741905279017159 0.667404961575901 -0.0643985576726518 0.58955151100561 -0.303896259848824 0.626558610666534 0.356073902187003 0.492626595557407 0.107583404351724
7.74225068623396 3.67222303210505 23.9732933107459 0.418644761479128 -0.043748404035262 -0.907095717568119 -0.819862494561771 0.411390091109209 -0.398225668369232 0.292537937175585 0.492979522111144 -0.530841818765749 -0.945745334407214 -0.153948808595465 0.118898694850732
8.29595502662555 3.53057391169239 22.8667333721173 -0.498025451647751 0.446545489718209 0.743349026449461 0.766757248002936 -0.173627809716423 0.618010280115152 -0.133906388138968 -0.165664356253537 -0.145110518171851 0.305365648086376 0.0392575743590869 -0.0459299494657322
8.65014611614517 3.74622827397083 23.1579765533624 -0.508598558683311 -0.5849050213479 0.631833539872097 0.860990219901192 -0.341382182937676 0.377033216583346 0.378927230112809 -0.277118011218427 -0.204076298940462 -0.315975053511608 -0.193607415415339 0.330187800790553
9.06271868728693 3.74150024371133 23.4151159332035 -0.533942317094038 -0.804650447816825 0.259698399772634 0.795134002398615 -0.3734067080862 0.477838203355307 0.174253091495168 -0.152807864952534 0.622078409792804 -0.266980191919334 0.540754541541005 -0.205182194027664
9.32778121906034 3.54060539589228 23.8749354932203 -0.512503563188735 -0.755483915426917 -0.408147217618933 0.659965308743536 -0.650644970743868 0.375642001513147 -0.0164286617814347 -0.549314931698872 -0.144800769669068 -0.545508622756041 0.0549968683743992 0.454209341579878
9.3390751407193 3.17099592532653 24.2022437072916 0.0265913893923677 -0.461414870015502 -0.886785890583935 0.711502817922518 -0.614387779866485 0.341015243118289 0.123849346241584 0.0111196493595841 -0.00720723459129896 0.11694796426622 0.148275359037673 -0.083845758144313
9.54072316726002 2.68427056977646 24.3559539107065 0.197087105540977 0.0658281876681817 -0.978173462397018 0.807315189188453 -0.576981517623662 0.12383260324441 0.569917474063468 -0.500505422541675 0.663339264195685 -0.338883228759817 -0.339918275401821 -0.364794222366274
9.78541274264182 2.23067555371075 24.3043776789941 0.41547571844594 0.555499762655511 -0.720277683307981 0.756868771852454 -0.650329464502284 -0.0649711458632132 0.311337170449984 0.631441934835097 0.0231169430791334 -0.0212576492835603 0.0217374576851873 0.210524311886795
10.0457409428378 1.79004232139244 24.0145383854203 0.517583866423928 0.791372248671339 -0.325325844731878 0.752688158445263 -0.601930146163071 -0.266722018731869 -0.0513865028621681 -0.180227659079267 1.06257989750909 -0.384986770588495 -0.139850005109008 0.139326457309096
