t = 4152
b = 30 30 30
E = -0.896421404661258 -1.24319967799495 0.346778273333691
16.9133120676582 16.4559683718686 19.917516606743 0.755033736633087 -0.650798266676756 0.0799104038057612 -0.65491252052458 -0.74260379350498 0.140104233812378 0.678828785013022 -0.459514234597164 -0.136874369416471 0.137001427589698 0.429072965353662 0.0475153736017457
16.8092019204845 15.9687223845586 19.6478421046601 0.559716111163662 -0.185974348112148 0.807546541536825 -0.62613452255328 -0.733260835410193 0.265111499034876 -0.336644855055167 0.121610561028931 -0.803870967525567 -0.512612474608089 0.15463326148328 0.454924384288432
16.7771789551761 15.5320175008111 19.6806847543588 0.00486968289268044 0.280554548930332 0.959825729631698 -0.607046320447668 -0.761915696853262 0.225785818242769 -0.260363039503538 -0.226920913898918 0.336825975208934 -0.0402822383781309 0.0270234100682576 0.0192511514133102
16.6087524203465 15.0274595977195 19.9776450696775 -0.0446787528388796 0.753953077833957 0.655407175326505 -0.69213364406457 -0.496451632111084 0.523914874505527 -0.710086823078061 0.169039799439113 -0.159940596405932 -0.114938372187284 0.047987274382443 0.0982737980375963
16.3524421514246 14.7644970919041 20.3786900296806 -0.314339248568768 0.920986678432496 0.2301616279033 -0.682877887111761 -0.387791101425117 0.619108918486291 0.0271537200226015 0.296980497315641 -0.310821653906586 -0.412589494012583 -0.837752577989113 -0.252485510555056
16.1543335152728 14.6950009597256 20.8890529854794 -0.567407001100525 0.764460243512877 -0.306022599149704 -0.708334561991487 -0.263623961187005 0.654801157128177 0.265387069195631 0.477267093119661 -0.069972310353217 -0.102707335671592 -0.152936552186418 0.305159424787334
15.9509910239183 14.7869259966443 21.3956484211761 -0.682008698643056 0.219175085002222 -0.697729472710934 -0.708964087128472 -0.43234295350298 0.557179947340546 -0.162521504351355 0.0676240160308081 -0.26856926788903 0.32327747546053 0.170313835047987 -0.289311190469661
15.4181015636307 14.915032947172 21.6057847215404 -0.169696243903186 -0.40928704718459 -0.896486083445846 -0.771446869309284 -0.510900009997699 0.379276821882458 -0.267736798058973 0.0486158484803004 -0.0707061334084748 -1.06399452417886 -0.242938867212026 -0.363709478124634
15.1047266349266 14.5571791553893 20.4482778458029 -0.00490735544675483 0.40842674668791 0.912777908613289 0.803037958954724 0.545554022430814 -0.239793338288189 0.331866835411227 0.0649505925827159 0.257705538261335 -0.156093717005824 0.0390734305242601 0.143071218955179
15.1579695940718 15.0937598133913 20.4165098851491 0.60194858967031 -0.286895196139197 0.745217446002292 0.724650696943713 0.588311597796102 -0.358846528919523 0.169311829299455 -0.591644243432317 -0.0569985433324501 -0.300072317873234 -0.385789931557082 -0.11625906498574
15.4897579728723 15.5681207470471 20.4671338816192 0.592321369908859 -0.686676281317247 0.421463022607691 0.803085603310986 0.461058430742916 -0.37746342497719 0.315200363538752 0.178674654649763 0.409264869551002 -0.174738243732679 -0.135229749588256 0.670139207776828
15.9249004200994 15.9113183982441 20.5018987466927 0.326829695678292 -0.938139748149293 -0.114351051439049 0.88476646281175 0.346256000796698 -0.311921605849713 -0.503546978141217 0.202918678335006 0.13422047664745 -0.395315283487083 -0.334984403534887 -0.694606404622401
16.4664217340888 15.8210909477626 20.7987386602514 0.113779936569445 -0.678758330510273 -0.725493800660739 0.829707834599643 0.466584874181205 -0.306404086769875 0.379340277924097 -0.316538662677165 0.172411382082587 0.0328602843025891 -0.331137419750669 -0.208102581026597
16.9784941998225 15.8733257820854 20.8381798269899 -0.208994982851107 -0.307164348808814 -0.928424019488896 0.799951927010721 0.492384987952784 -0.342978043190184 -0.529501250029206 0.0966078392900232 -0.335220272476893 0.0686555974686272 -0.347172439784891 -0.0515309336607476
17.4365532908997 15.7541721588768 20.6564980096622 -0.480841031721191 0.353745507056207 -0.802281757520915 0.876152268205237 0.229223982279267 -0.424044300594702 -0.00338492384551929 -0.150210707137584 -0.0211550520575617 0.584067977240742 -0.316020919668092 0.298060920049156
17.7685990670789 15.6533875128315 20.3126688772449 -0.460840030373936 0.811941779689068 -0.358297380398317 0.717656776689333 0.103424690190313 -0.688674149602634 -0.00942937646249358 0.0708075028488228 -0.666733993855263 0.169924248235397 0.172612718094405 -0.314527616956777
