t = 1394385
b = 30 30 30
E = -0.927199624740988 -1.32552409944049 0.398324474699502
-27.0818091505569 5.17949280048782 50.6322238413569 0.405464455099448 0.553156176165023 0.72774777252931 -0.0749576645924329 0.81356487213725 -0.576622534543331 0.695746339689986 -0.606886427762862 -0.869852956003113 0.242155316064834 0.156408483076173 -0.681991813904089
-27.3467661111697 5.6881255093693 50.469070276786 0.689494780319659 0.194632409851884 0.697649749478338 0.0461676186371294 0.949448944172814 -0.31050805689785 0.269906297391989 0.060204642666105 0.219840022841533 0.196955197628086 -0.0739265659782335 -0.308140458044928
-27.4258532143095 6.20623779110674 50.5876256929387 0.971734399054748 -0.0439187394160135 0.231955603557665 0.073874890189523 0.98976696402799 -0.122081356145319 -0.391172644777404 0.166980898985521 -0.167238401595809 0.0523639548851557 -0.243871048181688 -0.211897829279487
-27.3101429037503 6.64433613238246 50.7261503143943 0.740738168051054 -0.271272180866527 -0.614587967894187 0.161192853627597 0.959890587642481 -0.229405587758386 0.315130861048599 0.189814674959194 -0.275220118782941 -0.154416745188655 -0.635862859752998 0.36641773786656
-26.9455176782922 7.18189354754132 50.900605579597 0.298557572216112 -0.437664389441996 -0.848123374449025 0.165630516566409 0.898929375752958 -0.405576761403261 0.113642131082293 -0.461903267285677 -0.0160498598597313 -0.00367984527980683 -0.243380865738192 0.291855876119058
-26.6019657088052 7.647275318455 50.6429733928664 -0.338353226889831 -0.576426030771668 -0.743807854826816 0.111400907667153 0.760333529489306 -0.639908401027308 -1.15344242454108 0.107036110118846 -0.0135085554501358 0.117780272324677 -0.114560685767783 0.491017901155583
-26.3435801501191 7.85767793641742 50.2000161287356 -0.83991549222182 -0.386719624771544 -0.380775390147972 0.0512075706595843 0.642008992547494 -0.764985122858802 -0.0594998710709198 -0.233598911926019 0.0264367401461951 0.112008235575944 0.540772502231593 -0.35793230063266
-26.344307502988 7.89106678523176 49.7303283318773 -0.969408250185489 0.237040681674838 0.0637131046445638 0.115538992874463 0.669691645591011 -0.733596510999853 0.0465842163525589 0.224614197090333 -0.346627789325424 0.367836867748566 -0.224231181175293 -0.165936187081161
-27.5045122156691 7.81610092639516 49.8465750367963 0.916100266905814 0.207539497661683 -0.343056347974239 0.376774476130302 -0.738205469836732 0.559547744557886 -0.221832426189593 -0.547120473699173 0.542705847610721 -0.0181027959119603 -0.0525874214322236 0.388066204247117
-27.3134398709353 7.33398742086189 49.7853002444435 0.820893571792696 0.523144374533774 0.229027743260776 0.369508339922961 -0.792340154450373 0.485448932816768 -0.104960884621944 -0.226746216913081 0.337535989241319 0.858967973875901 -0.300374597382275 -0.15319211380843
-26.9523854341071 6.94265700268333 49.7828859680504 0.363774920339832 0.599179090271869 0.713198587430399 0.454654673769693 -0.782470621353235 0.425474857469199 0.0846176478988486 0.56274183241804 0.027881642665862 -0.50746573095833 0.460860201612514 0.118434392811641
-26.5629450166175 6.67327238934362 49.8940226940555 -0.402530528529457 0.402924037079164 0.821961917576237 0.210063729308057 -0.833300572009088 0.511354462499827 0.240515834851999 -0.175335782600036 0.483982213707388 0.184837464819582 0.0233697671351499 -0.310367336171667
-26.2831277645271 6.42205034991324 50.2542952268616 -0.950303618200308 0.166308782613857 0.263181348239014 0.0027192937033419 -0.840893473061053 0.541193839954838 -0.333181467137821 0.0412306242829932 -0.272012276160404 -0.12812427758494 -0.0865267818915041 -0.478137127305618
-26.2724527883531 6.09359107722896 50.7347343079585 -0.98634824426078 0.162725284079273 -0.0252511972976259 -0.143056619186974 -0.770791316567533 0.620818451731969 -0.0474174756263015 -0.497062692167426 0.130930404242469 -0.474526544048881 0.11923467098932 0.189552159148094
-26.3672892558189 5.84149904018387 51.1405938327267 -0.8224167994515 -0.075798692508897 -0.563813059616304 -0.359430744781773 -0.698973463992606 0.618260168812296 -0.357978861487777 -0.288060991148885 -0.435240709411037 0.434113744970625 0.176339841422514 -0.167636950044125
-26.5945182780244 5.80648680324692 51.5038127590798 -0.454086141178061 -0.534775896729144 -0.712615265530795 -0.353214123858966 -0.626239592393633 0.695027881185486 -0.156853733503885 -0.0732518217454289 -0.760994392992268 -0.550503628428029 0.790860936609827 0.350490637753993
