t = 1000000
b = 30 30 30
E = -0.315004684821098 -0.70205686720918 0.387052182388082
-20.8404419668651 2.53881615894782 10.159043313245 -0.642758291085846 -0.569224037113205 0.512684868913589 0.699129179094537 -0.709458713978275 0.0888072299922829 -0.324344389526876 0.0683888263942582 0.351356600627088 -0.120519414531682 0.565790315132729 0.392032535258393
-20.8070965347275 2.20557474645825 10.7937402034496 -0.648334241776115 -0.0342470886727171 0.760585200919687 -0.75167088736446 -0.130042165268766 -0.646590993086787 -0.665925960581661 0.473260766249365 0.114963839303981 -0.198049377830612 0.427754552140351 0.240988781911793
-19.4125309109382 2.59708658675937 10.5391266769927 0.186015031780564 0.514846292796626 -0.836858233361693 0.250628893768544 0.79868539774186 0.547071104192398 -0.051577506928175 -0.346571562387297 -0.0832304102182984 0.22911381429564 -0.32528837986336 0.194547310468939
-19.064180224746 1.95617120884858 10.6805102155408 0.574166941820635 0.124045807660193 -0.809286698594689 0.74689719539288 -0.48425444130256 0.455677754112493 0.537997615953538 -0.0241300508129129 0.00420588989655153 0.289850136565542 -0.0563089351568378 -0.611962553367309
-18.7619076143381 1.4526181194696 10.680126947075 0.531586946658211 0.54998389428656 -0.644152958673624 0.774330335188831 -0.623765404050184 0.106438962398451 -0.0824022993421413 0.091892988912112 0.0990994273763046 0.388721331051503 0.327602639484716 0.388033275768266
-18.6501690657845 1.1623621147178 10.2652240373289 0.823532122751563 0.561508087271261 0.0806443471377665 0.561519483946924 -0.82709503951704 0.0246913902866099 -0.199307732975939 -0.0790367304405728 0.511962959583141 -0.227660753050816 -0.808296624380724 0.254611576916003
-18.3358997016657 0.817208967928369 9.99553495138729 0.64648177153856 0.508591424129948 0.568679243835992 0.513752849365788 -0.841262338114153 0.168332077273753 0.313854628494805 -0.716668023543961 -0.108342745919166 0.114021730298359 -0.454850321455275 -0.0909357352529959
-17.9323265279513 0.528330462648515 9.99548459083945 -0.288547754946517 0.258821574438923 0.921819714326121 0.415338213278429 -0.8336346339137 0.364070687820668 0.151300834413613 -0.153732819708638 0.650332128975882 -0.290912909572383 0.468881673788651 0.107853976478479
-17.3294969952539 0.991600684626018 10.7121760951552 -0.383496558292428 -0.0566807443760548 -0.921801325121003 -0.460431638913157 0.876961117381244 0.137629591618835 0.0943665436819964 -0.148283072021877 0.189675897308799 0.413671212017496 -0.354233480060421 -0.228362082481604
-17.5027306515953 1.5202842162383 10.5297645224747 -0.660035825009195 -0.526904384733889 -0.535466599380952 -0.572164817782452 0.814479017912261 -0.0961839418648505 -0.292591366876347 -0.0298887066437251 -0.482749624808595 -0.242695745747471 -0.332345251790437 -0.128204848105219
-17.7183049527184 1.87151953455146 10.3141249422102 -0.7824468586127 -0.621636222186019 0.0366786138428913 -0.622156636136856 0.777886053554088 -0.0883991391186876 0.107220102415857 0.248827053360352 -0.225562515428699 -0.588427634691064 -0.0676870816478806 -0.681861130300803
-18.0060561110141 2.15469237428142 10.027067659349 -0.662158054425999 -0.532302629053187 0.527447269460959 -0.706341585013511 0.678412318183375 -0.202084862910715 -0.640879255619298 0.16505905454458 0.0408291858394989 -0.044791851366576 0.16760520554749 0.528507711093813
-18.3691098032576 2.11713039841829 9.67387136584248 -0.49022306325476 -0.0537941304392265 0.86993536529066 -0.683453012718513 0.643127385225503 -0.345368130809708 0.0373910797730854 -0.135831650393519 0.203890778174052 0.179775554108937 0.0670395835391585 -0.313471497672472
-18.1724195622926 1.84006537983464 8.92653115823062 -0.484066757749619 -0.168369437631045 0.858679862645885 -0.829025485406207 0.402246286162357 -0.388477373621165 -0.101121386900301 0.0535339849691504 0.930389184186587 0.750442260578246 0.136206633928817 0.0929702282713237
-18.7163939354292 2.75630013971348 8.68771029580635 -0.790717485726589 0.20247778834758 -0.577727100794213 -0.0413761281679515 -0.959237267175775 -0.279556579745423 0.326538688262652 0.145401473293928 -0.354369220488622 0.858364576875843 -0.610762588543264 0.590825997677835
-19.0816849587974 2.99558307846279 8.97927696262064 -0.815365365598608 0.0749469618282319 -0.57407514620908 -0.571221736627628 -0.265587710407892 0.776639488877827 0.0369831809580097 -0.0239229350761119 0.387740064486243 -0.0429148002833091 0.107579847936768 0.567633162453715
