t = 808072
b = 30 30 30
E = -0.848747084861195 -1.22881854340761 0.380071458546413
19.9363228088279 3.12710883889362 8.88297652847397 0.462929861870391 0.885729338743246 0.0343435798671074 0.789469152287973 -0.394382759344759 -0.470319781337449 -0.661711665768603 -0.0860680773855386 0.0186961804238141 -0.161554517601804 0.435055381735571 -0.499151438627523
20.3010213830441 3.17140130438203 8.38071588422154 0.597360672119494 0.568136750596184 0.566021960728524 0.800809859648852 -0.38457720122723 -0.459133907466479 -0.171319436620248 0.249740224469708 -0.0918581654902795 0.104305960819213 -0.469756142496169 -0.218397883010803
20.7061975971228 3.26803495737025 8.02761332363162 0.39634642878495 -0.0204364223731726 0.917873553944105 0.846556485068648 -0.378784352171671 -0.373984668319499 -0.357024908158598 -0.309273835498058 -0.276871820421329 -0.558537393724063 -0.160439173980809 -0.386331688624236
21.279837157213 3.4067139497041 7.97431097081914 -0.0074837036913675 -0.657409406072155 0.753496427985513 0.871775770380434 -0.373408595350748 -0.317132507157068 0.373811431500752 -0.310486163590559 -0.257007965135295 0.255885568194933 0.438179396922377 -0.214320706547841
21.9283279935095 3.27991296034835 7.88968297673375 -0.379414087537491 -0.562194419498953 0.734834937154147 0.673061373850671 -0.712668513389094 -0.197716911401048 0.115922804871758 -0.331551929065958 0.254910493747536 0.330689797209937 0.0183044063261093 0.105693830928126
22.3513200490004 3.1203839358345 8.12120169435066 -0.663128118573801 -0.743953570293199 -0.082426837891304 0.747974205887633 -0.654476838167079 -0.110429414693643 -0.0967194316401391 0.0101682863480223 0.10757884961104 0.294094534573341 0.44358314709858 0.551180763772771
22.6048017477955 2.63798005162804 8.27408176370481 -0.606769679302411 -0.388278733766582 -0.69359222976029 0.67338141772597 -0.714735085040188 -0.188974137050415 0.151607042982601 -0.019690892438457 0.1663002955746 -0.414749961350554 -0.260136414250591 0.290239714278014
22.8732290052875 2.16765415141502 8.22963025877665 -0.629538626309114 -0.181967493012972 -0.755360145540793 0.547538930928693 -0.793663717005182 -0.265139630057386 -0.367892410295473 -0.763494211206216 0.155828290290865 0.0138576988620613 -0.560413002842413 0.18235064162311
22.2097875293717 2.17426248073484 7.31780707327376 0.320514267276469 -0.292885627338805 0.900826628031482 -0.644139315589762 0.62987942346049 0.433977480997128 0.654669245110536 0.328048653067791 -0.406094205069482 0.0262208610803615 0.704649751058565 0.530378957577699
21.8144022608924 2.24298128597742 7.57704676268339 0.777680885529196 0.196009985599672 0.597321124545035 -0.583197383407756 0.579692230901579 0.569067420802412 -0.259900336597158 -0.426409146602161 -0.0128750069005663 0.389747830489765 -0.33417910934305 -0.137686665025803
21.6352308879016 2.20710570141097 8.09428125498588 0.618377343580871 0.785626528532349 0.0200104625646271 -0.641194495228766 0.489643223528687 0.590863040763905 -0.0924646795303377 0.37325899526475 0.438971634853628 0.506477892667607 0.0897881718969765 -0.0902385076219216
21.4878865515206 2.36213498410447 8.6007034155478 0.288246634477742 0.895330076723443 -0.339555490938774 -0.650610022619194 0.443304547419444 0.616593607414726 0.285577247900921 0.695586291517423 -0.105811756480027 -0.229803605639151 0.151349835719857 0.479106249658654
21.3767075880529 2.70332048265727 8.98629922947181 -0.11479405391035 0.526304037442548 -0.842511949682887 -0.786812867337169 0.469569209419413 0.400537475597345 0.155171702816871 -0.481462745619626 0.019190940422308 0.205001063088769 0.0428464092983101 0.349679632346476
21.2188701638024 3.18618316784816 9.08336977144644 -0.519752357181949 -0.0383268571790701 -0.853456817432835 -0.672135164480206 0.634993383289503 0.380811927134253 -0.0561875715355107 -0.131128416982124 -0.352462149482917 -0.285992244148398 -0.0630221525740157 -0.414238025698331
21.0449010389624 3.66607753189764 9.04602321894064 -0.771513043590434 -0.533774460862937 -0.346197123760853 -0.633556115453332 0.694268272228708 0.341464807481312 -0.864828434246927 0.00202870460925008 -0.244459782644734 -0.201512656120855 0.488751211936154 0.280922782817511
20.726885858343 4.06137622411308 9.03585869253522 -0.781041689349014 -0.611675479528896 0.12580535458377 -0.612795087962382 0.78950212594128 0.0341844014629578 0.561376880075221 -0.398519331035332 0.00540503940838238 -0.945963181565049 0.0405635751544668 -0.479925075001644
