t = 6134
b = 30 30 30
E = -0.792402770986034 -1.25047509905429 0.458072328068255
5.02341841960223 16.9467052289379 13.2337096124861 -0.634529045675934 0.461272567858012 -0.620161679189597 0.61406824360684 0.788129928937644 -0.0420880898397964 -0.0651274735815442 -0.202474499666213 -0.194620634041517 0.045814798076263 0.367814265661897 -0.1832297517677
5.38316033862945 17.3699596274729 12.985173110412 -0.836526307939997 0.392924235900679 -0.381882548653577 0.53887959485263 0.716106716846583 -0.44362140653791 0.0632775980270983 0.0845795556705557 0.474312542796172 0.10288565346403 0.165288338367703 0.714684614023418
5.53939663545642 17.5729596195472 12.5680443141439 -0.744599630019904 0.602835266892858 0.286637457364593 0.416835572186733 0.755316812526328 -0.505711991626487 -0.117453609520275 0.0673882648753987 -0.136723140411701 0.133011618729102 -0.833777861402297 0.818587463592316
5.5952468702333 17.932324904655 12.2535460304544 -0.358847326070099 0.580824166629828 0.730665370762232 0.347446752342297 0.809669198263247 -0.472986832449426 0.199235856458381 0.193671115871458 -0.392251999562654 -1.0209641749706 -0.0229766545949486 0.0647730898084896
5.52641371543489 18.3955494427399 12.0551883503092 0.139920643111561 0.437946643775732 0.888045579256393 0.331264987005839 0.824482502483046 -0.458794192948553 -0.122547089395025 -0.236301316742352 -0.270712980585723 0.123756220333296 0.381199425586894 -0.0947692445279746
5.42781974917111 18.9547958160755 11.9814193587481 0.577897645607316 0.0708450681742488 0.8130284666092 0.228097985293546 0.942501584147921 -0.244258209654627 0.0762923690593022 0.624048126605978 0.0972562317035118 -0.297957400777184 0.0710064301347667 0.284841400692389
5.48529365458697 19.4881253899244 12.0273624996876 0.812093520529298 -0.221784838235838 0.53973660191157 0.324379158083727 0.940452836600498 -0.101619997692238 -0.341015489747879 0.177865808450339 0.287957891056162 -0.175119662353996 0.0291618483002692 -0.616018423996821
5.52368194484321 19.9771560320105 12.2729565290475 0.915733357489311 -0.401577433385488 -0.0129608246988498 0.393488920342226 0.902877040185373 -0.173145949632123 -0.493667728883441 -0.0106388143066381 0.567290276076201 0.282596949242013 0.603468630113937 0.207672303995148
6.60903342060276 19.5055935397012 12.3336538285632 -0.853934222771699 0.435052968946053 0.28552628143575 -0.406979299610985 -0.900266604812897 0.154557076663662 -0.270062076719191 0.614249469090434 -0.656275684654913 0.504454353396744 -0.596945376239801 -0.114121712737689
6.44528724999236 19.2938358582181 12.6759177995326 -0.78992094903778 0.175885006946144 -0.587443068392851 -0.457984698941871 -0.806252006480877 0.374443210087577 -0.0328985256380058 0.0290995387097517 -0.133470200428649 0.0941054928988035 -0.0729697303833577 0.358354925742977
6.08622815172939 18.9732261757747 13.019272879315 -0.477442438269871 0.0599334033775107 -0.876616623900382 -0.665718523641644 -0.675815504621518 0.316373594020662 -0.0262276616847322 -0.529450977390539 0.0907906205993181 -0.856773674704846 0.149749765542815 -0.410849497396483
5.54261391498326 18.8923582048547 13.1846439234624 0.0700150939099807 -0.400358898958281 -0.913679724328874 -0.674484811839118 -0.693827060462763 0.252337569077512 -0.0833147766744121 0.31588756283301 0.634337353975946 -0.263409354912226 0.361692925270878 0.451426698342379
5.10620369298484 18.605520987056 13.2110186244036 0.482150574762034 -0.474888076984929 -0.736214736061561 -0.768264239735228 -0.633077305255202 -0.0947796577059799 -0.310175199804773 0.0608924306773201 -0.227808117161964 0.183951036484622 -0.217583556840712 0.0455691931573193
4.62184312285657 18.3294317775827 12.8736249760104 0.71687065494144 -0.610142431435766 -0.337376166089855 -0.640895674897639 -0.767198594513935 0.0256719783682816 0.0321353633207109 -0.339346783556583 -0.523785179875776 0.51173907726393 -1.20328118927488 -0.419226224150409
4.31739508103854 17.881169319188 12.8690539662323 0.908207434335703 -0.392714477766767 -0.144687923372112 -0.418199098400212 -0.865095770881509 -0.276981626286255 -0.0844109971662284 -0.00293219101363935 -0.578030587632056 0.203864430538284 0.572545038816599 0.384771951607477
4.23291608017065 17.5647623301398 12.5525783732186 0.607216589766766 -0.543791930030409 0.579291247945136 -0.400217261207163 -0.839179637853564 -0.368244048483886 0.0192816820240256 0.450461120702315 -0.383664422686408 -0.432780673726121 -0.793812273157549 0.0272731316288848
