t = 5799
b = 30 30 30
E = -0.885416062315828 -1.28801717385916 0.402601111543334
17.8462776701164 16.1637333346896 19.0655790442202 0.728578373458955 -0.332054712951822 0.599093666578436 -0.599662593598489 -0.731905673050185 0.323602935085107 0.0992372804257915 0.850763182604904 0.61128027858818 -0.555383217429778 -0.139869347264519 0.0728420165622975
17.7176656134379 15.6799721342276 19.0796034156264 0.321329845582225 0.133802600025988 0.937466796513026 -0.805238857612691 -0.482355837694575 0.344852472852623 0.0235856784123114 -0.39138710535037 -0.507691865318784 0.251932022752433 -0.707572168345927 -0.425040617382779
17.5390792713751 15.2855708579384 19.3166545239819 -0.141045013269836 0.680758344770024 0.718800654046508 -0.660409213442558 -0.605603159654886 0.443964507383412 0.077821318475453 -0.452910227670258 -0.340064929495306 -0.172278026487102 -0.0959494271667569 -0.327757024452687
17.309508429834 14.9633633585868 19.7360074263875 -0.271779559395937 0.94044568259055 0.204200365306601 -0.781775256668627 -0.339493917361365 0.52304046510317 0.152473035351585 0.285070018260437 -0.239984684908163 -0.100459904068047 -0.284015710358585 0.153492323478188
16.9353082171667 14.7974477659037 20.1599838492372 -0.390342523978653 0.872195110885447 -0.294802310916161 -0.782253949748221 -0.145340368605303 0.605768054090825 -0.622808393935188 0.278438933118287 -0.053234862763992 -0.0751759931632202 -0.311328992913767 -0.0639813231618966
16.7126320112224 14.9715585185457 20.617009168522 -0.454688253919519 0.517379606212277 -0.724966850844404 -0.858905975466486 -0.0393358754929245 0.51062042086777 0.280637479127067 -0.236538849636739 0.0910245822706212 0.348663254637607 -0.258803750564023 0.159645549991871
16.3560856032643 15.2132980475896 20.9684159838898 -0.439275697428143 -0.0909410653896828 -0.893737424680655 -0.896154448939159 -0.0251891298523019 0.443026761475916 -0.666107857969437 0.688268759269817 -0.249450769885892 0.126619812197511 0.0454007732439581 -0.128041020185586
15.8860380580903 15.4739255833232 20.9776174002775 -0.204639561281707 -0.818938425332013 -0.536155299771581 -0.930970176776622 -0.00635549022528936 0.365039912470532 -0.0366403363678199 0.367661588796367 0.559551230659337 0.375580349577513 -0.0674653507840695 0.364465572869698
15.6321733867051 14.5819680514367 20.0431678597412 0.0875542294199036 0.708838246117747 0.699916136227331 0.921251526325631 0.209690870393562 -0.327605500741808 0.194202275159142 -0.330856618474148 -0.163585972436585 0.0666797477222485 -0.154060617044277 -0.0985252564582487
15.8774540490942 15.0836412564815 19.8500153979195 0.236659459593628 0.284223788450499 0.929090489814478 0.902383468680916 0.290149369897065 -0.318617982229087 0.924257712578643 -0.00370779726398868 -0.121632640715646 -0.228621812844238 0.402185333963433 -0.541481554763413
16.1332593583808 15.5201673041748 19.7609687165829 0.470702557669417 -0.321680490464676 0.821559957798506 0.872793112118608 0.306038485225374 -0.380227075573632 0.626758642454607 0.309407617251353 0.0978674442800653 0.20691729614498 0.444807074308733 -0.40157188630602
16.519525003056 15.9001418249795 19.753902993254 0.442160342172264 -0.781987311399197 0.439306358502539 0.892445781699925 0.334616944592536 -0.30260870297723 0.28408701929449 -0.381387622609438 0.105200428597288 0.477731518093606 0.147421109812162 -0.381550882462415
16.9970025740958 16.0464269150331 19.967177657664 0.217066780364999 -0.932882218546453 -0.287424388634341 0.921995896791817 0.292648881500844 -0.253535398821056 -0.0481385598314685 -0.310834006313547 0.0261807740968429 0.215013285626382 0.5693886111152 0.144599259391929
17.4781814800366 16.073432130587 20.1854406226845 0.0612192620870155 -0.606801585086506 -0.792492295411147 0.869703628965351 0.422022765856574 -0.255953868623376 0.624369176017312 0.282585274938833 -0.0962607898623229 -0.0156945938974956 -0.0146263252729055 0.119820675153327
18.0325903747588 15.9768513380181 20.1333245829998 -0.251792728249041 -0.117341997755183 -0.960641076346275 0.931480641876583 0.23992769548971 -0.273456604868455 -0.077208448923983 0.778493113513871 -0.671436037979789 -0.188898231912683 0.100797476924163 -0.0208608112488326
18.5034278446586 15.7952728111187 19.9255721050592 -0.35755024719161 0.577274001668581 -0.734106632398021 0.930716625180214 0.285049634721825 -0.229157739031682 -0.342098560152317 -0.970775238966643 -0.636801149355273 -0.0677463605183199 -0.196595008583746 -0.37367363073488
