t = 905563
b = 30 30 30
E = -0.226906952935832 -0.546565011932747 0.319658058996915
17.8884797841766 57.4250121435202 -3.97967984966424 -0.273160127415313 0.729986749360848 -0.626500511211311 -0.265147348607919 0.568907107331267 0.778486728694946 0.516251909281644 0.339424650919196 -0.0906427473617497 0.54555978321361 0.230857999733773 -0.241298552262739
17.86131806432 57.8200932520241 -3.59930788040621 -0.569650304582163 0.398185454515888 -0.718990176776733 -0.368377090672347 0.658314759697121 0.656444968167718 -0.127704282368907 -0.214844879979356 -0.0200844484656803 -0.29905633588043 0.272940745609697 -0.435111365623054
17.8688190527923 58.2685856519623 -3.38517678356336 -0.896346347530238 -0.181400771582744 -0.404545405780844 -0.399650821967071 0.72563114963051 0.560123785592933 -0.438005197058108 -0.0937278765440842 0.0246145184460201 -0.0545082118930603 0.235762287848072 0.2981100112062
17.6846298710824 58.7084950347708 -3.60336292693861 -0.783320533850984 -0.39607691546962 0.479094999221946 -0.182626620892434 0.883344407313398 0.431682957052447 0.25176661443457 0.212769212911499 0.195022584894916 0.0479434467313057 0.061057027301935 -0.237822834254129
17.4209581308547 59.122492044661 -3.49787499432123 -0.199040436098563 -0.639546091224841 0.742538687205413 -0.428349944164549 0.738262461664856 0.521042093338703 0.260532780568195 0.356704812975379 -0.644801860858235 -0.188409650303276 -0.415059197993805 -0.0711297502962988
17.4026406300974 59.5517043853951 -3.03458046266592 0.841291426125079 -0.290269981473534 0.456039553310661 -0.139421859283552 0.698560155038356 0.701837057262373 -0.178609372372517 -0.401605792670261 -0.377953908009619 0.374323496722406 -0.680295516032221 0.158962523957472
17.4840513817465 60.665928446317 -4.06326183458635 0.915822809688438 -0.333035456934782 -0.224401349547245 -0.388492712263735 -0.593235323955165 -0.70508528769914 0.563944457286893 -0.0278849591118626 0.217109631035902 0.36787248994664 -0.181070681784512 -0.0821818978552917
17.055271621851 60.2885436951597 -3.20079913267089 0.395611912310488 0.122103790444162 0.910264730283019 -0.119646703439448 -0.975824280163466 0.182897896651419 1.04457029741989 0.302440105969181 -0.0381086676196981 0.53601016318342 -0.210513494008929 -0.105474727095555
10.877421613982 61.3745527277312 -1.13679813336077 -0.136520859447389 0.889973147377898 0.435097519967681 0.632287359973009 -0.259829772693881 0.729863811707511 -0.301776290283165 -0.33464073983906 0.0794181361524182 0.0104172609571635 -0.262601082719118 -0.0244147248090433
11.3257976997835 61.1071431723624 -1.5422261245033 -0.0181114456394 0.00822947256370462 -0.999802106078084 0.790723255260507 0.612103348733393 -0.00928569112073941 0.103131442380776 -0.0160586432665057 0.393120332515031 0.0110338836816455 -0.225863654581398 -0.031387655115245
11.7467346189946 61.2256188564246 -1.6469697701871 -0.37770422063449 0.659726987971506 -0.649692098656687 0.825280855122404 0.558005651835793 0.0868400983862737 0.471646068134716 0.448669029193336 0.0571060626426003 0.38780054762308 -0.387616954534474 0.259400476762665
12.1910408381948 61.4211610217206 -1.85975044093609 -0.665027660903376 0.746814650446688 0.00246740989352415 0.74658668696887 0.664899758931626 -0.0227294833535523 -0.455773621298258 -0.0580823372415482 0.50046440747543 0.0896450403776872 -0.411330838224427 -0.251994248877412
12.858945574738 61.0521725349044 -2.44418820052922 0.350824183990735 -0.393394691940992 -0.849801746456128 0.492003391757947 -0.694703110414766 0.524709682470916 -0.738264498521542 -0.320755343499661 0.407151683940648 0.0838924875427697 -0.313277135759871 0.343933642679225
13.675374531913 62.1473490996729 -1.50307501146195 0.275839392665949 0.713797111938583 0.643743980509189 -0.621899937673109 -0.378127407459869 0.685755154008965 0.296253728458181 -0.164332946708154 0.108330313851448 -0.31241225529328 0.21854798613091 0.324916652756964
13.6069542475787 61.9188500873178 -1.08547218861232 -0.165886961432497 0.933608749635623 0.317578681007579 -0.40126140794022 -0.35807874229842 0.843071110175061 -0.433390265287449 0.532755038156783 -0.0324754732157015 -0.28752725811886 0.00708821603043194 -0.134665530658079
13.5515037842805 61.8648012132361 -0.577258912590963 -0.599115895302764 0.779391085394175 -0.183329430271463 -0.449971735857448 -0.138366027728045 0.882258623817411 0.497989675188946 -0.190112799485931 0.205994298433082 -0.0737909458830672 0.411281529451663 0.342311399707458
