t = 3810
b = 30 30 30
E = -0.879400207597854 -1.31905015343302 0.439649945835164
5.09033704655861 18.2517864387998 15.2058318499485 -0.402680089399195 -0.508530944549079 -0.761081483178697 0.738599780344112 0.310609127654722 -0.598324606123803 -0.153837719393063 0.151754773725373 0.099533287460865 -0.188781620276597 -0.112818165782864 -0.617600975159928
5.53610797142459 18.138406493851 14.8838891497946 -0.699376470209317 -0.0362634169538713 -0.713832975918307 0.691766355296279 0.216904059267466 -0.688775681011893 -0.20606707501698 0.414000000697495 -0.238865480649761 0.462812049978855 -0.383204325081473 -0.116007706705391
5.88505606467145 17.9559452081257 14.3928851796439 -0.705421522899933 0.630220939853062 -0.324348642667521 0.665517762994012 0.431496181893277 -0.609013261063315 0.274679663395396 0.136242889288437 -0.0944926320639516 0.32369708871757 0.0216521319854878 0.481278143652931
6.01903260900483 18.0539291018385 13.9314296785545 -0.538149568208224 0.83059469736839 0.143204367743495 0.381865948058158 0.391738489741224 -0.837089812008786 -0.00208927660360878 0.174888303786916 -0.302027071733313 0.342277733593848 0.398266392246206 0.0154570998442893
5.95808300469144 18.211239949294 13.4528124596233 -0.175146654320131 0.863158023197445 0.473584075397753 0.0743366893451601 0.491240260820685 -0.867846220690065 -0.244140082264441 -0.125707327554303 0.322881741920062 -0.234503103930961 0.340444163506783 -0.154727711957313
5.68720923456782 18.5161586066424 13.0857530572728 0.349214073053059 0.725456951125948 0.593095054139496 0.083798174709004 0.606229324245425 -0.790862739254018 0.408210243463023 0.413369561715521 0.165798183632728 0.718126141485433 0.0781513014926416 0.264165305102846
5.49192971293549 19.012634200114 12.9318232349685 0.877187074538467 0.250040807088619 0.409905392808037 0.254936139236837 0.480891277485753 -0.838898768713564 -0.454721583896844 0.0864854590703612 0.0297606400616276 0.32080486823764 0.565968304476789 0.0630875715482995
5.68583772533826 19.4094265173645 12.6697563815232 0.868485136658714 -0.462710171809213 0.177856302410643 0.389629368651467 0.415360511508804 -0.821988199771391 -0.319017511671706 0.256259216214939 -0.423483672888839 -0.485653440454506 -0.569515738393405 -0.904913995604723
6.74507479579525 19.1338461918202 12.9101554809013 -0.918341070777204 0.375659462797047 -0.124617999240923 -0.231437927873404 -0.254268803208596 0.939033471850993 -0.236217090779537 0.05544402817681 -0.00132627768232524 -0.315586433343114 0.322982926555476 0.16753863134816
6.6274896911385 19.2664598311851 13.3861821947979 -0.80213854151511 -0.350792369523047 -0.48323749202687 -0.416293864508127 -0.251666074481574 0.873706818863124 0.950682154507842 0.758092794468725 0.84423860913084 0.078150833440282 -0.0507352609489563 0.156982419568789
6.30317721110161 19.2090491100126 13.8397358981127 -0.360593529370023 -0.55124864586099 -0.752394336111651 -0.631430962869081 -0.449435834562666 0.631903766202718 -0.0124187616672133 -0.16665980217025 0.497931416238869 -0.0066786247925526 -0.311620919637624 0.337566370038037
5.82825502776114 19.2217360512395 14.0057261112269 0.132061483610355 -0.875474605679518 -0.464869852062835 -0.696428343071951 -0.415673442239049 0.584981326525216 0.139755471156115 0.216054365711989 -0.658606432541411 -0.179717872380965 1.00341420146539 -0.107531965440839
5.38092523551024 19.0544383884154 14.091419641407 0.479192194020469 -0.846245744530261 -0.232901225961293 -0.750012643643946 -0.532628230893206 0.392158388957568 0.179543996803532 -0.127714337037138 -0.898203400680003 -0.0955891253260127 -0.873765327716594 -0.139949836718994
4.96638235499081 18.6751116535518 14.0063886149456 0.742597769352619 -0.636155407469581 0.209415497276894 -0.652258241656379 -0.615982391816355 0.44172941849455 0.346870229115071 -0.329738885685412 0.464699917049529 -0.362706287582199 -0.32689125071014 -0.164055657879468
4.72599833229186 18.1869568551691 14.0991626534591 0.76889045526457 -0.17924765307205 0.613740781332963 -0.600566820470433 -0.531821957801599 0.597063563911008 0.0304814677638364 0.00216412011167294 -0.105181011395932 0.667115167723708 -0.00200302072864483 0.31479519079196
4.63501894740808 17.7400480457291 14.2446082837503 0.22959045082464 0.541573396537049 0.808694306307065 -0.716879625993849 -0.467898286936787 0.516870191553487 -0.225594955790265 -0.155644869121825 -0.409228920115895 -0.359465277242922 -0.558915511641777 -0.498827647352511
