t = 143860
b = 30 30 30
E = -0.927672686117206 -1.33965705053675 0.411984364419544
10.4476141643422 5.60825350033854 23.4484175100412 0.60255771733324 -0.395435508483736 0.693220712264405 0.0153915416489938 0.874212070132244 0.485300274964658 0.148978241086877 0.192293384426955 0.000693508591004221 0.0981960719374034 0.0252591903141124 -0.204506856581394
10.3333876251216 5.89611653887086 23.9155131903605 0.795357610202877 -0.466247089353131 0.387324054974772 0.095850387135498 0.727704947326496 0.679159931770509 0.222057740804949 0.456045170041823 -0.0506954152004192 0.126025458236379 0.0086812507610313 0.0735665526319742
10.3067054182626 6.0360069714221 24.364164319181 0.989288993781221 -0.0723214749672728 -0.126794680652699 0.141419180441658 0.690074541425374 0.709787110815456 0.0679461497193273 0.215219632947344 0.477647760347045 -0.118108348872527 0.226084838317052 -0.171715593350003
10.4829038194798 6.05266911830719 24.8368511291885 0.811446647440643 0.405954664023843 -0.420422583973096 0.139181952296235 0.564445050263345 0.81365236396648 0.405156735292179 0.082212048666867 -0.187396110817759 -0.27846864625535 -0.0721530420960194 -0.802947776831741
10.8420350073162 6.09665314438502 25.221752085861 0.431191964239476 0.689596489247837 -0.581833457264486 0.330184987479753 0.479526804476063 0.8130386939328 -0.340195898708205 0.284922553792733 0.394867264404484 -0.422671559359209 0.0480854504015542 0.646483206540252
11.2115294134394 6.26262292333521 25.494943089723 -0.176531405791205 0.856284859254407 -0.485399734838214 0.605540619865319 0.483258496810306 0.632282992776016 -0.0624151225186963 -0.0329037009956589 -0.0179253302598452 -0.0706018649822751 0.203421581351959 0.015804851273018
11.6743045145862 6.54884470396501 25.4209901689559 -0.701229148577706 0.678390789360132 0.219234162703521 0.551109401826886 0.320714171313841 0.770338138440822 -0.00863450990569899 -0.347803520203428 0.0904324500558735 -0.442136534079025 -0.606182965445557 0.427255300736669
11.9473593096014 6.89591714493718 25.5699259740107 -0.835727769433461 0.136696113482191 0.53185831567875 0.485050091768166 0.63783375384708 0.59824285280228 -0.100812839988673 -0.0986496267425063 -0.440910713316067 -0.0918777475029343 0.97896898347167 -0.192374889750811
10.8472144907925 7.28704944296988 25.8528487038417 0.969519985564187 -0.203643248919643 -0.136236649845198 -0.235810760431515 -0.62460666325697 -0.744486266817403 0.378313611320437 -0.332236491634891 0.539370779609999 -0.0385717950316584 0.0422162668512868 -0.127120769745758
10.8755032293809 7.37210518544291 25.355945237784 0.610607515524802 -0.723881149271532 0.321176810672807 -0.174120712000903 -0.518352581322042 -0.83725299586747 -0.192871248097101 -0.549180180306772 -0.0395824044090454 0.141077320301208 -0.0665780905102542 0.450975407684083
10.9879985010925 7.22844274964645 24.8814838292154 0.162293029956259 -0.777715340069552 0.607305378082661 -0.0942037794532327 -0.62486545522594 -0.77502826451815 -0.455461914902077 0.437126300269403 0.185798315156627 -0.285180761139802 0.561788428664196 0.492022217011724
11.3212064828089 6.93468972116621 24.5174982018436 -0.441203235082867 -0.611647001737469 0.656679260079073 -0.183345783636193 -0.654879712769063 -0.733155430605493 -0.469279043493285 -0.356430542982216 -0.394254341250983 0.274328784702707 0.245820634305955 0.657857788008967
11.5209920483846 6.48276904036817 24.2841192512386 -0.869516766578665 -0.240998903875067 0.431114974188501 -0.11647784965278 -0.748194678687612 -0.653175040340509 -0.526548693454288 0.524866863703014 -0.0206362609623027 1.06610702588526 -0.69458214859256 -0.302047421843554
11.5220876371692 5.95151766053924 24.2469819264666 -0.980824162728504 0.19451604228287 0.0121437680534367 -0.16758566484936 -0.80994119330382 -0.562058990077184 -0.031007775304981 0.359185123684626 0.117017421009901 -0.596915723711183 -0.0615358289743816 -0.178246676569464
11.3683287212599 5.44689647879443 24.3249394313403 -0.840184417406672 0.345988894918746 -0.41759050436989 -0.0996316618904199 -0.855409026455707 -0.508280364963117 -0.381848680556865 -0.402662498541745 -0.846801891927909 0.289845392358426 -0.321202775045399 0.0966782694274623
11.0925928001628 5.01418905156869 24.2706063640427 -0.456959928960977 0.573871570508743 -0.679602121749045 -0.233838583182413 -0.814668291189185 -0.530693030240781 0.26867449375153 -0.0123585079240153 -0.792302187913698 0.212837414848808 0.527928841759201 -0.260021082843835
