t = 489689
b = 30 30 30
E = -0.738922427290637 -1.26038841551988 0.521465988229244
6.57805118380899 20.5260935209691 20.1998125891099 -0.270726645644768 -0.611288334970304 0.743662325835556 0.694051584730593 -0.659263731863051 -0.289246831586727 0.160471977910837 -0.62678867345561 0.115106761315745 0.400053373537494 -0.00359786675169055 0.191096204086469
6.975385339324 20.263772424001 20.3479446024825 -0.57127824315197 -0.818476993555611 0.0611275708771563 0.783458130916917 -0.565999163025984 -0.256589759254042 0.221074100704919 0.756001301823113 0.0550589268043194 -0.311103464293122 -0.300503763652032 -0.207252609626322
7.42148662066263 19.9527566354837 20.5546595536508 -0.648830309033675 -0.52874262332582 -0.547220676105908 0.734187097930582 -0.623989272868104 -0.267594268581737 -0.860490501991179 0.0693012974816012 -0.261303966738994 0.37255091404318 -0.102562391553454 -0.317794238638807
7.68865001025635 19.4385528883903 20.5473317684431 -0.634948619893483 -0.0749179769826624 -0.768913224506006 0.416229741202253 -0.871655938114512 -0.258783168093324 0.726623251829205 0.719489131484518 -0.0827510837048029 -0.562904040827437 0.19143243356808 0.582535335649574
7.64510496021307 18.8906896544781 20.4915379717154 0.00462021503806231 0.504994168122868 -0.863110389101483 0.703268452803786 -0.615247252073582 -0.356208228578263 -0.221931905825203 0.425910356689593 -0.133543952008148 -0.0170219920395295 1.07617027239148 -0.570301321871542
7.68187702967269 18.4855349481794 20.1229814915559 0.360076345209507 0.812190378131554 -0.459011781211621 0.575561947160678 -0.580617212773474 -0.575857705698015 0.245970626001931 -0.502213938555703 -0.0591483131129284 0.437844977681753 0.367817631215544 -0.207151624005046
7.79442236808092 18.2934573839029 19.5942254003044 0.702816191173574 0.691644300959129 0.166365748803802 0.642617571803984 -0.516976800025244 -0.565488854571356 0.530772288466358 -0.391758189825513 0.0634511013193985 0.00535878819391976 0.495475085560681 0.631171262273912
7.98652992740637 18.3117838132585 19.1317027870118 0.75722773438558 0.152894130822916 0.635003577184574 0.618139037301125 -0.481791219647298 -0.621112993935259 0.524822132012906 0.0218696986294855 0.535608046428313 0.0465878763610345 -0.493225824687988 -0.528314400614345
8.81027188584889 18.7115944851502 19.817941465839 -0.68833214008296 -0.462501533349961 -0.558830203709277 -0.621245163562815 0.773586797533717 0.12497165051065 0.288237545787757 -0.151695081253219 -0.152424955461533 0.0178430382245058 -0.239642221080728 0.154150265307879
8.60136977592495 19.2285515887362 19.6121901801777 -0.640229489322897 -0.761797831892295 0.0988446474299712 -0.729865702820954 0.6433689867627 0.231024679888608 -0.49322691476132 0.154970963461708 0.802267916764254 0.0677208970104516 0.486851578582786 -0.966086940901202
8.11546082790828 19.4624221269595 19.5153489112978 -0.403218201437895 -0.799448687084822 0.445305376957809 -0.826876282818487 0.526764228432398 0.196964617523852 0.468924816985183 -0.32620482841199 -0.363200222315977 0.974630972416562 0.229424876268329 -0.373675808449516
7.57347455643433 19.4733939363258 19.4762639110613 0.0276684125179693 -0.537700760230879 0.842681642968349 -0.930721711664862 0.293687380630885 0.217955999903178 0.20387326247228 -0.00874705101388098 -0.274339545734366 0.307017980912677 0.346511191174563 0.442048224538255
7.03090676649798 19.4453105754487 19.563682247643 0.450793788973397 -0.0900842044831271 0.888070828214526 -0.701070632030397 0.580096445538297 0.414714459331173 0.304425069688614 0.407547432622268 0.414286209739541 -0.198797682092681 -0.629155692170753 0.324738550816923
6.55511729250591 19.446321392964 19.8743803345287 0.751266880835977 0.264972185148084 0.604473171329232 -0.654627147496033 0.415769307861332 0.631347115620007 0.149585419244142 -0.555254933725422 0.150689803223341 0.505191685265888 -0.0438175924405388 -0.327677589063954
6.27644680225837 19.2646867722335 20.2692240567272 0.631459099322194 0.770363202268243 0.0883172829872343 -0.623571722234217 0.436806258276805 0.648350676686689 -0.126640755809532 0.222371822602782 -0.0118642290907927 -0.0323024100509822 0.34001258652319 -0.48202290101215
6.16235871418555 19.4733997431389 20.7842100741799 0.170848065545492 0.877346115165923 -0.448413573281032 -0.53835681643386 0.464286384896683 0.703285213123925 0.287269047256214 -0.049403206998557 0.0769309310217651 -0.327738184379456 -1.03975379760524 -0.0140067810827796
