t = 874891
b = 30 30 30
E = -0.906423538958713 -1.28417895257236 0.377755413613652
-0.584493968425954 -10.8077512269483 41.7821698045488 -0.687628417093955 0.18175047418058 -0.702946601912279 0.372971228260349 0.919081033923239 -0.127210518325396 0.0258201175743048 -0.312238780774294 0.566908850160903 -0.719816979545564 0.203325270231272 -0.174663942129355
-0.375238836274078 -10.5602268935088 41.4434047647229 -0.845532332899333 0.507478815904307 -0.16595278072436 0.527402214035645 0.842268985379625 -0.111489286022838 0.077082090681185 -0.219120818131486 -0.192692370796047 -0.319721582398174 -0.0929141025283666 0.365340566291877
-0.16086350526545 -10.1451295758386 41.1269340313011 -0.855863729259522 0.340380565042682 0.389407688520969 0.271512767999933 0.936514595266049 -0.221858580331355 0.218140720286321 -0.0771393212232936 -0.00613584618939574 0.0287662398777297 -0.0524893452600143 0.127559433122632
-0.260564946488607 -9.65255171157636 40.8981935577049 -0.46956160207432 0.199660495660534 0.860027667188657 0.175058651203871 0.975809298676806 -0.130960609553272 -0.311285064679683 0.112207482307328 -0.0796681555874706 0.467225516884765 0.225805674809703 -0.122339019278827
-0.599426166158512 -9.16982312869152 40.8015833583968 0.104335266737931 0.0177209784003341 0.994384291428233 0.252769955493422 0.966536908841209 -0.0437464678287789 0.104341932911467 0.251136266458991 0.533355261183101 0.149209676582507 -0.296920424033356 0.321855001682637
-0.690249636242059 -8.66316684458685 40.8831775187005 0.671751704432492 -0.205913867098709 0.711582129433027 0.255821421691861 0.965975851683861 0.0380270189105135 -0.361309422891225 -0.328703711090492 -0.411181383536051 0.664219949842659 -0.17102952712097 -0.0568386054151577
-0.780946535643135 -8.24850248063139 41.1476217023229 0.94811308506334 -0.197827957456883 0.248888885208055 0.144759710081973 0.965591553632618 0.21604994304632 0.159570464962463 0.084551638318115 0.472378700634074 -0.628239455131154 -0.216559425603537 0.0419025219958844
-0.763805928903231 -7.93549897276962 41.4709800032238 0.948868942577636 -0.118069031002132 -0.292758319659419 0.212237207793411 0.925129937652164 0.314785587484237 -0.421994626494567 0.299622237007811 0.195437425899463 0.584199483622515 0.939238964463793 0.306742522260334
0.36078821108913 -8.11339579399198 41.1406457995421 -0.80458954599664 0.27409314726819 0.52679085896922 -0.141788063293053 -0.95011896323562 0.277795069804542 -0.12067676980314 -0.435208881073617 0.539205753056496 -0.340983380196352 0.221755402709876 -0.673444215849704
0.300218864816295 -8.52901170270982 41.510038243034 -0.902376382800398 0.142269717603391 -0.406787648801115 -0.2475403751027 -0.943793841431209 0.219036406952321 -0.333968554613271 0.0670079457347345 -0.227665148467175 -0.117892194523114 0.144416085668363 0.0759749002295756
0.036946902496244 -8.97714487812367 41.7583578161787 -0.688163025916683 0.351942024561292 -0.634482829640707 -0.578594523062824 -0.79383909245284 0.187210772060182 -0.380624581986633 -0.000887074375267023 0.204063603390424 -0.254049543506341 0.611805285113456 0.262792817921572
-0.387226657128028 -9.11052681158456 41.9931358254728 -0.201881722970364 -0.0884770961443323 -0.975405337994587 -0.489718359795304 -0.853357605590441 0.178764440144959 -0.383128667562965 -0.302336277907506 0.150600905794249 0.262371850307098 0.0631709842314473 0.17213698282023
-0.795026899072618 -9.42323021674516 41.9365901590521 0.4827190270513 -0.23353961008792 -0.844062551854213 -0.506754877771627 -0.860537660567556 -0.0517148779324377 0.404586688392954 0.277851271572513 -0.177118619116379 -0.199058125975362 -0.239294136412266 -0.733213191747582
-1.17294355550688 -9.6569635564533 41.7043516097086 0.851682321489473 -0.440171822195533 -0.284404624096326 -0.467929032437681 -0.883092019582968 -0.0345094994283894 -0.0324166897891264 0.435267779434371 -0.336548434451467 -0.644185126502193 0.844453614985704 0.360586442973161
-1.44772302314249 -10.1170115577393 41.31666672883 0.990958615567266 -0.113111906330019 0.0721575975166688 -0.117082668856191 -0.9916859442469 0.0533913535758805 0.0354358681733371 0.301000923345181 0.285667667717788 0.129403082640626 -0.0930152846895969 0.175914695820895
-1.38521181882709 -10.5116170037517 41.0906842229179 0.557028071001415 -0.203067655589596 0.805284580362615 -0.297238134003028 -0.954161469687476 -0.0350054489791746 -0.00454315494911614 -0.297057378781535 -0.244485160456376 -0.890832622220778 -0.676506429374009 -0.125339505033878
