t = 8738
b = 30 30 30
E = -0.920680550477738 -1.35660939602858 0.435928845550842
5.70067855279095 17.1697921257177 13.1092745013782 0.536146518540551 0.827769949539227 0.165359672522281 -0.726931920226311 0.353187702017642 0.588921412838404 -0.0229017788837239 -0.169946003093593 -0.541023725183288 0.181222324329575 0.344362611382095 0.29018839774954
5.50366781226797 17.3234896379831 13.5847843914143 0.336754610127494 0.846915865154571 -0.411497083716725 -0.534833906581615 0.531725872717648 0.656673654605774 0.209734112857341 0.363423221200165 -0.107558746346432 -0.366803173363232 0.0627442938139629 0.456757193133287
5.50448071594607 17.5671094138224 14.03190364043 0.0576007472561064 0.825437060037504 -0.561547695064431 -0.271214954477148 0.554265605300692 0.786913011233527 0.804490475196298 0.671430024902559 -0.581127107205426 0.319818446519413 0.692443376169779 0.0856428281195036
5.45545370138635 17.9675679726594 14.4502825554011 -0.43795939727376 0.474615341950301 -0.763499733808084 -0.565304687892839 0.514967480968202 0.644390489836438 -0.0643719873396498 -0.205534328626999 0.107267543255489 -0.357728631795236 0.439149650327134 0.636750299946653
5.41901099729457 18.4767291662718 14.6280074876982 -0.75907758758565 -0.0198953525467664 -0.650696081878623 -0.478109083105974 0.695413056343249 0.536481486837062 -0.0855745276225256 -0.00392377741852225 -0.0954130287204237 -0.343399926923287 0.0989818147395995 -0.154296381166953
5.20575548580161 18.9550811331501 14.7475127047771 -0.801520939133687 -0.515132823423811 -0.303648412414213 -0.585292980153401 0.571860569791129 0.574810939441234 -0.164598457750624 -0.407750433825223 0.0376937753911088 0.0593955369404051 -0.11838004778381 -0.0933462166016938
4.80569846543948 19.3221883843411 14.7895628283072 -0.494632223756035 -0.85688935726202 0.145188128417024 -0.76103898063484 0.507718962879565 0.403783512153217 -0.821051538018305 0.347449628647071 -0.131728037444145 -0.410078648332211 -0.147486322970983 -0.712836243940671
4.32203212671293 19.5386701205278 14.6152242206568 -0.293948805718282 -0.575320113579091 0.76328295312298 -0.880325569733712 0.474018218393517 0.0182652649599721 0.23470581739051 -0.539275504722278 -0.550296542890406 0.470483844199492 0.80009301710681 -0.233674423772628
4.2175468288296 18.6351312999094 15.3410367786353 -0.156418386934367 0.807918169744811 -0.568156245433459 0.414254928716888 -0.468532552963469 -0.780301288508027 -0.63350205117579 0.279919571255587 0.179628439319809 -0.189322891305608 -0.250690383889878 0.0473311765098033
4.13257192158641 18.3511855309314 14.8936326709019 0.489682314253588 0.856055354796171 -0.165470422227221 0.446259709241515 -0.409115454926132 -0.795912568344202 0.315582364606627 0.655952805836789 -0.272148186661443 0.249309258733366 -0.108034061311743 -0.0315930702062553
4.25105072412581 18.2981078278848 14.3425650100694 0.758262246712417 0.544363375112214 0.358757412532586 0.61271285345654 -0.407006462588119 -0.677442764092039 0.334976136424754 -0.0734808663466787 0.73150882857866 -0.484518830764791 0.605684812528976 -0.0289120652224852
4.50854576247961 18.3145216968343 13.8455413800722 0.733188016088691 0.20902839396088 0.647103132106516 0.67938349039086 -0.183801324140228 -0.710390840473491 0.368886448685785 -0.389042870626839 -0.412541731071089 0.300155452714611 0.0449325209986863 0.148851411979998
4.84156102273869 18.4918288184098 13.5622654027752 0.539690596454514 -0.477028647259478 0.693669755569869 0.750284454629189 -0.10118989788244 -0.653325218944071 -0.0927341358109176 0.113697527689523 0.356727738288941 0.0309485214232446 -0.552159125399245 -0.27967748536266
5.37043900760669 18.5321049159881 13.3152373681508 0.166747672061947 -0.82856331722111 0.534488580998198 0.754680540891745 -0.241609705279412 -0.609985271555083 0.0271144320482929 0.189746054369847 -0.622293046138105 0.001868361629422 0.0976274875236393 -0.115240352625167
5.84392018133046 18.3435328536804 13.0287846270757 -0.292766995113727 -0.802658731670506 0.519640690328599 0.721590072145958 -0.542034924209434 -0.430703968773991 -0.306242699729322 -0.314568794104042 0.850476716926793 0.477085926692992 -0.0882954157101932 0.172981737813719
6.30592660626313 18.1975131661824 13.2295900530105 -0.489256822991753 -0.859610033419051 -0.147303603490595 0.863515032487103 -0.453764622290747 -0.220089654973033 -0.522063543404776 0.359487401260125 0.21401163445406 0.23192861843247 -0.0179832728855315 0.895960888432008
