t = 3269
b = 30 30 30
E = -0.876426366754087 -1.24648560049207 0.370059233737987
4.98835271698812 17.5422360930944 15.4398791606048 -0.0788851322515493 -0.14548282141291 -0.986210872269919 0.535978744489658 0.827948680795652 -0.165008385920329 0.00208460763748502 -0.210879947007905 -0.0471296076504203 0.328278581363085 -0.39728350679098 0.355783913932504
5.34109250683508 17.7927755290933 15.3697773906515 -0.359626240561525 -0.0890690436093287 -0.928835654230668 0.758213661674951 0.552296579099551 -0.346526379896821 0.315058397022264 -0.522688966443012 -0.359435796032095 0.177374925280786 -0.539513529167277 -0.0589849251580982
5.77734337667108 17.7836432759883 15.0418577922727 -0.636435930099359 0.499343038921255 -0.587882502171522 0.768365841958629 0.477181908928643 -0.426510678298237 0.0373533302282258 -0.296355516030471 -0.43769943777008 0.184809364761544 -0.207105426465226 0.0197708006737912
6.12126979657014 17.9107778249557 14.6568772720429 -0.589794364915451 0.801898786910205 0.0953988609257058 0.724506911748818 0.577615807908533 -0.376098010207932 0.393788853120271 0.514561146999281 -0.182854444797721 0.295886580394644 0.292087253097639 -0.529234850606715
6.23559771159394 18.23824859469 14.1176975582736 -0.405652868904681 0.645250339012056 0.647377594572311 0.574466255504074 0.730880703071994 -0.36851311939213 0.227665745277915 0.495884898685072 -0.0663733304942429 -0.71224978705119 0.0938821714710572 0.326105398674965
6.38300181901664 18.7635035983422 13.7457443393008 -0.28568375364226 0.32666359837203 0.900930455919605 0.406773207535905 0.892553214694362 -0.194638938986287 0.431397174055928 0.913685999132648 -0.321968913022043 0.194557630874517 -0.142305726398178 0.193211282995996
6.32061432804929 19.2898663241132 13.661733451329 0.506765197050699 0.0745045799891792 0.858858604555373 0.345208538980724 0.895359088477447 -0.281359498321329 -0.381755628614842 0.267093735677629 0.0703935991305683 0.485544513349506 0.00376256571359884 -0.532075878673776
6.39134209407002 19.9316651426166 13.5929421532571 0.578316060638244 -0.46215277122679 0.672283682722747 0.689637984981697 0.717185044964516 -0.100225051507217 -0.676370799021129 -0.0480194846966762 0.0121087146329631 -0.356833923187195 0.00618456042453588 0.00246018440645054
7.22146774914863 19.5234753104864 14.4312587587923 -0.841606391962204 0.388361593779343 -0.37533179120017 -0.507141641958895 -0.807267663662559 0.301871287465411 0.268803120864771 0.0392962370843604 -0.0788958932942667 0.758527495307986 0.197676769939073 0.678201501440549
6.79937784175793 19.3111868986276 14.7121371099223 -0.430383864218636 0.0531257473330851 -0.901081230739234 -0.643023082322117 -0.718626531811313 0.26475880226691 0.122584500159465 0.209343118001298 0.518445779807509 -0.482600969023558 0.485483473401563 0.204521939443754
6.28345988041647 19.2210934841351 14.8374636248235 -0.00748995682954947 -0.304130163211413 -0.952601041555011 -0.681879114104228 -0.695243413366465 0.227326791027774 -0.487156771251261 0.407555328987699 0.326444027563458 0.258214444151803 -0.0444365821795254 0.0881771253936686
5.74764609464135 19.059558903801 14.8382671998004 0.476244964447498 -0.699311429121013 -0.533061215001734 -0.784295622160901 -0.611931692673387 0.10207830602597 -0.897969224364804 -0.187442469957154 0.131711339830948 0.00605150217976269 -0.0522527240014442 -0.121692106263705
5.34101409879237 18.858714042554 14.6644608942765 0.680393995685156 -0.731029972190039 0.0515673384558234 -0.732335032022903 -0.675605272070832 0.0851053301627735 0.284507824065909 -0.0535258608786721 -0.2953751203895 0.396093652867503 0.18866463635861 -0.302389029912971
5.06583122813352 18.4877548765292 14.4173074017998 0.527284781351548 -0.557257100978158 0.641432212135058 -0.714974171193925 -0.698880899444198 -0.0194273754693634 -0.541436338222338 -0.0926953008401118 -0.0128893106403406 -0.180670641055493 0.0809185666183353 -0.0959391044870677
4.86382138967092 17.9464895965101 14.2431205523584 0.393570376546065 -0.222450740630398 0.891974229839839 -0.605452466929749 -0.792848376492665 0.0694173046266188 0.418133385051992 0.059653618184377 -0.218467460114728 0.220544663071515 -0.535990821194813 0.655149718406257
4.74654924604522 17.3832641661463 14.2909536847581 0.0856996776921712 0.333849017292209 0.93872274868381 -0.43637577579035 -0.834432869990867 0.33659763484341 -0.185876768263983 -0.445126029488812 -0.400132486291179 -0.291614217035776 -0.311693097225451 -0.10579252809143
