t = 1145370
b = 30 30 30
E = -0.888267684208965 -1.24677281625925 0.358505132050283
-12.5092115468477 13.6723699863332 68.5559459037561 0.115584671489284 -0.936106823132519 0.332180973870397 0.180835822493156 -0.309002275828614 -0.93371087539771 -0.200687022934249 -0.509382123829554 0.280115098493988 -0.114760085669823 0.878862428035374 -0.395629706062219
-12.3827352951659 13.4587561851534 68.1189532919209 -0.186126867098324 -0.907824512362435 0.375781111949521 0.310946739821125 -0.417232148288637 -0.853949330715288 0.288694524203124 -0.137684286263017 0.467584200548739 0.568359446305034 0.280484034764125 -0.318742685491394
-11.9657722469045 13.1957420969097 67.9761887765819 -0.683692054065447 -0.729695870947167 -0.0104456273350246 0.390013606013886 -0.353252266946753 -0.850354175047692 0.461228409800246 -0.646602245271348 -0.530119335522048 -0.279973220871772 -0.128783265607015 0.137754399512635
-11.7803417387769 12.7829191602182 67.7083339665178 -0.954396152089955 -0.256975405604736 -0.15195928991061 0.279034719227505 -0.586849425591157 -0.760096952466541 0.226778379020795 0.486328322572702 -0.35962788826294 -0.339066212487572 -0.0878122654442247 -0.088467938600707
-11.6161924192353 12.3196282757909 67.5776503807542 -0.981668840646165 -0.0285427680937885 -0.188445211384845 0.130464182302298 -0.821411887980613 -0.555213118919487 0.203552227944833 0.167774358224776 0.017883732551487 0.267605080402075 -0.301501728329388 0.082964686788077
-11.6776277229926 11.7538673067682 67.4653904445896 -0.470054726650218 0.60995741527327 -0.637965912496093 0.0435324055468873 -0.705894230247739 -0.706978263718392 -0.927433546579935 0.233607756624643 -0.0128478920521281 0.60722908954995 -0.694983354258264 -0.234586978989772
-11.8920203708337 11.3608252989276 67.1115820371539 -0.110638819952526 0.803376198538546 -0.585103183328606 -0.163271731671771 -0.595411202286574 -0.786656114085771 0.202843181727199 0.0925473958962487 -0.257882284592549 -0.103772306307102 0.0539891984095188 0.314283564762628
-12.1905865252985 11.1540631370148 66.7935013607036 0.424102459284474 0.720945763152009 -0.548064148272856 -0.186103541916525 -0.522887481816918 -0.831837816551584 0.474723436594084 0.000465411606897384 0.0860851369337226 0.40319247762576 0.703828901482827 0.400751381490089
-11.6086000113238 12.0284151370061 66.2067723577949 -0.648584533889864 -0.684295145487709 0.333284047414256 -0.190408434447425 0.569820152248721 0.799405793188005 -0.198846398678876 0.449975838821408 -0.00748547424786216 -0.668015933775978 0.537167279351843 0.156886248821423
-11.9075449317962 12.3097421753278 66.4107889221598 -0.0897329009134488 -0.77313011946735 0.627867681017351 -0.299365736666503 0.622195987739595 0.723361810265699 -0.231457834564534 0.139064411030526 0.197176716166123 0.11814875383691 0.387906857951263 0.403720104896299
-12.3119423432513 12.489402527819 66.7183118619826 0.490370779681192 -0.577959861277281 0.652302764969745 -0.341616713471993 0.56110188980981 0.753964647930158 -0.0775855175634206 0.09389160307005 -0.393965520031755 -0.491171832455182 0.177911683612566 -0.701018179048443
-12.6692457509897 12.4315130304671 67.0584399946603 0.823519449791988 -0.202579097765865 0.529884350554571 -0.47759806168532 0.256473020730239 0.840310467096496 -0.577640116711594 0.00805935954414954 -0.374841113998774 0.00876093933584191 -0.176105955081284 -0.50472619236165
-12.863040064585 12.3813273363281 67.5360816807448 0.911554304792416 0.367216077067591 0.184989464990724 -0.286408084430325 0.244250727451219 0.926451289228169 -0.0457246297260578 -0.320699830914084 0.0722024029020399 -0.20919153664048 0.530919076326236 0.01401184136016
-12.768502177267 12.3277838287063 68.0118974507495 0.652938938175174 0.756948464887246 -0.0264530625733509 -0.123067874514121 0.140489607896604 0.98240366873075 0.231993618936839 -0.00803827762410329 0.167538503409938 -0.248601670695873 0.283841394609375 0.0234690902319196
-12.5425662633254 12.2856794584061 68.4801615835187 -0.177120738449031 0.961153282998555 -0.211689892513427 -0.265143064769861 0.16053833244235 0.95075054510691 -0.144590715419533 0.14767659721599 0.475945749022996 -0.0857552575791142 -0.0402939003047356 0.0959361824555854
-12.2393326169309 12.5936192140385 68.8792548585159 -0.604406420043325 0.775802360439657 -0.181172782025043 -0.273055778415936 0.011907508427892 0.961924504894588 0.209972424105168 0.25674884203461 0.222201309652104 -0.0612161853218144 0.395074471468316 -0.102443338060425
