t = 1000000
b = 30 30 30
E = -0.96487359872808 -1.25411411217788 0.289240513449803
-7.86600647331264 6.49208409718773 66.7248564937693 0.32543544677254 0.942660907879166 0.0740417634877775 0.47017929088254 -0.229262546807759 0.852273500149113 -0.418960382015094 0.688352103400893 0.126491176295216 -0.192132517075015 0.0485520294796781 0.710462612927187
-7.5240179381618 6.42280540013677 67.1121170144768 -0.225458735115319 0.972374301745425 0.0604696292802767 0.408532007645918 0.0380118046561075 0.911952137689005 0.365167584124695 0.731077639403136 0.0108797841731174 0.302868817026665 -0.293991798708754 -0.398687936513386
-7.12243487388725 6.53097664279937 67.3830520071583 -0.597669937120589 0.771746398485587 0.217251335293475 0.553660936656499 0.201306879177822 0.808044001039759 0.0479354860262412 0.0696079577378142 0.0132593803376885 0.0232150089634847 0.125989183324938 0.106013709851344
-6.79875594150808 6.91953822537215 67.5492113489185 -0.863754499701606 0.243230343019037 0.441324330260703 0.50381826630146 0.399873436169899 0.765681650287307 0.133382910826548 0.199338889579743 0.142706180424659 -0.0736052125778488 -0.477861909460345 -0.081566062683673
-6.7101479695454 7.37522047899387 67.7607451990651 -0.644646247640516 -0.388041375607012 0.658676784333558 0.507927041860719 0.426530302689055 0.74838627795718 -0.124519822661892 0.159156449698179 -0.0618901330580009 -0.358517380741018 0.154796559440594 0.467014005400248
-6.62602967811471 7.7201989629087 68.2314978245788 -0.345819239972877 -0.84253881813451 0.41296173333749 0.640975784283784 0.109291062539604 0.759740421203698 -0.364463029178718 -0.168988935087219 0.0501578528441192 -0.116257706057768 -0.216696153810235 -0.0411939747595738
-6.56374999644973 7.77594753017377 68.7455642017575 0.131207139736163 -0.990832255478729 -0.0321889419702227 0.70214859336733 0.0699596728717397 0.708585208005338 -0.326289558634009 0.139464124996375 -0.0847396581696181 0.617222661084387 0.106049897819881 -0.23104830109297
-6.59626039678815 7.62348632242028 69.2860481789518 0.709543047021738 -0.546647005008542 -0.444663599070478 0.611478824203249 0.164035082008877 0.774071146227133 0.300267010790438 -0.320992333767435 -0.0636507505683566 0.273962491437486 -0.223044817157281 0.105513939818769
-6.06646589247583 6.73973891545048 68.8022641299166 -0.546826819623507 0.580653742671118 0.603176309599808 -0.756024229004448 -0.0329084542316417 -0.653715839488633 0.0768342955707011 0.033203166967124 -0.139283502850208 0.113963068074823 -0.271845874367612 0.530723942581896
-6.55405516409077 6.59131752948144 68.6703167876757 -0.0513783950443412 0.96751583755103 0.247534572556219 -0.821596411104697 0.0999604481989043 -0.56123724578448 -0.250213062810783 0.0788624044399334 0.265709214052453 0.385620461600547 -0.267979882218278 0.067338478686028
-7.11307794791637 6.65801783672266 68.7271353848943 0.309161936954566 0.894412930834039 -0.323178597520563 -0.757088632583968 0.0258173808866746 -0.652801857577244 -0.788313912629682 0.315586795529711 -0.117005012648561 -0.456831296954864 0.0232778060731308 -0.0150147340590638
-7.51441324545493 6.97483768869215 68.5677825123402 0.691070602813992 0.249376911397174 -0.678404435413196 -0.687449601870372 -0.0631128218318445 -0.72348449645358 -0.0670908151151291 0.434726563741784 -0.47406883279565 0.0640831910305708 -0.25350123782107 0.530956168823596
-7.73137966306891 7.2366085087837 68.1795712479237 0.714173507196379 -0.425616733905505 -0.555703695721393 -0.55346159194653 0.142670362888579 -0.820564094872085 -0.0121647653908701 -0.00511928531543404 -0.012938306580538 0.267689534264184 0.260772120038339 0.274351868511438
-7.72631785343519 7.54905620106385 67.6871136936204 0.445998424931091 -0.850868727461337 -0.277682937155524 -0.315428608249322 0.140920276406181 -0.938427551170323 0.558990063333656 -0.511794796268292 0.403015682231796 -0.447072893549031 -0.173192339971971 -0.110034141221684
-7.6251076979732 7.59604000775467 67.1336344653481 -0.0353425363482907 -0.997661956281938 0.0584938125970613 -0.106325568769199 -0.0544444577282215 -0.992839702292663 -0.194003233775753 -0.018815276304384 0.472133187323836 -0.129465226936661 -0.295508279843091 -0.573218689623969
-7.87572872081005 8.45422960232937 68.1807225637953 0.445731733441919 -0.456392301866888 0.770083949059785 0.780484644405386 0.619417205603438 -0.0846524970087721 -0.0146474360085501 -0.0484538414816897 0.177057722809083 0.109374661248813 -0.519563027550961 -0.677610885644982
