t = 289977
b = 30 30 30
E = -0.934612166263887 -1.37597201175719 0.441359845493303
-7.67540933027568 25.2537494099606 21.8373998502093 0.960792527694677 -0.132349506199043 0.243641800467194 -0.275658821075952 -0.361413301555669 0.89072590611345 0.190406910992794 -0.331018233665001 -0.863039030737097 -0.0935737466844363 -0.24452367033893 -0.194840561911462
-7.71203871764973 24.8679830789521 22.2617549980687 0.873530625876444 0.420821225864591 0.244650243240729 -0.0519580232427561 -0.419119938403771 0.906442960727861 -0.11227096926982 0.0906386756884746 0.838994984964105 -0.154559688471181 0.201392358900087 -0.00383868894910593
-7.45684406796166 24.5811942425872 22.6148899422358 0.284949944618866 0.918119494863981 0.275427163170973 0.0237459079767556 -0.294012747033144 0.955506481629684 -0.110005071850468 0.328646140088381 0.0370310280247557 0.478052929671653 0.28007632845909 -0.657121005480103
-7.13354868451189 24.374589416697 23.1740355716386 -0.100835793455559 0.98363583994829 0.149307324426608 -0.123072399750912 -0.161251986794703 0.979209365342425 -0.445310201859836 -0.593565247410334 0.573452841861936 0.0616698498147368 0.399003292445032 0.638758783086463
-6.83808336712794 24.468874481633 23.6030827154619 -0.704265246394764 0.70553916499631 0.0788983483784007 -0.00740664371655621 -0.11843021346535 0.992934754234837 -0.181881829324111 -0.356982675348688 -0.143591111697762 -0.337097339327941 -0.548214405556665 -0.201585867437879
-6.67612706620105 24.7663755766627 24.0427533735106 -0.951825378682467 0.297472031284222 -0.0744233773733105 -0.074796185485223 0.0101460182986941 0.997147225313081 -0.129051332866902 -0.606506856941579 -0.119178952302769 -0.5656394347223 -0.442361488818494 -0.350590918075136
-6.7721802348858 25.043035446764 24.4914127343842 -0.824736409380165 -0.538855551397349 -0.171594142589416 -0.170509316499482 -0.0523649777097614 0.983963658930741 -0.199092537607669 -0.139842714939286 -0.0265862205919363 0.218260050379344 -0.0327845316482541 -0.214257669047166
-7.0863546649409 25.2234973056268 24.8253634133703 -0.138705675039315 -0.989788008920161 0.0328699423436799 -0.220928640717893 0.0632804498377141 0.973234874210167 -0.0511834829620809 0.158328555225306 -0.472210627118111 0.167852099738681 0.112040888893407 -0.57173633797253
-7.56619525636164 24.2274325439542 24.6593763854731 0.544248074101921 0.823803833357614 0.15856001381688 -0.171617588969147 0.294336328921263 -0.940166755758539 0.0681304875898822 0.4139503638455 0.0580109061755774 0.107744950925545 -0.0761753204814546 0.142364023643336
-7.80748464292722 24.5213889489252 24.2611917169018 0.883678760589617 0.447151771709966 0.138445444632258 -0.0400995552851799 0.366991158881501 -0.929359733886057 -0.0305669040249709 0.2767116763593 0.957135175036646 0.337324224379941 -0.204806678471213 -0.19620902565016
-7.81928993638103 25.0027876366634 24.0771519298674 0.941634194629425 -0.315330398314637 -0.117863409942623 -0.0599998627000387 0.187306125863601 -0.9804674557016 0.259005486008751 0.0196065976156188 0.180633722261443 0.275914435073916 -0.0855390389638853 -0.409933932673966
-7.69805068450699 25.2867476750464 23.653581014417 0.732087109959034 -0.680530600840405 0.0304395261402784 0.202712319656748 0.174974103996524 -0.963478997378773 -0.44080176592588 0.109483066922225 -0.466121129116578 -0.554084809083202 0.246732147033864 0.311235958047418
-7.3126854463309 25.5394175523116 23.2854200895478 0.122860638999577 -0.992171541967139 -0.0223806768255438 0.222528468981248 0.0495189912069222 -0.973667782152972 0.346884190795394 -0.0125533988555821 0.79118211749477 -0.0415353735420581 -0.699259994999058 -0.198973401271614
-7.02180052501419 25.6232719615062 22.8967717164974 -0.352220787252165 -0.90550503109349 -0.236645633156226 0.454637831836709 0.0554746362947892 -0.888947133743517 -0.492455063690962 0.353242856581399 0.314879355828435 -0.675800290706545 -0.178774914983867 0.0685916024635251
-6.68372557154259 25.4455010323979 22.56491531135 -0.798584540544638 -0.529081103753078 -0.286942358766579 0.335561866301142 0.00439904157801427 -0.942007899286247 -0.381121583718989 0.293204067332709 -0.825233189363945 -0.272063486784351 -0.145188504330659 -0.542813872526868
-6.53077409977999 25.1414800670392 22.1747439402927 -0.950056672662392 0.221286460473441 -0.220055950023683 0.235137646429322 0.0439560754140254 -0.970967636260826 0.112418645962988 0.388480151948043 1.03124000129633 0.00367365489150156 -0.386814037950395 -0.142921763241932
