t = 31104
b = 30 30 30
E = -0.941375497225216 -1.39340069116093 0.452025193935712
1.38726132418421 18.9199615900842 22.0717021179168 0.668071480774679 0.538184035209762 -0.513846709458052 0.742177956860758 -0.432385340159552 0.512069133970311 -0.584977264484063 0.895126451723261 -0.349282922047608 -0.750146692373293 0.14130990408203 0.38799101154729
1.78197233252508 18.5323486963969 22.1284774320664 0.512500387787545 0.806427241741863 -0.294988908764769 0.840347197715792 -0.400408732227966 0.365362059396989 0.935815563651181 0.518909968142947 0.249264285763255 -0.182320546706565 -0.430561936803726 -0.302913802612423
2.25743332192526 18.3607655728704 21.9919256561253 0.294873682929463 0.906022087736965 0.30360086898486 0.861462930359476 -0.389541209645198 0.325790217171449 -0.965174578754585 -0.230974107170744 -0.37736993156139 -0.238838052766554 0.10296225170272 0.531852324217164
2.76608576013131 18.3217231862386 21.9424551494744 -0.0536422841679478 0.545859316643804 0.836157946671802 0.954946875528349 -0.216726690759051 0.202746162556218 -0.393045161358062 0.84106019538937 -0.0979592337085271 0.251809596657215 0.159564145602825 -0.0989489767584152
3.26141188934222 18.4836285897384 22.002954416423 -0.400518051721319 0.0144746966731185 0.916174532172544 0.911597302875211 -0.0947578287252246 0.400014138857519 0.0153513731868767 -0.516647237566938 -0.0581580269273961 -0.0245887701308108 0.113712270660758 -0.631546510949672
3.60056502680013 18.6973997691551 22.3410382693884 -0.458062743045652 -0.528793197153721 0.714532209265223 0.881420980826072 -0.166000480662739 0.442200062165697 0.0107725536359167 0.119042839170515 -0.155582345570358 0.410664336937366 0.147283911004849 0.0133254745914815
3.93727549839727 18.8924633522665 22.7402002131216 -0.402919803842607 -0.851988828826744 0.334321203673755 0.889769254415293 -0.27907072908959 0.3611512177228 -0.968569440763791 0.0108259632955183 -0.010417544077272 0.553072735416573 0.00564868027866686 0.374630077525281
4.26367014449496 18.778058720877 23.1448927108535 -0.248552633449078 -0.829646156165623 -0.4999088356542 0.87438245367879 -0.414232494109434 0.252718747865167 -0.785016589733075 0.409318811879405 -0.409841506700528 -0.0886422257856644 -0.0207326353684258 -0.131765845051107
3.85990583884578 17.7550599111432 22.8154444492697 0.263358680164643 0.879990621730355 0.395295726322156 -0.964438784381153 0.249667540329812 0.0867407083615884 0.395135311034057 -0.844259833877787 -0.195021573874405 0.329599182551891 -0.225180523539412 -0.0812556086792114
3.43185062290086 17.8604442078161 23.13903787208 0.393359053109975 0.890377570179421 -0.229121011384404 -0.918431526611443 0.391899658546062 -0.0538348266241923 0.501228574737034 0.143364452264588 -0.328454715434565 -0.309359740780207 -0.505557024184974 -0.312457616917287
3.13382560974046 18.1915633412627 23.3258959848675 0.279929796100644 0.447174454132018 -0.849514165171352 -0.906926687242785 0.413379237957161 -0.0812501667246262 -0.442224041061762 -0.520564618972021 -0.0367974542101902 -0.071781956109098 -0.0599812767549768 0.729931884490177
2.756142180533 18.5374405752958 23.066773195855 0.509479353327034 -0.0661841262351627 -0.857933826100796 -0.708968880737524 0.532740975385447 -0.462114898365273 0.211253990971946 -0.481516785084891 0.308351158369062 0.0521504634730555 0.270883247654579 0.378222515581896
2.62481340404213 19.0087484011775 22.8739749148353 0.263641245978433 -0.551237220194088 -0.791600164534874 -0.638673214802887 0.51524612623211 -0.571504990438536 0.031070523040347 -0.292663885872914 -0.190218527601005 -0.165406673303669 0.65847709616695 0.0220991181339427
2.55812028148447 19.4032937326811 22.4347691537607 -0.173692507083728 -0.869738830487971 -0.461936445546768 -0.634807365124815 0.457490108080732 -0.622673598437874 -0.0782695513869903 0.393392934432298 0.182917243115076 0.223482440664799 -0.141196394469786 0.196152116539356
2.40006463272395 19.5822352849362 21.9384458735593 -0.472377635110024 -0.880846772776937 0.0311180451879088 -0.780784025010359 0.401813621296404 -0.478458065068709 -0.0585426547741349 -0.350111464203695 -0.188713771381599 -0.240821969566423 -0.149514860356124 0.466106439992844
2.22249268680041 19.5519363142466 21.4783214543377 -0.692622340763015 -0.427808097359829 0.580736192181378 -0.716484740399119 0.315176282793292 -0.622345183591721 0.356111617013318 0.0981721070583635 0.327462646606545 0.331247572330908 -0.0548882832316373 0.149824374316372
