t = 1853
b = 30 30 30
E = -0.934023125300102 -1.26817539406797 0.334152268767872
5.11944632151193 18.111444953013 15.9991796644123 -0.539332839991841 -0.709462402722948 -0.453633317591329 0.656628333137397 -0.0170436827681068 -0.754021713877593 0.202573993674371 -0.367216661854194 -0.482903514722797 -0.111298811628536 0.0827496550742862 -0.607656169071294
5.4703540057343 17.8481816128529 15.7376386462264 -0.81713809663898 0.0481255607696417 -0.574429509532573 0.572579400867337 -0.0474032459365223 -0.818477710128433 -0.217511167272923 0.126082375267125 -0.0235299798335797 -0.406695965240957 -0.0467606763361738 -0.699861793908403
5.6874630916693 17.5091142539807 15.332225330271 -0.714471514343906 0.609544475684219 -0.343490883945963 0.432347554864075 -0.00135804006273068 -0.901706020568923 -0.240872753111827 0.0780671315004536 0.235816476089303 -0.128220036158361 0.204234203510892 0.0364817096985153
5.65211212953544 17.3084614451686 14.8837950927317 -0.00608895262946559 0.999405868403027 -0.0339239569842407 0.584087119729862 -0.0239815182299801 -0.811336627639268 0.0375222764405372 0.483107370262344 0.127810642622135 -0.0416082892379459 -0.0588525505748748 -0.228320936661351
5.68295421599181 17.3360554051574 14.3351494435032 0.228653971935117 0.945456252060089 0.232012578449494 0.465503946068357 0.103128654300427 -0.879016812613369 0.556616341410954 0.274753060773827 -0.290961622604544 0.0328274113012108 -0.575231136025107 -0.259105058394508
5.57388128113642 17.5982211176951 13.8346075014128 0.723212009733995 0.574212497342924 0.383724376176071 0.428685926032822 0.062379367660884 -0.90129750433007 -0.117599196133564 0.337725712388012 -0.238322802883327 0.200873223943371 0.264845470432896 0.561781903991523
5.62142123471012 17.9354198407978 13.4731426334705 0.924249359452033 -0.152973601435042 0.349803085773271 0.352730150395646 -0.00846879350164295 -0.935686764114195 0.221443947515662 0.188335914567228 -0.0053633090812109 0.340829128905105 0.0335447386281741 0.519826933086722
5.85649860127185 18.2375754979689 13.2677339016171 0.520652076439707 -0.850968857020726 -0.0690899390639824 0.268821386645683 0.240204539732894 -0.932757654041817 0.0161131579918608 0.507242005500785 0.581640591177787 0.232012346917032 -0.299013298186191 -0.504341737948452
6.73013376711799 17.8637110577263 13.5076998027818 -0.81194802577051 0.567933056622478 -0.1348793781229 -0.205047252671975 -0.0611554329067131 0.976839616926785 -0.00331012241711352 -0.0543961603919154 -0.136387440099258 0.318774920241228 0.341504362289144 -0.148249647068229
6.72160808147525 18.0729167788538 13.9639824764255 -0.943872125288183 0.0175302443630833 -0.329845572407062 -0.32869210032141 0.0489006047052449 0.943170310201588 -0.0306875575990548 0.262180003356529 -0.613441901411821 0.224016657384883 0.0521930320507053 -0.25762166094139
6.44781270408664 18.2998042126804 14.3366540787321 -0.720301227367419 -0.561421592617364 -0.407396535571883 -0.58705427831619 0.18053156612376 0.789161344684065 0.116567408289282 0.652382470421801 0.651030264445433 0.115824144872019 -0.342533482537261 0.23583804488902
5.96786837950845 18.5057426464587 14.4690989136171 -0.0714583360614182 -0.996888027079959 0.0332861483497964 -0.607548101223998 0.0699679544256456 0.791195165589757 -0.40558811697236 -0.487877135555509 0.612386827218962 -0.332674352045776 0.44920559462489 -0.290748501933262
5.46088297632485 18.4210413788131 14.6592493902528 -0.044772880617532 -0.998824375661802 -0.018581058770086 -0.865638501812567 0.0295050141233155 0.499799398080147 0.0935634390157326 -0.26871320046992 -0.170859766313309 0.109377449106181 0.386301815547601 0.38416396521778
4.93158741527137 18.2609546228867 14.7776626943144 0.497056741578392 -0.750577666079345 0.435393802016463 -0.751567251510087 -0.121619364166142 0.648348206380951 -0.509542806013969 -0.0384692658791285 0.196788883515703 0.226359173847799 0.425702023123253 -0.291809590766742
4.56061601399328 17.957088508646 15.0007535758311 0.781525732884671 -0.0953079042958234 0.616550024100082 -0.619764155198251 -0.00537028586895205 0.784769744550009 -0.336242836829804 0.133124659214334 -0.222618358893873 -0.0321485556440507 0.489143907134521 0.372555256132426
4.27555228005988 17.8108156905245 15.4651769820319 0.692526353902947 0.581986370906504 0.426261789548355 -0.589759680172601 0.116468173206976 0.799136211338551 -0.21441121516255 -0.80069268994985 -0.261927660900975 0.115942922142567 0.521321912662385 0.231123845145354
