t = 3829
b = 30 30 30
E = -0.915022831565367 -1.27740066507128 0.362377833505916
5.08691617458091 17.5823855084772 15.9833558166623 0.06794487830238 -0.74587372265599 -0.662612921217036 0.395020690579269 0.629984226278285 -0.668639311329226 0.32607761754158 -0.158700876786859 0.0230977417370465 -0.310394077038873 -0.325536500028635 -0.0120463745731753
5.43853455888022 17.7623700122643 15.7565604063548 -0.631336190563046 -0.317504204244886 -0.707534942439008 0.342156647820335 0.704707667793396 -0.621543185390639 -0.150887871170992 -0.240878684901338 0.590509338991965 0.0319404563017062 -0.227362728516645 -0.0782754268026188
5.78419634454437 17.8377516063853 15.2527147055829 -0.963180040437075 0.170606662895858 -0.207792146817853 0.265471016481308 0.725777402757175 -0.634643444034074 0.612512846662793 -0.0659372956146291 -0.139056070114702 0.590636090295473 0.526304705499763 -0.466037389411038
5.85309026697664 17.9010748711244 14.7784424529637 -0.834472734359946 0.488850045478751 0.254324376820739 0.0944519439668944 0.581584521444494 -0.807984080720069 0.0509628917509596 0.745312765803342 -0.0229303876359925 0.0793469806449592 0.0795513525926279 -0.399842042491545
5.78466885133864 18.1812464483465 14.3008274771552 -0.708509010570126 0.513350840265289 0.484237438391392 -0.165261267558631 0.546403450336476 -0.821055407938648 -1.01689917846389 0.193974862518972 -0.155791502133515 0.315636285170861 -0.0546403936772933 0.0688314083039467
5.41308051371804 18.3562002542189 13.9051127171718 -0.097666640988487 0.67759041376135 0.728925550668072 -0.0451961838578341 0.728651694904315 -0.683391551365511 -0.205286679352392 -0.264172297051205 0.914085175059646 0.158622849387193 -0.490012855684458 -0.108032872544744
5.04917448026606 18.7250233827448 13.7003771066159 0.535630766152663 0.625138455151254 0.567716121174849 -0.223115225402031 0.753165016304205 -0.618839279950209 0.201858090095562 0.245827686089255 -0.227687721115202 0.576787239665246 -0.268092470010691 0.119614390439099
4.85340490811602 19.2373479784925 13.6425913715639 0.893233697574199 0.38116790220862 0.238421039012502 -0.174597396046319 0.782773279183968 -0.597312098227904 0.0322433121637711 -0.0664106357789536 -0.236714073889119 -0.0547745817000016 -0.305238965071002 -0.482524899792386
6.0470490539273 19.4148036270954 14.0306279322621 -0.922130544788624 0.1684891614747 -0.34826234483991 -0.36866033447567 -0.655671252404647 0.658926981200816 -0.348952050342874 0.212358633403239 -0.364212383530816 -0.390739525999333 -0.460949886646491 0.211838558795953
5.79208026915571 19.4545817176251 14.3187676132277 -0.609405158884361 -0.608163410212983 -0.50868715219007 -0.0750982046893781 -0.594425863660574 0.800636092281513 0.349663354214881 0.304263308787067 0.700694009760523 0.0961100756467714 -0.0358491314816971 -0.0435683040509366
5.47901564087132 19.2579295067497 14.7478843702138 -0.0705409917133942 -0.749276864157215 -0.658489293251464 -0.304253978698392 -0.612515340307438 0.729557725155632 0.0736659042410813 0.21978147395192 0.362657016721278 0.0747559250465262 -0.314543195793724 0.108296278110534
5.11819526944479 18.8713967015934 15.0433050696298 0.440665127565203 -0.578355878135184 -0.686526564361805 -0.37490219711908 -0.813467924402763 0.444655235618732 -0.184302692978913 -0.0197713478693171 0.223770030130161 0.0883714334025951 0.596711063704609 0.118826664973303
4.79034228653408 18.4291674217344 14.9976799160826 0.875537146329944 -0.38970593197497 -0.285594103545469 -0.283625565674449 -0.893102698020982 0.349176329786964 0.0551649124169046 -0.253126685785419 -0.582414197894962 0.394963339086241 0.0849247871664607 0.706611869536557
4.64629401992609 17.9060697397989 14.8966203938784 0.889312765035669 -0.0139569949569782 0.457086434097956 -0.214733420096546 -0.895229889213635 0.390452306629355 -0.245471107546168 0.299291585168634 0.341698465285348 0.599745012008835 0.420510717981551 0.168896499369781
4.73434383926395 17.3275065525328 14.9058617112256 0.630613534468456 0.345925521884109 0.694738874293364 0.00746552598914603 -0.897832527445237 0.440273799564555 0.201868029544686 0.0577258681820109 -0.179922726067393 0.673444687230619 -0.367751801794557 -0.41721185249487
5.04636671279811 16.8594156652061 15.0269833106548 -0.0918415601427708 0.533945462363824 0.840516133724766 -0.229898483724457 -0.832649193873225 0.503827358450761 -0.554349131633803 0.0110813130735046 -0.234099643589084 -0.334859102498314 -0.0634408860991727 -0.0163484122367508
