t = 4862
b = 30 30 30
E = -0.873670167230694 -1.28620848352208 0.412538316291387
6.25106236765716 18.8742336701915 16.2025504146635 0.237948268517428 -0.74775125613948 -0.619877956094092 0.086671508010646 0.652009315644997 -0.753240932246318 0.476725968388991 0.238818225331525 1.0537819382454 0.254460603582717 0.308617355536735 0.204718399043534
6.56185439112874 19.1485105468782 15.9341943582592 -0.399155831647749 -0.606144641210835 -0.68794134633192 0.0171415925648539 0.745239827775174 -0.666576150864973 0.325116756484645 0.0290670715456438 0.141872740646755 0.293063690253637 0.177866420348509 -0.200431484726484
6.83005484531592 19.3522229560948 15.5989955891309 -0.778142205143294 -0.42285186094603 -0.464425464707982 0.0659472633287403 0.680334995019637 -0.729928251961164 0.179054785231791 0.197394620063526 -0.158977989034455 -0.0575596036563617 -0.329796358919053 -0.227932451749041
6.96386655483144 19.4342740200791 15.1429368802556 -0.997819425886798 -0.0230237967628379 -0.0618570780554818 0.0291602494821759 0.686983889450507 -0.726087333235874 -0.0319620047712367 0.137089914107449 0.0233454261551298 0.082537053788614 0.677624276968614 -0.310113769465326
6.86683630430859 19.3828868951281 14.6297850252686 -0.793911142577051 0.484493911175887 0.367383651957328 0.0343105526154088 0.638950166896303 -0.7684825763818 -0.304544388355979 -0.143875537477508 -0.616598164132736 -0.558853435781186 0.133418525005442 -0.128295031829167
6.72384364839726 19.5884837701064 14.1654958262752 -0.493109806847279 0.569881712014046 0.657326062698702 -0.147697783475385 0.689767208690717 -0.708806435193332 0.113502307677221 1.18079779902359 0.509043234763666 0.167955592793937 -0.190298561424124 -0.542910401110627
6.34183770058388 19.8091728574696 13.9657807968366 0.292728293363402 0.806423365918259 0.513801032663039 -0.135413157222748 0.566885187478304 -0.812591201692866 0.0402096565926676 -0.365674839097722 0.262034332760769 -0.106751051733831 0.0267699287500167 -0.634266758008528
6.05183460733289 20.0925910255338 13.6979343396219 0.643820990504714 0.586288127957202 0.491691735950447 -0.135689071124162 0.719880096957931 -0.68070634048854 -0.0984288132715692 0.301935789854214 0.613455096850662 -0.0822183752277027 -0.0191225057533963 -0.0973337557136809
6.76236536109645 20.9241295222618 14.328907344553 -0.49308261425497 -0.724645931524649 -0.481412307117561 -0.106167124818744 -0.499102388372875 0.860014736808746 0.464037094096482 0.357152028243939 0.375178283723797 -0.0218548602770688 -0.0918538799328324 -0.153665504957374
6.46344971099845 20.7218904378676 14.6452922037855 0.277122020396673 -0.820854049565223 -0.499401657109433 -0.263199877933889 -0.564729710624137 0.78218040003184 -0.398812765694381 0.0243141440402463 0.161050880590423 0.079729144085445 0.291913724965247 0.27456545562522
6.16133398066051 20.3608165667382 15.0643125942592 0.387520761759287 -0.607943468720729 -0.692988021574187 -0.277201339629158 -0.793783222736047 0.541357195029844 -0.442536284621698 0.374446199704824 -0.405082354966023 0.640227967388144 -0.00133093111824424 0.156442210643124
5.89731190583903 19.9230538247239 15.1486372072151 0.807568033521423 -0.368107428260512 -0.460793655005977 -0.164981223719312 -0.891111916644879 0.422730112286278 0.120904330838992 0.441848299145344 -0.557128344231699 0.179069047008406 -0.302948041306968 0.866622967771409
5.75953283641494 19.457717114088 15.0747195179678 0.976589333021233 -0.091387466748072 0.194734705562499 -0.171684363680961 -0.876560088606839 0.449629725806739 0.287212507563342 -0.286381395883017 0.10768249422961 -0.0820588423557719 0.0421865683892708 -0.0861579071970445
5.7900530608058 18.8807537114466 15.0110772341614 0.896671337794146 0.293435554108364 0.331475621371426 -0.0130940409671011 -0.730857220915463 0.682404768980172 -0.24684770354165 0.460759015310976 -0.199861952268451 0.46727557682864 0.46832353184796 -0.142248291200719
6.07550751203414 18.4477942188778 15.1431866285495 0.439622085250524 0.58722391669849 0.679632616799159 -0.044143380788406 -0.741634706387513 0.669349926581067 -0.0681523341946891 0.502173578788123 0.0420131482821726 0.481193431736161 -0.603970612724544 0.121645585248545
6.34243652502274 18.0781025166945 15.43387607623 -0.217505804243796 0.639006877324848 0.737808536038863 0.163974530274972 -0.721240236532302 0.672996935080644 0.809923040029756 -0.58049619360771 -0.00610975576492873 -0.213132279569859 0.490333718378513 -0.435273716334959
