t = 1000000
b = 30 30 30
E = -0.689178258817665 -0.991699018891654 0.302520760073989
33.834852032249 52.825756041364 22.2329122423612 0.856845983288267 -0.206808326490306 0.472276695399031 0.149674070374773 0.976352857813813 0.155989646118819 -0.0878678082493922 0.405536086688337 -0.10045748961351 0.337143111389581 -0.327875957661475 -0.253207629436379
33.8799243227381 53.0801629118338 22.5144563034176 0.886670963424802 0.179635176246869 -0.426081924134399 0.0278739453908932 0.899015733991823 0.437028320825403 -0.244580787960054 0.424406004639657 -0.448388504366935 -0.0374291154865357 -0.491720265689763 0.0835492201154788
32.8946799935878 53.189142089698 22.4541328333873 0.125695479736619 0.729993873862129 0.671795795236594 -0.988374680953888 0.0337619826755219 0.148241757191058 0.216861994136805 0.732425615764968 -0.364099768184375 0.162515772027163 0.131195730386013 -0.378825446358605
32.4734601597335 53.1039344679635 22.7643362091576 -0.0612595618125862 0.998120171181704 0.00184118621884964 -0.96780596121124 -0.0598500067931604 0.244478216066039 -0.159174816812556 0.0148950757030009 0.276592226311832 -0.0668183299624823 0.202672651681999 -0.270891632128387
32.208959629602 53.1897704783347 23.0999994960282 -0.421856710997175 0.752034906527435 -0.506438954614373 -0.818060265295757 -0.0748822486999615 0.57023683779101 0.0519421649860484 0.454601167000019 -0.111296978012065 0.488279779697648 -0.569169838575688 -0.124139371028086
31.8136932328445 53.5017812772612 23.4856554456775 -0.353868643241289 0.296803565751876 -0.886952437669312 -0.934617303804916 -0.076116976070501 0.347414307970105 0.194891742812776 -0.366831762042393 0.29007262967026 -0.0075945178470243 0.213001990943156 0.319318681754602
31.4062547607078 53.6907195625695 23.647334608107 -0.336494354272857 -0.186533487743146 -0.923025897520165 -0.941309564636392 0.0943210105909505 0.324098519720741 -0.0297090016147928 -0.304577515178814 -0.391736574620892 0.405639610682887 -0.358790956447162 0.00585741078758557
30.9362707130394 53.9282863083739 23.6921109662627 -0.147502579105999 -0.614879205836105 -0.774704170240143 -0.98853813604311 0.0661689014627252 0.135698305323376 0.336043105547024 -0.189889264062292 -0.274449167524302 0.152751089007774 0.0969792940492819 -0.557115556408163
30.7928614975231 53.0873999647698 22.7727555516533 0.0513526492811811 0.677720859664229 0.733523920392361 0.935321167896559 0.224813464634424 -0.273190810613517 0.349153043032339 -0.27853790298044 -0.108037642748952 -0.0807490414147054 0.45201934238414 0.232520582395879
31.115034025168 53.407546845492 22.4997079021241 0.144446463235588 0.27181886804506 0.951446121561 0.898620951700863 0.366515421837725 -0.241136539577424 -0.543261015304718 0.264293416058955 -0.249803337358597 0.0289784650114571 0.0578197100045934 0.28046527685868
31.4710563611789 53.7966493442748 22.4004512653802 0.193286594413024 -0.258226783996909 0.946551224417796 0.925113712037132 0.369314139078994 -0.0881571691767764 1.06870948394039 0.361026595872651 -0.179884563498668 0.241444282806404 -0.152181952515838 0.247502496062088
31.7555146370352 54.1372536574194 22.6147887775683 0.381329708527308 -0.859304477836338 0.340856960857318 0.924209858340877 0.362584789980155 -0.119868293641858 0.263123356452542 -0.134191879710101 0.320003004443276 -0.0200529093829426 0.0115409044199191 0.0624889203318956
32.212562603097 54.2729628829537 22.7863928484142 0.273593524678791 -0.918201197309432 -0.286449200580764 0.942549745672497 0.315292922994237 -0.110409916413641 -0.415403970721934 0.0312849481563344 0.308230759571216 0.468076316625044 -0.110058128094274 -0.412094112859827
32.8685501620042 54.2526204566843 22.7489385718029 -0.180864020082744 -0.817844831226209 -0.546276521805677 0.871572060233775 0.124067598543122 -0.474309366143682 -0.113648604600383 0.00907818897924021 -0.270094489192418 -0.280296775157574 0.596572367129606 -0.273086002347274
33.4103428036893 54.6446066341141 22.9259420821491 -0.201982970616783 -0.820865927562244 -0.534211576576357 0.974992907906273 -0.11690736527507 -0.189001316071991 0.212907516423635 -0.138632727008277 -0.519971116079651 -0.363189645132238 0.378645099695827 0.219677347659565
33.4650040562043 54.6342506067581 23.4918565426031 -0.503477335338235 -0.579207526243724 0.641115601388191 0.693155437501048 0.172199474197119 0.699916338249766 0.0513908242144818 0.306152244585231 0.0973797264513864 0.203870039770999 -0.593048204691215 0.19041710237087
