t = 5150
b = 30 30 30
E = -0.901405303586347 -1.28400696427634 0.38260166068999
4.95610450339821 16.9015484642298 15.4378624495729 -0.00799166524458786 -0.185064482003542 -0.982693884578199 -0.00531769213366156 0.982719236358865 -0.185026010713702 -0.183799188588623 -0.723434887368059 -0.39661775580031 0.462306329297794 -0.0481186933578289 0.263400375163262
5.09123517881473 17.3327259808072 15.1951459381367 -0.547259141811327 -0.310165597782656 -0.777370396693915 0.285846379065909 0.80368772500852 -0.521898350491313 0.318637433049084 0.326349216359132 0.508865803434682 -0.0254635447661926 0.246149099939003 0.00961851289398358
5.35413592871859 17.5410263831952 14.8317244009582 -0.918184084776129 0.0644475765384797 -0.390876574307201 0.309504557285382 0.732575018376203 -0.606251409458722 0.112828072533944 0.354316484502514 0.573560610438368 -0.524741503038943 0.0354789075956563 0.154801865259841
5.37764240465698 17.7854689333172 14.3349003663711 -0.991724444990583 0.0988087448517202 0.0819722950084021 0.0433403219280505 0.858671004234822 -0.510691416592773 0.159355809993223 0.110595138711649 -0.250417050020436 0.171807381155337 0.608908788124173 0.348044441486042
5.32785482080155 18.1240041820064 13.9776268911034 -0.708768065814751 0.27431400766755 0.649922806245933 0.0112344775227641 0.925571592794615 -0.378405884106516 0.607500560275056 0.204419915324364 -0.127535253506091 0.258086754813314 -0.20059625894179 -0.555903198542743
5.06525186950966 18.495001354846 13.7044117551534 -0.234339456369622 0.218360256300645 0.947314001615463 -0.199611877968912 0.942877316507703 -0.26671607411056 -0.683925116137221 0.21296745759059 -0.142172841486338 -0.0645861697104326 -0.445922646538949 -0.291889237410668
4.61729299484345 18.8233763474512 13.6272412587095 0.516859879491879 0.353003679410165 0.779900164953516 -0.16957399765071 0.935189392803606 -0.310910692817691 -0.147536528347039 0.00686725052099489 -0.0445380029412682 0.345621860945442 0.152705730744295 -0.708933730732134
4.36421437148712 19.235249660562 13.7586454175003 0.955747315100046 0.251647802037443 0.152382588929258 -0.186055963138101 0.918273739868074 -0.349508965907098 -0.30872532314551 -0.0774249274363657 -0.0872321710180966 0.85373262721225 0.186864326304989 -0.24595497375799
5.33602586829646 19.4612531857027 14.2796671100708 -0.891470370563135 -0.0693373591879574 -0.447742011686266 -0.146622480243829 -0.890894228063511 0.429894548337456 -0.22150828513313 -0.388595143050443 0.00603898367046794 -0.0415032079544391 0.534776278177307 0.265125969334234
5.11012590321925 19.183021792538 14.6552092829037 -0.40951751896982 -0.281448210759462 -0.867803149520154 -0.253495980220738 -0.878659866874473 0.40459439733646 -0.384703883560365 0.32761661897393 0.206949507316007 -0.170495584594058 0.636762337869172 0.565772551237084
4.71102875556779 18.8629185412498 14.7517327979824 0.299368946589315 -0.476880616239696 -0.826415822496668 -0.468902240201469 -0.827862125660049 0.307855469387277 -0.0254130773485842 -0.461603530396613 -0.630148910760634 -0.179776914641112 0.218623354684045 -0.688869620584044
4.38378271664437 18.3701894296434 14.6984124534652 0.806219984122918 -0.24074126571559 -0.540419263334032 -0.133085784170784 -0.963850639482844 0.230824866121812 -0.576708689342489 0.230355231646092 0.0299424088038109 -0.122889074401308 0.0682510264727482 0.251972166406941
4.25850086043528 17.8583376465953 14.5189986571004 0.985833095125783 0.0363769200697672 -0.163737070454318 0.068244494701315 -0.978734492673657 0.193446327940874 -0.9864383292946 0.00201481769395928 0.212778772740831 -0.4527088460831 -0.0429415128150463 -0.372913905424771
4.27747079997243 17.4639208406922 14.2948334808718 0.83420016436609 0.0603205541009039 0.548152822235319 0.0186245434916632 -0.996514326841158 0.081316190147104 0.286589615362512 0.16128655152887 -0.481956159791434 0.101096863824834 0.0519023337444744 0.225552436347386
4.3817915628367 16.9522950515303 14.2881216932459 0.691080359848834 0.327748153477968 0.644196463916866 0.276638840501823 -0.943353934951569 0.18317834298081 -0.0223505046505356 0.147057078317485 0.466560390860916 0.0330791149570298 0.102435883892212 -0.413264669611652
4.62024899559011 16.5212321927379 14.3123030839746 0.117740489772227 0.357515679745032 0.92645545807915 0.111909775660498 -0.931778550083509 0.345347557854255 0.490808889671745 -0.0767554055062092 -0.342955489620453 0.500003293938755 -0.0517884870236202 0.0691500922693997
