t = 359763
b = 30 30 30
E = -1.00278281483867 -1.32079114429947 0.318008329460799
10.0424447237504 29.2180823268142 21.6559612356769 -0.720536933980365 0.0281011242579243 0.692846919301542 0.615412687945289 0.486329327554994 0.620283006921744 -0.0275667864327908 -0.0961177850708559 -0.0940332249549198 -0.0101592975065614 0.128376497803954 -0.194010143700927
10.1523522413418 29.6324376640471 22.0039403240646 -0.410008019641241 -0.619588405456488 0.669330734132061 0.587879144053199 0.381554358446066 0.713312262293364 0.551209034531933 0.0453692979064107 0.576507033415662 0.197596975297241 0.409417487876614 -0.0200967672474482
10.2217932225062 29.9072692386425 22.5049895952201 0.00978243112506742 -0.936196160960351 0.351341788354809 0.519226095866609 0.305034397789871 0.798347216151012 0.0192289829948635 0.0563235741949863 -0.235118381757578 0.387179944763713 0.293830191450393 0.00811727127731733
10.2870902900493 29.9719448486805 23.0117234956014 0.509683423882266 -0.817008823558824 -0.269665328966592 0.613150809670274 0.125056992383706 0.780004380280408 -0.322651941860024 -0.150940360249276 0.444615590752399 -0.227758196935486 0.0311449374931936 0.463192090259156
10.460715797074 29.9612447727841 23.4605631435106 0.506992714872695 -0.713464861027196 -0.48365925934018 0.447763945031332 -0.26146852355261 0.855068219922384 0.203613666574764 0.898572882002192 -0.428304867856275 -0.018693622062384 0.329130918924459 -0.0536453596879107
10.4498039692524 29.6020902758727 23.8147653192304 0.88539237940601 -0.224819082651161 -0.406862033821872 0.251962139862774 -0.503426444869349 0.826484660887302 0.175228633575809 -0.624056576032093 0.0151951493531981 -0.217925212281361 0.206529452318015 0.12262638428751
10.5925567901909 29.0898035680831 24.0604184724128 0.88234533518656 0.432536393835057 -0.185415688340206 0.276220557251534 -0.15701365588812 0.948181900067866 -0.0425739638691726 -0.454020752096362 -0.12791337691357 -0.0699178686006952 0.307131893554432 -0.0759571619517658
10.7825887894943 28.7328410952252 24.4010803641165 0.649974404299561 0.698394113133107 -0.29963133430337 0.437069070311944 -0.0209914715186707 0.899182954631656 -0.417566255050619 0.260728600899184 -0.0945648344407344 -0.0385248055673499 -0.264761809154767 0.487212119989956
11.5533784800336 29.7186202243975 24.2941923542174 -0.346897573049124 -0.93521889583174 -0.0709062105312628 -0.256474331599855 0.167308672829778 -0.951960464108871 -0.0881515436227648 0.342795125627367 -0.687600393650768 0.349906956809124 -0.975891182696252 0.568698643968082
11.6314067190813 29.5499283100126 23.7919921031505 -0.910817311376926 -0.318015469636714 0.263207116863972 -0.336391956072924 0.202207374221142 -0.919756831831132 -0.431179721056938 0.305151135788642 -0.3279404699243 0.128412937699385 0.206003122105455 0.456630559306953
11.500410547456 29.3598333098477 23.3229815220443 -0.88719391543336 0.304341786959839 0.346789609314006 -0.354029966947017 0.0329715177119512 -0.934652695670055 0.0992589234168638 0.216063462271739 -0.191714306036599 -0.220987786712362 0.573466565089143 0.28236164789091
11.1997908758617 29.2503323245125 22.8995215586767 -0.729400854819015 0.455166101650506 0.510684063680859 -0.620926051804524 -0.127208239459858 -0.773478443141119 0.175914975206448 3.0504689347974e-05 0.311917860977144 -0.0663305063723809 -0.210417966461773 -0.174171758248602
10.7921352424748 28.9162944556612 22.7527198953135 -0.398529742025111 0.879027870824369 0.261694568219094 -0.835923523162966 -0.230730812594264 -0.497991119943337 0.132449336997745 -0.105542539156708 0.0478859239883951 -0.407226403798256 -0.164841431638805 -0.0478511855154844
10.2890374161661 28.7781713742702 22.7962467972921 -0.0462670305241662 0.984687529385602 -0.168076861461979 -0.888354239104925 -0.117504847686634 -0.443868625422489 0.295354442424922 -0.670584790119475 0.163051149687139 -0.295896394857696 -0.0329299257044701 -0.00708341547939611
9.69545500551483 28.7360144059376 22.6867136590913 0.310287073512936 0.866750649234896 -0.390467980840473 -0.843808243761157 0.0619327948633103 -0.533059074288299 0.492720216185152 0.662796334903342 0.173350075310617 0.0427838650676199 0.372633803942507 -0.11923480482338
9.29648597340016 29.0249597384343 22.5880826311079 0.579410489020524 0.231172265159598 -0.781564372930355 -0.814230196186593 0.206805797640698 -0.542457878254345 -0.234829535492985 0.487371426140209 0.397591729268747 0.43670652408985 -0.122178983511379 0.0403816656892093
