t = 1354984
b = 30 30 30
E = -0.916206231622487 -1.27802206986407 0.361815838241579
-20.1095062209273 -12.1429013614819 14.6514717744625 0.388606986543875 -0.787087301223744 0.479038819159337 -0.478589245783968 -0.616691175905296 -0.625015461713097 -0.559719747490319 0.461910455492935 -0.0386766433311446 0.159897845448946 0.120010816525834 -0.0958661623000856
-20.1479260544062 -12.4865891234954 14.1196416705048 0.222089576098104 -0.672406568314503 0.706077635303672 -0.309978108128337 -0.735284000895938 -0.602719678215027 0.735691219721106 -0.163614406670363 -0.69121768783621 0.157214629909788 0.0299288759374233 -0.210164841424399
-20.0149066386382 -12.9341067829292 13.8958723203938 -0.439819394175823 -0.3653131424817 0.820429892456992 -0.281122411242876 -0.811620604957998 -0.512095873352448 -0.0539933150313696 0.471479310212972 0.154436103712841 -0.604076823170718 -0.0617276417939099 0.447963433301206
-20.0365585147258 -13.53928779424 13.8715950534682 -0.710968058348597 0.162833224807279 0.68411238909033 -0.50651260974532 -0.793414828994089 -0.337546863859269 -0.547883903436656 -0.783875561953169 0.0908095906813098 -0.0135788861105137 -0.403768057907173 0.0590242878679951
-20.1983374964013 -13.9727807556036 14.0279003632688 -0.836052481411987 0.543772088158251 -0.0729942769323235 -0.503222643740028 -0.813019826180471 -0.292857871782186 -0.251701761428326 -0.229789873310267 0.236739659531584 0.199464475913336 0.175882876052311 0.417184929243215
-20.5264383305327 -14.3797668473328 14.0417829886963 -0.5866693329897 0.734253834010258 -0.341599767228599 -0.585993733981286 -0.676046108592201 -0.446735943026757 0.51890622658834 -0.172012665092842 -0.266480567132518 -0.0533424300394285 -0.473400354494569 -0.533871335810132
-20.974680507584 -14.6186927347252 14.0569965555079 -0.00375249497787166 0.5366505306363 -0.843796259027751 -0.595430499783751 -0.679112903212405 -0.429264702273197 0.0879379105620231 0.199948007079371 0.210769580434767 0.240656645934996 0.129432368494849 -0.0894851683922822
-21.4135111861651 -14.8111804514407 13.8670699398547 0.14425294276371 0.642607735115382 -0.752493446665099 -0.761792728436912 -0.413223749997908 -0.498916798011836 0.110246071777013 -0.387287133024723 -0.578834479379056 0.588015540842572 -0.188612320253045 -0.180261272798466
-21.1730175070031 -14.2873646699916 12.7784710527656 -0.326368260096633 -0.279914594234367 0.902846376044172 0.40570548086215 0.821213122486828 0.401263093560634 -0.132395877297247 0.559137550157044 0.567697655347763 0.0743673327896641 0.396686237862401 0.346773054092807
-21.0643405532569 -13.834607338025 13.1030788196151 -0.233081406022969 -0.54998289996145 0.801992436321164 0.345032063546752 0.724281330321334 0.596966858102386 0.258376976400627 0.225249827978446 -0.191642314291948 -0.126721592661784 -0.0873229033964173 1.07887808029434
-21.1639136481126 -13.5126319126926 13.5563946064238 0.419363964557287 -0.72714715065517 0.543498745651611 0.506454121391227 0.68425691332721 0.524687239686396 0.0320304242955963 0.675746300220609 0.122959803501053 -0.296695344953624 -0.436139427182952 0.144644616934982
-21.163899996711 -13.3206973298162 14.1256892584418 0.741580287113455 -0.670743057852174 -0.0127447286301754 0.54983521088687 0.596799410065154 0.584390028161742 0.0148313427863774 -0.455787945308924 -0.188845641783777 -0.287293338257421 -0.154862707899853 -0.137486927366064
-20.9410951599711 -13.2823645636232 14.6029973416664 0.800699199168711 -0.236554887344354 -0.550384027497235 0.594483176696559 0.427185789811427 0.681250360446085 -0.237127743770709 0.194422799181816 0.00867296081608646 -0.372979812847439 -0.139105403468926 0.228518982342854
-20.5836349458103 -13.1958973813455 14.9890695064484 0.451451441912563 0.0405258813009415 -0.891374920300005 0.74360071730825 0.535077986728406 0.400935807003239 -0.147034791459286 -0.0224815250723013 0.335247279941097 -0.292007966728135 0.114748537592593 -0.288976781078796
-20.135291136597 -13.2681493062589 15.0116843611937 0.00371701747168635 0.782023334949445 -0.623238066372437 0.72673081825399 0.426003319439588 0.538872424258595 -0.356634500346048 0.148809890779303 0.0802768909079764 0.579424855528992 0.338029170613736 0.119748528121244
-19.6584522193105 -13.110373587423 15.1818018830676 -0.348460719733567 0.850816456260008 -0.393302027149559 0.827263457453527 0.476441096043767 0.297723116271929 -0.0162245064953826 0.176967956771733 0.623066440989178 -0.677979933557678 0.219429726348922 0.0716399173839955
