t = 1000000
b = 30 30 30
E = -0.798520361352956 -1.14007950076733 0.341559139414378
-24.674472378483 4.11885127609456 28.0807894718562 0.232823424876337 0.373954536126233 -0.897747880944014 -0.954304785406636 -0.0899727657893984 -0.284968907016525 -0.307622735862561 -0.198158545755138 0.730445458904082 -0.436113812849651 0.424178452871033 0.433980298052862
-25.1978746836013 4.29124271285152 27.8438025243144 0.161921090620187 -0.16172049067982 -0.973461885903419 -0.935537345917177 0.288668438069297 -0.203569170693574 -0.113817091339995 0.0321684774313893 0.170525352633592 0.36592969320846 -0.103318941160773 -0.364936545226081
-25.2671349518788 4.66010280609707 27.7068883557921 -0.541488561980787 -0.663777983907458 -0.515935001064804 -0.763959157993914 0.644673628622257 -0.0276100973603449 -0.892662443400461 -0.0800889604664043 -0.0967985212708775 0.187774538273087 -0.129999520703815 -0.0458542283518361
-25.4893241318661 5.02557371729308 27.437339864496 -0.587315582521213 -0.803036460171636 -0.100959646209669 -0.783321721563327 0.595367341744308 -0.178731107844706 0.465070650139075 0.121045953171857 0.347193051079903 -0.15434970886818 0.242193265302213 0.0256422906814224
-25.8042309843203 5.19138646965835 27.1211280774088 -0.497533758311644 -0.647974486064545 0.576705492213893 -0.855276496471419 0.477406476201093 -0.201457616050681 0.229736677425529 0.844465802320762 0.120619145917068 -0.0304925975142487 -0.160496899849514 0.27629139463158
-26.3140174297513 5.21140061288405 26.8665946018434 -0.301973380732187 -0.381111315206947 0.873822775367181 -0.928898386500006 0.323757843327045 -0.17980168642678 -0.213391209443667 0.0820272340897919 -0.269401303714947 -0.419321005433952 0.272753272541345 -0.405588808123652
-26.8223950694477 5.11012243786028 26.7288878592332 -0.0188068777290986 0.117883519149039 0.992849322537472 -0.981300152964465 0.188083970705425 -0.0409197966221026 0.476900842154529 -0.293494639320785 -0.70280136851669 -0.0461563017687994 0.0783183102873456 0.55092628507426
-27.1837647723816 4.90409770023233 26.7817476484903 -0.0173245847265501 0.823110811659448 0.567616464255035 -0.976932503611754 0.106914970800684 -0.184856897100321 0.0868927063593078 -0.0899024440235316 0.208444192867782 -0.132789229094059 0.280353747839986 0.0673906743330966
-27.0265470275839 5.68228944201121 27.9507393996413 -0.352352609370749 -0.879228045225459 -0.320633253357543 0.926863485216762 -0.37525311247569 0.010448987948364 -0.0276920239845527 0.0962748547706034 -0.134932180462019 -0.338361263437919 0.399973093351434 -0.061126703673467
-26.7834882195024 5.29085007387796 28.0305031462092 -0.089647338844584 -0.209431039803849 -0.973705291248211 0.903410513102661 -0.428681624129723 0.00902828605475192 -0.00282726713497935 0.541351327071962 -0.200382014799372 0.395528661654673 0.176661264059794 -0.302064465243756
-26.6376215926229 4.80626579865539 27.9511441492815 0.245534668388666 0.42294986206175 -0.872253484258577 0.833345569229097 -0.551768404556217 -0.0329664978382867 -0.507659025911513 -0.5841227213508 -0.493808915280139 0.286030076330761 0.625960430025502 -0.136220097869743
-26.39602062067 4.38362402747789 27.8248579912017 0.405318448562188 0.690832444027521 -0.59872154590771 0.675047332796681 -0.667819932704219 -0.313572377557448 0.719824814334927 0.0980264569172973 -0.392160498391912 -0.413739048499395 0.128399742096518 0.21049635649666
-26.2413369992792 4.0612322229108 27.40146307992 0.623356684270606 0.780026319757046 -0.0546386736791782 0.753291372530941 -0.617792474149956 -0.225576077973958 -0.0537611400246035 -0.424634857078065 0.3298203920571 0.272851256966581 0.0989505984949912 -0.397997117391895
-25.9689435654878 3.9670622502666 26.9672637864815 0.563969653659946 0.568417802207064 0.59903207917839 0.802965295925071 -0.546854029916178 -0.237059915431505 -0.684294271264608 0.164078073120471 0.339853127868448 0.0860547121763401 -0.0811173371378701 0.0146654586947034
-25.515692193975 4.06766321312189 26.7894666823943 0.159450433881896 -0.430415491748219 0.888435739712226 0.686337328261985 -0.598538498596856 -0.413149776148592 0.195016291077233 0.130502375569291 -0.486594956819998 0.322203831917916 0.140003778870365 0.213313596473403
-26.7977329466223 4.61694360876748 26.9842536088403 -0.876213599352362 0.322015790044456 -0.358546453436687 -0.435235057688118 -0.848215096438992 0.30183040723594 -0.0980717758025295 0.0328156389869515 -0.130682536742076 0.0640414789727807 0.085796337052934 0.743578162906399
