t = 392185
b = 30 30 30
E = -0.846082499169605 -1.27370390798824 0.427621408818639
11.6763892498338 -7.82918089903539 15.0855525707771 0.539715938717382 0.726086798182127 0.426033645385026 -0.380194622781917 0.661750355549936 -0.64617220285096 0.0548967459155237 0.15504469501877 -0.412848819290077 -0.332072762781229 -0.275876959437149 0.140205717807871
11.3632075772942 -7.44595869058972 15.0093070153755 0.920537994329124 0.209326868377591 -0.3298364188075 -0.390416666370265 0.522328396206138 -0.758121278646795 -0.0471610155875932 0.43348718219217 -0.697959722907648 -0.414200907195255 -0.245647603990791 0.644253069401317
11.1944407466548 -7.11306201722185 14.5308479414284 0.983739057734577 -0.00258228279423319 -0.179585072049661 -0.146924883084752 0.56351623329202 -0.812934519839651 0.636537273834733 -0.801004936444288 0.239475974194826 0.249225906476389 -0.341096912746734 -0.119365542147889
11.3253077775086 -6.66969059144788 14.3760944397425 0.766072590577067 -0.470599408317383 -0.437800163154228 -0.0999677957518325 0.585607874863478 -0.804406524532477 0.13076504750522 -0.242021907730812 0.0149176186301722 -0.27742825003763 0.256262244924216 0.770115899345984
11.5101722501795 -6.28199830783083 14.0028978092226 0.35800489288495 -0.813899396206007 -0.457602742043717 -0.0734088290998769 0.464034423169803 -0.882770184093043 -0.266631061583037 0.193946015552734 -0.213039768819083 0.194632119996603 -0.133312302017859 0.255804750848664
11.7315366248964 -6.01229070315366 13.6290022078236 -0.22611175565064 -0.90416953047201 -0.362423694206976 0.0219571002480096 0.367234139557979 -0.92986933086956 0.117745508970187 -0.371003948120168 0.3849516064225 0.00434948415447188 0.0551045157386581 0.422311205668162
12.0886809033115 -6.01808350714911 13.1607149967665 -0.753688305130506 -0.628261149535793 -0.192981519046389 0.069504895169031 0.215789018377095 -0.973963125120957 0.0813288911583867 -0.410243766508351 0.0214970524401955 0.595275855313828 -0.303304724765169 -0.0143499660335806
12.1388987882396 -6.22567851019366 12.6812574757179 -0.932912992567104 0.355686743684755 0.0562164448040249 0.111167986383587 0.432958248607877 -0.894532746055607 0.0556860699580151 -0.226423461469418 -0.237513177659776 -0.419921131972656 -0.0705306681708895 0.410591279174642
11.0014888352761 -6.19204004155426 12.689903963648 0.998399392176158 -0.0433612374585883 -0.0363105602872187 0.00514202550742338 -0.569767950006943 0.821789536754127 -0.326833675646244 -0.0294914025610332 0.261241090611391 0.252766334906586 0.116027611080253 -0.00992157509047233
11.1454171687825 -6.64448661245483 12.8094685143107 0.783735463744808 0.518217589299701 0.342358369269874 0.0415184812252853 -0.593697314038789 0.803616646803617 0.112758027323129 -0.160514826820227 0.224602983632173 -0.823796505013731 -0.0126705505852851 -0.352979700053744
11.4152792485109 -7.0753832079925 13.1059158553464 0.389322107357791 0.819942480846846 0.419669661549699 0.204857798791723 -0.521283735866038 0.828430171466347 0.292555151787092 0.792077060850435 0.319576721050356 -0.630800705250492 -0.120918851887846 -0.0617503135025443
11.8414276648194 -7.26310355771123 13.4283471103335 -0.31802935368195 0.775981275320616 0.54471129100511 0.160721964668526 -0.522098290464855 0.837604814436244 0.798092679058797 -0.5737035182134 -0.222347520265119 -0.140093571676468 0.138316697380045 0.243837011081089
12.1577619496098 -7.34283365078682 13.8807421412553 -0.842620259821939 0.443879552778659 0.304896770010143 0.0970985305742459 -0.431673043747796 0.896788859577226 -0.50044599189807 -0.810247916801939 -0.414392753863426 0.303695715992409 0.0861588649164457 0.13511862321827
12.3503577689979 -7.23455015243126 14.3395183186939 -0.96062800366199 0.0597993940691382 0.271326134106779 0.276112307250556 0.0968056404699215 0.95623776423962 0.0636307422045506 -0.0625307699452484 0.0181646748199731 -0.652674940434179 0.166851917181663 -0.121508900770698
12.3556177227612 -6.94644201122884 14.7954356746503 -0.818855475678489 -0.543442873763233 0.184785153373607 0.214306355642157 0.00919694246068768 0.976723196295009 0.129612397997138 -0.730932595284525 1.13914154966296 -0.417811646046403 -0.151343216020755 -0.0270925405624351
12.2228958070621 -6.82715218049783 15.2981113653906 -0.414468064023898 -0.906533240875742 -0.0800856235012376 0.0893154754412745 -0.128094090703479 0.987732073881149 -0.510822730458637 -0.423726781471318 0.451667731551071 -0.155365199441457 0.149493565363376 -0.326366639648458
