t = 336408
b = 30 30 30
E = -0.93715600425967 -1.28492377341261 0.347767769152941
13.8944244479009 16.3473293046494 13.8329882984964 0.0278454257441622 -0.1003348087282 0.994564004186024 0.902437407186602 -0.42539167874261 -0.0681809780430206 0.395258034211125 0.509254500105037 -0.0180832124183439 -0.216567737702802 -0.125525761551399 0.140337865806369
14.3396023108409 16.4698198581903 13.953777869043 -0.139800298609757 -0.670048947166952 0.729033802308959 0.92578552893414 -0.349627928147069 -0.14381052213142 0.235486229626811 1.1443732624699 -0.0355009542406824 0.105704073249827 0.119456316572418 0.158469493195179
14.8840612752388 16.4578507305213 14.2047090539412 -0.37063347524181 -0.895003431387333 0.248192838001143 0.921658628812783 -0.387443187792767 -0.0208122119894035 0.145072839821604 -0.00924300355192219 0.205563253136528 -0.412887439015248 -0.061310966520178 -0.0312590466565615
15.1396036250195 16.279631732883 14.5376615798699 -0.211429772397039 -0.845281662824118 -0.490710058830518 0.902156201751153 -0.361941221651671 0.234761026815015 -0.103656991226532 -0.742430157333222 0.0956576576228762 0.314748962469598 0.368772385566934 0.10758052700324
15.4674558128889 15.9487869464087 14.8603394069824 0.0613901663469058 -0.377329540110512 -0.924042025903507 0.908423580172507 -0.362431701845649 0.208350331134444 0.0087708742138253 0.310330682903395 -0.0802748780169686 0.484110228045779 0.265471253148091 0.135980493988472
15.8087593117399 15.4956110941873 14.85102552028 -0.0714457362479263 0.0749801161357413 -0.994622284566471 0.84033436662379 -0.532667084014536 -0.1005183061855 0.0750517150273243 -0.114753106242204 -0.39104310940111 -0.144984127068169 -0.71524260172028 -0.202157106899211
16.0687693283321 15.1280277561082 14.6814053061469 0.17532794182389 0.553447848606231 -0.814220849456047 0.767368753856988 -0.594936864218127 -0.23915543731707 -0.0440669460368161 -0.95276405787945 0.0926141790521881 -0.516674910317752 0.50704705422953 0.0990412168519019
16.3188270242174 14.7272859689374 14.3611911388582 0.213279995587093 0.91615320776408 -0.339374341083577 0.956719493055806 -0.266243466438526 -0.117482884650478 0.240121808025695 -0.644653656334017 -0.525302761086624 -0.111757486393778 0.220287121833383 0.346563706482496
16.7067864145013 15.8109357237647 13.8989523413907 -0.36062631554577 -0.822684044506219 0.439476533447241 -0.917358909773928 0.397985574375746 -0.00775327332166263 -0.424173722101317 -0.24101961831948 0.23888095472504 -0.0125881053256662 0.374077628429397 -0.012983214089426
16.246762158026 15.7394172763358 13.7231955967066 -0.159989023751164 -0.414798085100371 0.895737718797327 -0.959299453183473 0.279245654295607 -0.0420288434163205 -0.202648906969503 0.174313441655813 -0.0501630505832269 -0.0700008934635235 -0.173533143533636 0.0397283643955974
15.7218917031509 15.5509649348151 13.6798238228547 0.122844647365112 -0.0131920151809502 0.992338230317251 -0.977718419944419 0.169898274436741 0.123293420930609 -0.576085912286602 0.0853779604741678 0.216886039659914 0.139949143445543 0.617877563861108 0.351307020646904
15.4123797435423 15.2878560096964 13.8995394061953 -0.0236884334538623 0.717562661805872 0.696091003032341 -0.99939247283111 0.00080805926299766 -0.0348429661308372 -0.0486266179928814 -0.426129452345038 0.108437694975485 -0.0032075295495479 -0.386877730853456 0.120493617710864
14.8312795738173 15.2863062162445 14.0366886920431 0.328200299446916 0.850564428740514 0.410882849489104 -0.944607361375036 0.294961662599467 0.14392550306567 0.0240033358543039 -0.365229447726123 -0.260657623088738 -0.0900984531690066 0.5905829181684 -0.548470990626168
14.4283541993332 15.3906540823837 14.427194525457 0.379322559245771 0.923265487025992 -0.0607884570778904 -0.864383779087557 0.377035825179371 0.332693055205026 -0.394989106177159 -0.518852718521236 -0.191095292849 -0.291526525149256 0.588571398377592 0.0603551574607766
14.2233521824645 15.6377606184442 14.8008076972039 -0.0388221187716626 0.589110761761362 -0.807119169312095 -0.807173549161106 0.457651717071869 0.372861592814056 0.387972831521195 0.255450750239483 -0.128831595568885 -0.124056681296927 -0.528547407955557 -0.0482828788263499
13.7464874970904 15.9229531602475 15.0060969351828 0.384138372041067 0.565361188560187 -0.729934543363596 -0.68329208826771 0.705776995810168 0.187058157522989 -0.478431210731282 -0.0209036911793745 -0.0172263080346687 -0.403863106912187 -0.132914942981447 0.300465824441416
