t = 194918
b = 30 30 30
E = -0.538146999103073 -0.907858239991836 0.369711240888764
0.720495862649801 8.70537035445495 34.8347985027698 -0.656704924616311 -0.18697153963445 0.730602686383904 0.753905962353607 -0.187284464173488 0.629722422506046 0.113813596875073 0.22752501685722 -0.266523438700208 0.146732538270196 -0.247272923241466 0.17878943793813
0.912405615465658 8.83260992172213 35.3138096385782 -0.441822352518861 -0.858145873028895 0.261493153673543 0.656303776776982 -0.110470961600132 0.74636553995438 0.217452507257569 -0.0778706146946528 -0.0561062072121685 -0.0725127593447342 0.116872939134052 -0.784898199166318
1.19088183402362 10.0556978846642 34.7988723117861 -0.465817482830928 0.853706900585554 0.232805929008768 0.872450318864522 0.399150239173124 0.281974338692829 0.135224626282998 -0.151733369527728 0.431657984789729 0.349556908715522 -0.387493938879652 0.0264797105733219
1.48167809621952 10.4412094052041 34.8355897450805 -0.540247813341956 0.355690203250257 0.762638039630238 0.676858624902478 0.7221541949492 0.142673475504165 -0.218638684195873 0.851842823777563 0.323791523158551 0.154599736166106 -0.291547521305538 -0.222168761146808
1.65605550365339 11.0515370913162 34.8820703854573 -0.51812960948932 -0.116332357982828 0.847353816452502 0.583030862232007 0.67682491695473 0.449425239026725 -0.0332756819530717 0.349047305124522 0.10307047163352 -0.336567709567912 -0.599654296053558 0.101031426275408
1.60766571163009 11.5418891407097 35.0516315476085 0.188166474782418 -0.559269354088675 0.807348231771869 0.722777729532155 0.635422968734031 0.271716772573131 0.315907290816539 -0.945365978623964 -0.576882116435409 -0.353494135337481 -0.0899366233862228 0.540731439905554
1.57194325956928 11.807389007913 35.421126711637 0.830136960499959 -0.556627505470144 0.0322249432270392 0.54503983689794 0.822319292527101 0.163470356126147 0.100379276098913 -0.0824336772471463 -0.304652779517787 -0.538386381585126 -0.0765469055544926 -0.731757748550103
1.76533151315201 12.0738872403859 35.7541005867514 0.72420382355882 -0.330327590368311 -0.605320167336454 0.517108598900543 0.840870443945662 0.159798602752691 0.478298554020236 0.290345347959054 -0.0996842062590431 -0.430853437884891 -0.438158389321693 0.246036998814132
2.40117152497467 11.6259878676218 35.9990159455389 -0.939264805844171 0.313782924390205 -0.139003240479086 -0.25357254096254 -0.907446675554577 -0.335024622221627 0.0447238301521453 0.245201969440036 -0.392081733151806 -0.0908263325249614 -0.296728067092687 0.0141979999102469
2.23093557565207 11.1247853558814 36.0065016233302 -0.68617290354575 0.651967184674279 -0.322653895912464 -0.648846799887609 -0.749074267332219 -0.133736951872972 -0.311453482117998 -0.845580009391076 0.156014556405421 -0.247823151486998 -0.153641888319605 0.348040783646595
1.78293396753113 10.8731206683907 35.9935554026703 -0.132878723058118 0.59462213085549 -0.79294877921293 -0.748349134511039 -0.584758938674626 -0.313098317652318 0.360651089371955 -0.19035998575353 -0.546663573704061 0.290540936000439 -0.0561122950569096 -0.365274483850247
1.2838397832282 10.9213113932978 35.9048881950984 0.342618646458751 -0.0924698949591233 -0.934912713372218 -0.725597491046364 -0.658165929143733 -0.200813074030622 0.382343873005751 0.551047084608987 -0.222978803884542 -0.00703516451972009 -0.0228829555365443 -0.266645324676059
0.782063090454168 10.8812186989412 35.7202484070953 0.55437297329475 -0.295395987343971 -0.778082140356276 -0.810049783523016 -0.406088137770956 -0.422979636124516 0.123549081691876 0.207991225774068 0.0147829282629718 0.0249624593668282 -0.742404295498555 -0.42196208968259
0.52078410092856 10.9744423811629 35.2984048856465 0.503650161454889 -0.853329716067177 -0.134777262708581 -0.827383171949949 -0.431567401008623 -0.359425465375936 0.334302835302546 0.325304601818714 0.582065420086592 -0.0269057640210496 0.185537977462977 -0.123762499809206
-0.215395500108791 11.6374389003057 35.54919854029 -0.788336903013834 -0.480329906708022 0.38445820067779 -0.533877902883853 0.844640473099682 -0.0394570147663611 -0.416127902053679 -0.11964723620634 -0.338111786190237 0.277591711176862 0.115182393416782 0.356801798547489
0.325681912135162 11.6063318515099 34.8182009785727 0.699237423750601 -0.0262964911554151 -0.714405710909089 0.584049053555328 0.597291768160035 0.549662848234625 0.336220671958021 0.51444611935257 -0.175055381634595 0.235687167810028 0.113216269439112 -0.526746110834307
