t = 567849
b = 30 30 30
E = -0.961392043033107 -1.38190622673016 0.420514183697054
-13.0049440721578 28.349834142889 28.0945101432105 0.271540516568624 0.0107653938412668 0.962366798137322 0.936156512264657 0.22908082519324 -0.266707630324414 0.185182671892027 -0.29936620804239 0.114141520497237 0.436350821967662 0.607745922101078 -1.24011478645994
-12.6157277622827 28.7452769338759 28.1651846921751 0.282829179926159 -0.655125226425121 0.700584465060239 0.958448870187497 0.221353976525565 -0.179939379549394 -0.297686020828741 0.544698675128163 0.54410692928088 0.665300242971536 -0.254760068380533 0.425989302617264
-12.1258180988288 28.9803794530195 28.3577780034445 0.119573499516865 -0.963073102933548 0.24123096115389 0.991566450275281 0.103611152644288 -0.0778505217466267 -0.49345740374975 0.129858899400188 0.269791488246963 0.312806198970088 -0.618244528904651 0.166721927087439
-11.6620942892987 29.0275036358251 28.6212140189892 -0.0656503238449087 -0.925598223529238 -0.372770658151328 0.971414750096937 0.0261240462476736 -0.235946853129529 -0.179574082810402 -0.0547383702545803 -0.421118841488815 0.213761796112559 -0.3499800037332 0.152469233666726
-11.2347099331152 28.806913981454 28.7722054061846 -0.199632380270216 -0.392172516564687 -0.897968613036657 0.95912970072633 0.109347764969171 -0.260985216977706 0.141720445014482 -0.827133857428309 0.202484880494534 -0.111815575706136 -0.103682552023269 -0.399677787349527
-10.7276367789703 28.622264511091 28.7284695476303 -0.375816055994032 -0.0402795898580806 -0.925818473945095 0.926308065481217 -0.0451690981845485 -0.374049622902672 0.98006268732766 -0.150165387662706 -0.444830785794266 0.0847105006701536 -0.513441818899633 0.328077321502787
-10.4274122162588 28.2665036969383 28.4905001763206 -0.20055287158647 0.605669303914677 -0.770028077406217 0.897215784090843 -0.202092259745325 -0.392635397448135 -0.0585282656920707 0.281540169906398 -0.349497454159419 -0.191022510591904 0.195312955588218 -0.295450032025388
-10.2105819771452 27.8688543841181 28.1844575469788 0.137565685477181 0.95511091072562 -0.262371550271884 0.908771310512316 -0.227066852984055 -0.35010762554623 -0.0586620871739396 -0.185363594976535 -0.224718414777777 0.249565114521833 -0.3108015200882 -0.288142637185204
-10.162794894434 28.8757141997945 27.5727835442638 -0.148142473068261 -0.882702028899087 0.44597190029269 -0.979118104543753 0.19438825412035 0.0595058317704731 0.804619152604909 0.0777610704066046 1.23788088406353 0.228246211188644 0.137480898339331 -0.136292585499172
-10.6296200864424 28.7824389962949 27.447191932726 0.0977589607763716 -0.348468015155569 0.932208789918572 -0.992015062970948 0.0408775264256086 0.119311117135337 0.444428700028434 0.287572104553677 0.414082122502887 0.191349510802443 -0.016265218525487 0.293594098022831
-11.1188212056967 28.5277966996967 27.5956935846994 0.30352639135843 0.0542135066509415 0.951279467583279 -0.923198962936285 -0.230282884415479 0.307690539306366 0.00191992097870175 0.0887548874295168 -0.00866013533093668 -0.121370489005497 -0.367914837315564 0.313712805517993
-11.3901442027056 28.1727486570447 27.7824837574933 0.270688149245307 0.568053991236685 0.777201768460592 -0.801776350663414 -0.313805706195062 0.508606588903728 -0.142078780011188 -0.250585911115406 0.0811003325098226 0.211218712257247 -0.400538644987102 -0.0691177981091628
-11.6421903784177 27.8323271792475 28.1992074236042 -0.0708921816011214 0.944275570626855 0.321431089512525 -0.855169445633011 -0.223417121041285 0.467728563679162 0.069271053228421 0.123849365377463 -0.391204249223407 -0.315799861428992 0.393311215535746 0.0883438694610263
-11.9343754004351 27.8668529702637 28.7024799063245 -0.281888002904528 0.878311076723032 -0.38614609453437 -0.95759673749188 -0.232567252037859 0.170061640661569 -0.160032737647951 0.0321771934665394 -0.234203805725198 0.384936223236104 0.0637077438874401 0.539848852501641
-12.3085628776353 27.9914215053088 29.0340972680494 -0.302819682169292 0.594375907529039 -0.744994980278355 -0.94258540156799 -0.071273055005206 0.326271225181054 -0.22168392618141 0.0231281002479911 0.129399232927897 0.465980364468852 -0.0830204567343812 0.424560170119312
-12.6291470502339 28.3066960712899 29.2973820580091 -0.309874643479325 -0.050210451717534 -0.94945069164588 -0.945374347495143 -0.0900379586348133 0.313305775725613 -0.294718529320227 0.121716715748043 -0.478078602075861 0.258000725788903 -0.40055353417349 -0.165523187752406
