t = 513248
b = 30 30 30
E = -0.936075841548811 -1.32194741150579 0.385871569956975
-1.37019816866132 -2.56282105732113 27.3960056584061 -0.0621331386500032 0.517576987892282 -0.853377720992221 -0.733242513819275 0.556409180794822 0.390850661321227 -0.574057850636527 -0.375745877021284 -0.122213400960215 -0.184559851460269 -0.0634425471532983 0.246042881775503
-1.45685019916965 -2.06264328245147 27.5860645710208 -0.478558845299429 0.180955280591698 -0.85920697041613 -0.492122192455944 0.755122267671104 0.433135208173623 0.262201552252884 -0.516973191162216 -0.362926386549367 0.124029190231974 -0.0493043712874201 0.482024822668736
-1.666839722868 -1.58571928427651 27.6406857564299 -0.676402301692265 -0.440323020749618 -0.59041981984292 -0.684762396014681 0.671180766142774 0.283931048256843 0.425623292392788 0.200693665217739 0.525913028684448 0.77513383631476 -0.931859432031436 0.0850414925765186
-2.01203764636569 -1.15102610601117 27.5455947575009 -0.649059916571882 -0.758323823530269 -0.0605491813829529 -0.736204588224447 0.606085907237871 0.301102436597456 0.120504696332744 0.0501501458973757 -0.0297375595206782 -0.825621189787759 -0.373696049101412 0.0052251834621578
-2.47575066973902 -0.955295188828222 27.5060732910721 -0.20729490253579 -0.910441650029489 0.357945282514365 -0.878995877543378 0.333949172891589 0.340358924059289 -0.455422726666799 0.430187906925701 -0.299717467826709 -0.144004365948157 0.116827860587831 0.0910074897368498
-2.97119115947714 -0.949233374404936 27.4904332633825 0.248585771277102 -0.447195992163757 0.85919779964291 -0.715875005927872 0.512709485667593 0.473974639821819 -0.259101671754144 -0.326424367474724 -0.025653912589316 0.153961317199339 0.0159883281072409 -0.551701537056416
-3.43142862839924 -1.03112701651053 27.7598473493093 0.536525365496698 -0.115381916445555 0.835959057332353 -0.763650605215978 0.35519465350851 0.539142384971017 -0.0249224668495947 -0.075855767606003 -0.0864230004837344 0.0786355480204008 -0.208570005806465 0.698545835054528
-3.75638267360916 -1.15221151881631 28.1791099550443 0.739055328187961 0.375386864244296 0.559358493302643 -0.658278620172982 0.226102942033458 0.718015820039474 0.0997181662239015 -0.0593559701336933 -0.340090591710938 -0.117104204043753 0.349691986652638 0.362877907254804
-2.91309270269312 -0.640072878133237 28.7676716141822 -0.762094993721568 -0.542802797335111 -0.352953741657012 0.646953922416997 -0.616737983427745 -0.448424890106199 -0.479808804072638 -0.402637889010665 0.153934506527986 -0.0971811129261308 -0.00331611643651728 -0.00479394858179103
-2.7651994772405 -1.17201858872347 28.6713141537025 -0.6600768281611 0.0454835874115568 -0.749819861167288 0.647201328005093 -0.472293012017107 -0.598389297889125 0.333874138411038 0.0784717654304845 0.0958277059683259 0.355453465492439 0.226079209341656 0.58410051055876
-2.6967218452867 -1.61161073818209 28.4727456918214 -0.257744142163593 0.53216967423017 -0.806451111357755 0.533585254200081 -0.617437797584751 -0.577976939517425 0.186828230149682 -0.0176714466499673 0.0341923704986703 0.0248679370817568 0.455095537713779 0.0662120472049293
-2.72931667917608 -1.98842654504362 27.9821099991818 0.11283563939958 0.876740381898509 -0.467540823062276 0.546570941561235 -0.447725504712844 -0.707673708901549 -0.125120806061282 0.138816383333235 0.746108141186434 0.716723800849403 0.402495050634069 0.379125299980766
-2.72386542245178 -2.11420616124986 27.5143154713245 0.522111335758339 0.852566714134871 0.0230163207721648 0.621174985069686 -0.361638115941571 -0.695240613760368 -0.20805902897407 -1.17039100344395 0.189421863134835 0.496231384325878 0.102240613759089 -0.0995737766481966
-2.52194865288073 -2.11299795602851 27.025752970311 0.750165839911018 0.400203277337156 0.526392011184833 0.658346692223857 -0.377512177898135 -0.651202110236535 -0.107471991050338 0.00683554529340061 -0.0325924063732938 -0.294070174026476 0.210924510062011 -0.214878526621226
-2.18627703938028 -2.2344037799846 26.6237057987392 0.689355598198962 0.238942169873499 0.683882664415408 0.721396050318452 -0.140213941354316 -0.678179761740807 -0.448949016425851 0.59527454037395 0.0134135322337035 -0.0182527460217287 0.456567251767532 0.22600114587969
-1.78262333262507 -2.0221546302176 26.4423776362232 0.467057046050309 -0.57356234035852 0.67296653516888 0.673445448438666 -0.262455631255138 -0.691077614743594 -0.551638505220802 0.120126990592979 0.15858433649681 -0.582398144607345 0.256138260351668 -0.23570766422907
