t = 4777
b = 30 30 30
E = -0.917228477379416 -1.20471128381504 0.28748280643562
17.4099526391856 16.4046565995347 19.6929002167087 0.292110445521016 -0.887271362223131 0.356960806526749 -0.866409034154034 -0.403552646758511 -0.294075920181293 0.408807064849159 0.893655104416746 0.207156083239665 0.0187575875283946 -0.0105780374755208 0.167009718204583
17.0395742357532 16.0902728190419 19.4241817504031 0.32405175887117 -0.369689658809396 0.870815717440777 -0.875554563371301 -0.465840315169364 0.128050799773387 -0.275418703178656 0.0884081823833971 0.323362064795302 -0.514543263971644 -0.546600738856656 0.174208536756388
16.7787601762936 15.6623974910641 19.546472390281 0.201694334077573 0.10735221194875 0.973547583937586 -0.700360329295825 -0.679048194840626 0.219974903642047 0.110301301899117 -0.609215917701423 -0.809383481521541 -0.0873897115025781 0.408117406487208 -0.153886686770882
16.7822527632579 15.1426716469095 19.7079155094941 -0.245454655591136 0.514678227793265 0.821497616481158 -0.726798826871039 -0.658474782477384 0.195382768176328 0.389191387975144 0.10959799008207 0.621513418047613 0.38175073533459 0.217140418603637 0.0946572535512711
16.6141179535856 14.8347258099122 20.0642082069862 -0.669844351527295 0.659864030731017 0.34042327428422 -0.513171022654447 -0.742784907534683 0.430030327589212 -0.43685603959117 -0.439544514580626 -0.303762022035099 -0.519805659423603 0.102149126228121 0.0620312089125815
16.3019743137856 14.5656511915095 20.3979363875964 -0.613233471084843 0.767273461823066 -0.187712931689014 -0.738509486617379 -0.472593922812856 0.48089367046832 0.436592819963293 0.33550722677208 -0.293126958151208 -0.0179012697963138 0.236995873805653 -0.355883512806598
15.9207656842439 14.5663339982238 20.8349857129663 -0.63281186841165 0.273033863767383 -0.724569974835842 -0.771354862275548 -0.303906611201348 0.559153331486082 0.215746382567271 -0.518297038142132 -0.131930401531672 -0.104757398311895 -0.210283067731641 0.355255557873098
15.5490273093945 14.572810196487 21.1222614116945 -0.347424107412969 -0.154378439450084 -0.92491285374421 -0.88070061634496 -0.284949914618571 0.378378078815991 0.0362294372666633 -0.0204556749310784 -0.387612501928003 0.0900305259318047 -0.250578289013051 -0.0594906071162387
15.11947204002 14.4734846273005 20.0366943780503 0.390466081539247 0.0769382770945753 0.917396719355974 0.482246646457608 0.83174938626566 -0.2750111460052 -0.10929924616699 -0.444805778923091 -0.333683036811321 -0.0798678590553126 0.0919213014114271 -0.314519269956185
15.166172905196 14.9961284738651 20.0568510742426 0.619583024854096 -0.430037313456197 0.656646620602003 0.645904395696639 0.754674672298498 -0.115211330219351 -0.266118725675893 -0.00203716768254704 -0.0418080096353957 -0.0831673617265918 -0.210335554273303 0.103473898691721
15.5333352694412 15.415025604932 20.1270106315255 0.604814845690751 -0.67341381930646 0.425103317323173 0.696838838322727 0.705923071888331 0.126839465391413 -0.209198137696655 -0.198712296861479 0.0317964733684622 -0.235108385213832 0.268353808586096 -0.205133738813036
15.8936559627761 15.6748724756941 20.5303595137869 0.674720965145924 -0.621928454129659 -0.397437563821596 0.697588003812069 0.713250418657176 0.0681528959242196 -0.216036076363304 0.281813385513917 -0.184855350263811 -0.10659923778769 -0.268369815207041 0.207394068245223
16.4326684419231 15.7503103002079 20.6815165469018 0.299389051993406 -0.48512164602759 -0.821597945531738 0.869511852319786 0.493247927995534 0.0256050815956515 0.168538105570544 0.165609221200648 0.0518671164105141 -0.465712113925784 0.434626888447048 0.390194867677474
16.9467250284278 15.8416095654032 20.7204242033143 -0.0919352931264917 -0.207392924182016 -0.973928168232633 0.942597425228047 0.297196407262312 -0.152264209398771 0.384280083606219 0.068619376480967 -0.0392028091559422 -0.385146115012374 -0.250107874547193 0.354975934387004
17.4121049327882 15.6488309408104 20.486278767843 -0.187913361161618 0.354148996744929 -0.916115198433858 0.97586195963046 0.172991764635344 -0.133293980038686 -0.28365970318902 0.337634269571131 -0.195002263999222 0.291537992183427 0.0372184447095215 0.0146579784845377
17.7528222251448 15.4452651177345 20.3261145608545 -0.193522822893412 0.914277987473698 -0.355871716550234 0.913054051150137 0.0351067235194632 -0.406324768678999 -0.514179278847116 -0.328215581432302 -0.398853658500026 -0.152612825711353 0.376965471175212 -0.293840281270662
