t = 2198
b = 30 30 30
E = -1.01090106580086 -1.33484885425736 0.323947788456499
-1.59657210073283 20.5648985518846 20.2554655646397 0.751057142878233 0.384154676003876 0.536971463893515 0.163678846620274 -0.896247963277361 0.412248497256495 -0.420790955353639 -0.260004299788753 -0.302565713280698 -0.158042026334739 -0.424081035415656 0.669088950297666
-1.274396616514 20.1629206250093 20.3108795483956 0.213516552749225 0.52117828932685 0.826307371645949 0.294586679290645 -0.840790138054942 0.454192285418925 0.166062795007378 0.331665177969237 0.844565451017821 -0.0895010485094797 0.154435504366987 -0.320074706182471
-0.990415051108474 19.7864644947235 20.5988437376451 -0.283836016661537 0.609509827271302 0.740226239811462 0.268106454488894 -0.690738281124095 0.671565005082247 -0.0108938700122785 0.827723528126803 0.246518210473865 0.198215232827015 0.503903885047078 0.00875866755105604
-0.658460433916169 19.7312825302404 20.951429242364 -0.63643524389565 0.3070930781727 0.707562026726914 0.590206982202873 -0.396702710690127 0.703052400244875 0.0228265698560846 0.16139731629401 0.522393754235345 -0.0602298896905342 -0.167801531672262 -0.248665269631827
-0.397004059922878 19.7608539791374 21.4243539275431 -0.907608872119463 -0.114056997683032 0.404026158224402 0.419767635432452 -0.261279153612663 0.869211329960037 0.374797029635544 -0.0928744297078889 -0.552377599242736 -0.107818616822826 -0.126441249253066 0.434039798487446
-0.355429047997372 19.8466759122611 22.0119166824691 -0.635540644796176 -0.751778548170181 -0.1758326002856 0.181351586129068 -0.366730462657481 0.912480339496419 -0.299555953737814 0.0590828501393399 0.23576042140848 -0.201755118685426 -0.150603358897915 0.0405625499969066
-0.518791696118363 19.7884809583206 22.4865674817581 -0.114887592718696 -0.92717626507124 -0.356573995865994 0.129819837152446 -0.369885909764391 0.919962620783844 -0.434429069250117 0.308047105758158 0.289785027083262 0.498566022055936 -0.416975223732533 0.173646777405038
-0.808044554023279 19.6404292553959 22.8227597785246 0.508297241971709 -0.81340885820218 -0.282842612069298 -0.150391277693814 -0.40723018880046 0.900858499945003 -0.428117098092908 -0.310725779901036 0.59071086431998 -0.37684651476595 0.038671102745572 -0.102992912222723
-0.50928328350059 18.5659828740905 22.2936133438747 -0.340680106782211 0.748417130095243 0.569042058395389 -0.333126190261814 0.469892108159038 -0.817452352159751 0.566922608960206 0.298523874967934 -0.467839925231131 -0.204389590972081 -0.132901111467712 0.324823781691734
-0.880489362265997 18.7086048221065 22.0473111028341 0.413037258366826 0.84117716803161 0.349028931727925 -0.411140378740988 0.514198288397696 -0.75270426408889 -0.0489710573844975 -0.0503233065461914 0.158502880811864 -0.023016045623371 -0.429678206860213 -0.326290839856208
-1.22213914488422 19.1020679954046 21.9634576872218 0.807549418519661 0.581943711743821 -0.0959450520369987 -0.501441463873394 0.591780402655796 -0.631151656371948 0.217145964953348 -0.064030166223607 0.197109346086353 -0.125464091826937 -0.210455456021122 0.528233524774577
-1.51118798470437 19.5950936974241 21.8448548636604 0.904427670942848 0.0859140213138302 -0.417886789662678 -0.364899392458023 0.663279002852508 -0.653383040611515 -0.120185308568195 0.258534012346905 -0.17337855458557 -0.133543891095253 -0.268762888271304 -0.0466349871214755
-1.50546796548901 20.0393926610418 21.7358310648883 0.679901924746048 -0.261456199372038 -0.685108771317767 -0.165116148754299 0.855701274381675 -0.490420214145099 0.0557988689806862 0.712150570031434 -0.0425841149130246 -0.182147847187749 -0.0643428958552258 0.0343364457662308
-1.19734334653916 20.4218593682764 21.5639635506248 0.0512585767636247 -0.508188446392143 -0.859719175813652 0.0632152687060671 0.860775555490802 -0.505043832624378 0.400478921643857 -0.260458123160141 -0.426348814638747 -0.511455562992466 -0.163402462344486 -0.297246572066714
-0.991055824965212 20.8043251358518 21.2551099764662 -0.294809109736921 -0.57699770892273 -0.761683157693565 0.0223829584754097 0.792721213999762 -0.609173275878572 -0.434635743201379 0.46539187019218 0.00562325924199171 0.173446024835625 -0.0325926359354855 0.112222598336477
-0.705249794255877 21.1246575665378 20.8022086494952 -0.766653564445431 -0.449169543955285 -0.458790837862008 -0.148142088627368 0.819026576261698 -0.554300810890765 -0.667215514568503 0.0730857198608971 0.153174111915171 -0.494787065884771 -0.276641574403582 0.377265985844643
