t = 47506
b = 30 30 30
E = -0.743865491811632 -1.2355499331415 0.491684441329872
2.10920876189047 18.1031293726941 24.2048930757077 -0.473421324503778 0.614283689955683 0.631290581079352 0.758635929825128 0.648543586193753 -0.0621509676940645 0.653976951217767 0.188873598164625 0.545752770605984 0.233506033693236 -0.367946226867591 0.453990689917629
2.1631898649777 18.6014509425647 23.9930906689197 0.152925796175558 0.0543495239739978 0.986742028145078 0.693643228924202 0.705295069127168 -0.146348681007076 0.0805468212314673 -0.430782218418738 -0.41495468906653 -0.559233648551839 0.655023213718848 -0.0628567709947054
2.47384858154776 19.0716110769727 24.1748597221294 0.308175549681703 -0.58930064814378 0.7468283448529 0.801127438327824 0.584129207723707 0.130337624047613 0.0872022094509414 -0.0942761421102496 0.137380783800433 0.193910350102401 -0.0787078226815045 0.90639301497155
2.68145086980631 19.4357429286935 24.4933845835695 0.523802397941395 -0.848654017383989 0.0736030345085044 0.824650048987256 0.526843025346737 0.20588521886926 -0.750967958536965 -0.364714840714123 0.228159767279983 0.106215317808669 -0.344034074642204 1.23576843958357
3.17870586089932 19.579819081095 24.8388513642531 0.364847642948884 -0.806389164264318 -0.465427452125204 0.923530526221127 0.249958056274337 0.29088199882653 -0.938707089481804 -0.247578962248508 -0.621016251688677 -0.0117322160354819 -0.496265592634804 -0.427849430457574
3.796741560652 19.472952677026 24.9915112188254 -0.104950803627791 -0.491474415425628 -0.864545098765775 0.97342788457105 0.127149264699851 -0.190450040760907 0.135089070525516 0.315009312385145 0.0954037820933558 0.0354119967511186 -0.366246875367633 0.306256311940231
4.22663174385113 19.2265313649603 24.9059689324468 -0.114975844592942 0.244408246212181 -0.962831846348901 0.981133920802916 -0.123712206131913 -0.148564866317281 -0.418907003887344 0.0487544908440633 0.764613784954918 0.0712505422706368 -0.103175627251575 -0.144348343353002
4.71720597849653 18.9987598903251 24.6456159951492 -0.356795100621394 0.667920451845752 -0.653130558294991 0.91434801995807 0.106379270267819 -0.390705962657389 -0.0555535263029202 0.852056098966145 0.68049680404772 -0.312022783950645 0.0665416005217861 -0.171326273271377
4.314343205209 19.8792839088195 23.903371234856 0.330219451866995 -0.793264159811991 0.511553600677818 -0.943818397118434 -0.284800387019598 0.167617340434298 0.00998240925736867 0.516034201278702 -0.425830635250824 -0.256407196095713 -0.107111852360772 0.357767990530069
3.91315456605908 19.5083446515995 23.8527477925819 0.427228312530273 -0.446915080034768 0.78596620805862 -0.869970861046439 -0.439929863908223 0.22273844699961 -0.748586025381617 0.117961180332501 -0.0506342297407084 0.215363004178157 0.740228828999393 0.0338003465099721
3.66952505302657 18.9901367310028 23.9362859738353 0.111070948397297 0.173440807835768 0.978560948842443 -0.870784471222678 -0.457556173057562 0.179935413897286 0.107523948197957 0.0490818733338884 0.0476625671590167 -0.0720926882988079 -0.235521727054079 -0.511080633610614
3.47581601929834 18.5798408183819 24.1582141264482 -0.164334021921447 0.741644465581135 0.650352070737067 -0.830678893261035 -0.459605351219455 0.314222051137523 0.135810863217328 0.246038042052205 -0.24707886822252 -0.248297451270983 0.132620731709084 0.27708634136731
3.22410765227417 18.399251631368 24.5916326170321 -0.383204198802126 0.922635835212615 -0.0435621120006189 -0.856246103049205 -0.337151597914336 0.391371193417291 0.040928970045091 0.4384009371707 0.412353074631712 0.162840512850378 0.270044117736466 0.19389400378155
2.9846887983084 18.4821045530486 25.0786945430214 -0.532585936602194 0.341851105341311 -0.774267422736157 -0.82659473531904 -0.406707101197597 0.389012181529435 0.117752570407156 -0.228805597820763 0.269611783121287 0.294755525095501 -0.309472139863301 0.493777050738485
2.40314621687988 18.5588435896513 25.1673083816643 -0.188484776713564 0.137364037493639 -0.972422032941815 -0.949716163795885 -0.277580808281631 0.144872713436812 0.264991855191617 0.161769332649702 -0.34213480174909 -0.264332726505635 0.595452675808925 0.267873177052961
1.89407081730005 18.7549116198355 25.0980863154424 0.0200796959665649 -0.382586324665615 -0.92370152646228 -0.98894682636147 -0.143351165362007 0.0378763517106413 -0.681837060259852 0.149343220222039 -0.687517443776038 0.480795615534894 -0.695452303045414 -0.119934370221897
