t = 6497
b = 30 30 30
E = -0.956760399647345 -1.35323758778668 0.39647718813933
4.07631175400926 17.0305189616642 13.6844784786987 0.980566408287687 0.0721989546919188 0.182419379121802 -0.150968922534638 0.871497839495979 0.466583218925179 0.222691801846301 0.153986657129868 -0.0522742308164401 -0.386966429215197 -0.0262893932893492 0.210853400395212
4.17877290894261 17.3464489994353 14.1747182954651 0.92712727813519 0.0385568072287726 -0.372757807099945 0.130057384947072 0.899762414062844 0.416548526417433 0.0891987199763048 0.291256125464602 -0.617997157401033 -0.172911222549015 0.381106631315677 0.103234213556255
4.44611976745393 17.6713311813031 14.5901666804379 0.454011120508054 0.241783526782549 -0.857563192208956 0.176055420617799 0.919156828836685 0.352356655782139 0.0508122747988348 0.144846701122032 0.259327805642161 0.203341671140632 -0.716233159749988 -0.35002430784922
4.74857497772021 18.0939517703076 14.7315153978912 -0.20261996687729 0.202219958584036 -0.958150425232348 0.248292208855976 0.957081150749603 0.149487959051031 -0.789764706701277 0.162988491054346 0.131264623389577 -0.473067817413513 -0.157150740440999 0.0526144362460186
5.09874659501035 18.4437339129307 14.5316200407134 -0.759192204639544 0.345079859092886 -0.551857850594689 0.337689796677677 0.933670476249282 0.119268784684964 -0.0466242707715368 -0.113773954050578 0.0632280530123769 0.389219507212998 -0.221463208163357 -0.112989495003521
5.32577183540093 18.8784117350321 14.1465257522962 -0.959820899232781 0.251848526128231 0.123758479640855 0.263127567964526 0.961003120727111 0.0850698826249324 -0.954720205793513 0.179550331083516 -0.0419345614730576 0.285282228409773 -0.764139197873274 -0.378369088412925
5.3166008576823 19.3006983638507 13.8708696791225 -0.749607876463269 0.14085036575151 0.646721892324599 0.182838819087367 0.983140456343166 -0.00219301985403696 -0.0732113623596935 0.0025592627944985 -0.00410582047709276 -0.154356461985286 0.443912568283892 -0.408027576964678
5.18430332442036 19.7766866821358 13.6947941244687 -0.225683521146001 0.00285276808274528 0.974196494552006 0.293739784275393 0.953655419930395 0.0652554915025219 -0.0701444882289219 -0.405392417909432 0.667893600708822 0.524568333011252 0.686853947620828 0.134070248347027
4.71783392940908 19.6463136622094 14.8056166553011 0.181123893712729 0.360029822869963 -0.91518995939125 -0.616998179462879 -0.683060923928964 -0.390820957397119 0.310567931923305 0.0179096318846971 -0.510124498777318 0.158499960943427 -0.811345184932974 0.652409218249679
4.36165312517266 19.5572440202927 14.5545355416811 0.735028993649246 -0.330439474512266 -0.592065986338548 -0.475263623333071 -0.873875734646809 -0.102301948817326 -0.465153624713545 -0.512052559762877 0.129873363315037 0.904283251230503 0.503092163491442 -0.142441224523904
4.18378657400674 19.2096924863601 14.2150297646994 0.945359147891932 -0.323692394701952 0.0389783928498648 -0.313829465620342 -0.935854054423292 -0.160275560607176 -0.152506572163804 -0.034530208558426 0.0333667295427134 -0.158926329311256 0.450124893468756 0.313511811948509
4.21162786216324 18.8137702313387 13.8623978654636 0.757237875040179 -0.27911160150631 0.590497683745855 -0.20775753538293 -0.960066577639214 -0.187373885565022 0.336441372609765 0.0955666029765332 0.119589647910058 0.142989341562925 0.0884639669557501 0.253677254695385
4.41528399165922 18.4027887474103 13.6677246782772 0.380305721080366 -0.247903223041944 0.891017143785095 0.125897522378886 -0.9405624109424 -0.31542378632733 0.591600839853422 -0.142145120858125 -0.487520338028665 0.053094454337192 0.0306304919688748 -0.841747684028476
4.81534022445366 18.0663777231655 13.5967956200613 -0.267756296311548 -0.365083942566851 0.891639097766229 0.273937851378271 -0.916083302395506 -0.29283004738996 0.0552494545403539 -0.13044473359797 0.0301841996362076 0.118361856148367 0.12420629899245 0.339537068967369
5.14615463384736 17.6132325727005 13.6259047744405 -0.739865370625137 -0.210305946893697 0.639038842364749 0.0576115195603244 -0.966200306418399 -0.251272522753597 0.106171183946075 -0.106148861540496 0.362075011627846 -0.0103148182655114 -0.172895632509036 0.0308904847198251
5.26175704709221 17.1311615048212 13.8386285826602 -0.995169304961161 -0.086953918870778 -0.0455748884379541 0.0967080698234955 -0.948192478706013 -0.30261951780471 0.412766095548044 0.245324949005239 0.831525654767521 -0.20132755741337 0.164894345666869 0.127501081975992
