t = 4189
b = 30 30 30
E = -0.87904678485851 -1.27160642303145 0.392559638172943
5.15854915931602 17.5326807302135 14.7853082834782 0.312168906767135 -0.457292786274041 -0.832726774680346 0.625739954681492 0.758511127133791 -0.181962576178247 0.199438669191068 0.252728411719171 0.0129255618678441 0.174653846669727 -0.254597631404854 -0.0321705432673604
5.62683704560546 17.6581813912233 14.8296436242323 -0.147046626012243 0.0453548155278893 -0.988089181444085 0.64340630020746 0.763112725466109 -0.0607231511454648 0.0874518845606949 0.163869591648154 -0.286413469549891 0.0561882819035 -0.521162099376334 0.0987840608546436
6.05428661818798 17.8055696769157 14.6135298648035 -0.617025215873508 0.437687361750553 -0.653995150089123 0.614659701124694 0.786995277890501 -0.0532154525617369 0.184250291259966 0.146630219083651 -0.526778818429511 -0.51474800029884 0.241025671535072 -0.496199214388452
6.38088039298784 18.1934040939662 14.3508468841631 -0.917424512083743 0.35954450963742 -0.170469968667504 0.39344388880237 0.883671210295081 -0.253627873980146 0.743916789648856 -0.253625018935831 0.00493960994108845 -0.176722298649923 -0.188443885236977 0.196678936810415
6.45583817584574 18.490233694777 14.0545550829477 -0.723566515939248 0.43047962971537 0.53957278045845 0.198284018311446 0.878382280991412 -0.434888510451358 0.0304346210489077 0.18031456515225 0.449267293488966 0.16996923625544 -0.355315181951268 -0.0587846965006814
6.26960004885023 18.8850696502113 13.6889684934467 -0.234288879459841 0.361587728451397 0.902420653351204 0.357122122797419 0.89536804408113 -0.26604483653512 -0.302862309398152 0.915979746046092 0.0528487607581626 -0.24793540925131 0.65852612795315 -0.0121738318771423
6.03695821526465 19.3434354459824 13.630677142407 0.423760630937843 0.209485231735092 0.881216696024337 0.353763482903179 0.857338832434335 -0.373927164785264 0.19542263256482 -0.0122782574067577 0.143125201623012 -0.332874201130544 0.37499879508457 -0.26466693037266
5.97742361894555 19.8653895029495 13.5882312024766 0.781215565549487 -0.150949118048393 0.605736414543169 0.452289518306443 0.805663404391729 -0.382544991411546 -0.574940641911846 -0.0424912896732784 0.156095419101092 -0.0113601244607498 -0.0354609888846579 -0.82666116986833
6.91257786027315 19.6340102276099 14.3397710786032 -0.815655559193643 0.208278713144795 -0.539746224078745 -0.468834528193996 -0.784583302016294 0.405737880127457 0.100883854579834 -0.188508234376469 -0.757453645906638 -0.100275695227758 -0.333545203805489 -0.323862306748042
6.46737073036413 19.5960076752784 14.7011021703089 -0.291249294962225 -0.23555505590041 -0.927193433876536 -0.573227307062599 -0.732975325454569 0.366275342758056 -0.32767723392264 0.0641875304353643 0.550774880442006 -0.0377868755755778 0.258131546382002 -0.645903312381237
5.93544085986948 19.3263466351827 14.7029079947691 0.427467436752957 -0.325672636242025 -0.843332036933862 -0.536510485769611 -0.84220920808013 0.0532930434887214 -0.149874442785645 0.489829351835469 -0.0129606344868321 -0.571417679445405 -0.539488919717436 0.0870800692790852
5.55199516059613 19.1075163141688 14.5585142942712 0.675157874505642 -0.66386584666247 -0.321627085501426 -0.707069441326665 -0.706679516909712 -0.0256293878634584 0.286182891202169 0.280228960194571 0.450359830540049 0.180554579084443 0.210418436208988 -0.355507716350491
5.33598508549851 18.666731268853 14.1902186754192 0.888092622698847 -0.452420314880474 0.0812856210613589 -0.434572332262199 -0.884008378637907 -0.172267450582434 -0.416991362889566 0.302310479009593 -0.269711674649684 0.238147540593026 0.11888539452819 -0.13102925913468
5.28704469711089 18.2674497463899 13.820312713295 0.650112568700194 -0.389991098659343 0.652120074054242 -0.347587897585372 -0.915812722655579 -0.201170848967632 -0.277870550991002 -0.54017772891289 -0.579291949068953 0.266654386942941 0.188945228793222 0.51914330222459
5.3235717396904 17.7626357569653 13.6559900356859 0.141934670276797 -0.0800018758592867 0.986637851104657 -0.380045330337498 -0.924744832689966 -0.0203111127677235 0.45702219425321 -0.410136602377153 -0.046022980469032 -0.131585813226787 0.368200729371134 0.0969946298868839
5.52354385047676 17.3196128114464 13.5490920615912 -0.220701073752799 0.0220853612870624 0.975091417694354 0.128331972176264 -0.990394300993377 0.0514784758632121 -0.0435636727871343 -0.505374467852959 -0.632130835482593 0.92037968506086 -0.114626543169473 0.570328828251088
