t = 47143
b = 30 30 30
E = -0.817634358342362 -1.20216651033888 0.384532151996513
3.63382630160539 16.8484828751004 20.2194926807969 0.761697067120099 -0.39684340928862 -0.512184426202929 -0.580971014287747 -0.768284533626496 -0.268722079382744 -0.420678423965214 0.814656017009859 -0.221099737464798 0.19735687894724 0.335973784544487 0.722270461872385
3.46221215023237 16.4301793592107 19.9025239068378 0.939059359963331 -0.342174151524031 -0.0329297508955832 -0.327744615790858 -0.862310713870496 -0.386009973400003 -0.85095754195661 0.0210039310765963 0.359907831801727 -0.381150518124098 -0.0332695673485125 -0.0410903351900835
3.37832146433984 16.0120104044772 19.5120368964683 0.80017336163419 -0.346186546432705 0.489772872258185 -0.140849754591693 -0.902228971170211 -0.407607936886157 0.0501933178693041 -0.205567113576843 -0.19962460538682 0.0526832116446723 -0.0959747579861546 0.060820587469441
3.54721720578616 15.6158550476493 19.1455132450329 0.434433914275931 -0.450488372636021 0.779953460308132 0.0752870765551156 -0.844745511257607 -0.529846088325557 -0.302136505507559 0.455010004137071 -0.204293830549991 -0.269547337611793 0.0585482470349109 0.853850175488373
3.91686437172699 15.2800052823957 18.9559909172993 -0.288435200395935 -0.462172119248709 0.838571444399177 0.136125087578271 -0.886690491811077 -0.441870945258504 0.0887658720492435 0.00106511716714485 0.0551637417121639 -0.0402178849844019 0.223162555643292 0.153602408229818
4.2178643389485 14.7945199223739 18.9125375840053 -0.896140507292464 -0.167973855920604 0.410751719310785 -0.0243395193827079 -0.90559754399778 -0.423439105541068 0.686993864637478 -0.499818814068196 -0.0828611195231111 0.00444984056167366 0.371269413122156 -0.245995903399437
4.18790179431434 14.2304116757226 18.9369931171644 -0.985009413951381 0.159583294919455 0.0654952395965752 -0.172276575180315 -0.929409589328525 -0.326371869051728 0.0369272581168131 -0.398769741889913 -0.186803382486847 -0.307769059177803 0.269602087946061 0.0813160121918023
3.96038628824114 13.629861310833 19.0357297809458 -0.793529610497635 0.42439347296512 -0.436120324415263 -0.276459791783207 -0.889866689696362 -0.362914946090698 -0.0341658765827439 -0.151658065560231 0.475098281622034 -0.203554995774522 -0.0206679220622494 0.547919463114822
2.96195743059556 14.04137917724 18.7262431419777 0.852324743616741 -0.382643001641518 0.356548544680023 0.364781195015571 0.923453261996612 0.119032569790066 -0.0606555875497301 -0.0705157827454269 -0.0416596196397279 1.03497730766653 0.592050336203642 -0.0638986296773972
3.03950696433019 14.3840229866755 19.0962290582416 0.967148923834464 -0.235933324147146 -0.0946489602834105 0.253644025988284 0.870771806600899 0.421213922976755 -0.454547705738909 -0.0919612778216634 -0.0141392906170911 -0.243263109413261 -0.252900450915121 -0.21016961341327
3.1727178892676 14.541626797902 19.5456342840622 0.792268281341685 0.170826036615452 -0.585772511811675 0.29237333451728 0.736343735532563 0.610176807495345 0.370852383971045 -0.130675526370617 -0.297409467440003 0.276382386775658 0.10769153168544 0.349898996093034
3.61516497567972 14.7582377314726 19.9542315945679 0.329976861426164 0.359244462216377 -0.872959728332411 0.147528560715664 0.893767979409716 0.423573042998531 0.76302519328585 -0.407105288606583 0.0812807709699387 0.0995842953146533 -0.28271532883129 0.0312053815419765
4.00731270240285 15.065877117252 20.115209495525 -0.247130422603734 0.401121832471527 -0.882058858432012 0.369660294939937 0.880477809845181 0.296833442716865 0.0695848678042482 0.609345446962665 0.102329728184483 -0.027850734641818 0.0543925009853765 -0.3689208878491
4.28216562631251 15.5891408796631 20.1216756526277 -0.517064455411174 0.331754844233492 -0.789039335063819 0.460075180797315 0.885065580177953 0.070638139829483 -0.306821358248788 0.0396355176640907 -0.0428736064874596 0.872108778390055 -0.059961409759271 -0.0347045662239439
4.5740124148691 15.9973168769896 19.8223795792399 -0.922500346250281 0.385715096811646 0.0147300800969346 0.385918459644271 0.922408738078731 0.0151348082836159 0.400103711479525 -0.0253791068516409 -0.700950467718593 0.462070549175212 -0.0908044669859567 -0.0974044937771823
4.53131674627519 16.3072363209103 19.3728376866887 -0.611913891931557 0.597365011415464 0.518378656965915 0.558688895319882 0.790383426455965 -0.25131804039899 0.518075161940077 -0.444036594322136 -0.0359586680108084 -0.660007061058276 0.473203451285274 0.0586776291801429
