t = 5196
b = 30 30 30
E = -0.981204401055287 -1.30077862775632 0.31957422670103
3.64306093743306 17.3543987442838 15.4115020972277 -0.378259738727056 0.104670255547483 -0.919762854034537 0.913349767544271 -0.119556534792274 -0.389228001453241 -0.305427843129513 -0.542751715345077 0.0711230675701202 -0.15786349360866 -0.359005962218069 0.105451613293597
4.01621111680908 17.0430063158479 15.2063096395878 -0.264970775529346 0.793738938395448 -0.547511630735133 0.80293541592163 -0.132786310603983 -0.581087354513017 0.0771385935754745 0.0622082617014222 -0.095216510428723 -0.565261236131387 -0.293557240379048 -0.235911168551381
4.11863689172524 16.8198171340109 14.7255010212055 0.13369811743496 0.982603688304682 -0.128898429487626 0.792044269955512 -0.184121309684128 -0.582035409361699 0.1624375653945 -0.157026982741978 0.0507651326463981 -0.44993247178032 0.240350360246942 0.120680826046348
4.40436964877423 16.9398583579754 14.106812054923 0.108478659022989 0.916088387728722 0.386023893567703 0.88064501260882 0.0915934021323982 -0.46483869293877 0.297114404828742 0.567812797379194 0.244448165875535 -0.195050679554195 -0.100524564198594 0.0620614839505423
4.67638788038905 17.1681055691683 13.7543948784114 0.333028582908971 0.521415968756409 0.785631816114561 0.905180230868213 0.0565655892841971 -0.421247057858331 0.160806143608822 -0.475728653262544 -0.0321954027152538 0.480436966596869 0.0859432695755662 0.299382362456257
5.06264643553807 17.4646787791459 13.5063159228569 0.329171562571852 -0.109180442300194 0.937936945329019 0.943483885402577 0.0785544501782854 -0.321974154774639 -0.127341993678691 0.0528619103249521 0.228979428998382 0.0524663053707476 0.363794556720289 0.208842587114207
5.58194068165494 17.7512606960107 13.4471414888795 0.077978935431047 -0.737606128857673 0.670713414433197 0.977958689411404 -0.074111628365555 -0.195203146352069 -0.220866915197729 0.180087498026407 0.0648366550151009 -0.00217075106018753 -0.449881678628513 -0.535571370081877
6.03817700035805 17.8066383412502 13.6551189476233 -0.0258065949485261 -0.995490767737117 0.0912806168215623 0.982670262690639 -0.0420282088300828 -0.180534718229067 0.169544059823094 -0.501539528007821 0.606556467520168 0.264229149570066 0.403063884292577 -0.25552893341014
5.84928336523866 16.6542926056369 13.9770610066547 0.447569999213983 0.881564715215462 -0.150082472962931 -0.750499984910103 0.46155280401603 0.472989198349045 -0.646377871729255 0.165102171995269 -0.0808863988843452 -0.000670584440799606 0.652302768524338 -0.322449283330335
5.71585958377152 16.947048948849 14.3622577722886 -0.000415887672772572 0.634365098289763 -0.773033472179094 -0.783432938173504 0.480215293482973 0.394494744312127 -0.682755346553131 -0.475244725237657 0.146031037522443 0.169739037070006 -0.331465361332262 0.268947589895684
5.52212025494089 17.3604058201714 14.6097598007961 -0.424986412390748 0.0159823190958562 -0.905058625040144 -0.851918970374116 0.330904537427696 0.405877142774101 -0.648712126228477 -0.506390836362032 -0.35206063353192 -0.580362240231028 0.0504747151253517 0.135645323179642
5.05866219298031 17.7199528065221 14.7461793710078 -0.363735137747976 -0.400650691166771 -0.840937437170596 -0.916560416855446 0.314986592829946 0.246374610281078 -0.28642997732032 -0.410473529423551 -0.466561395497651 0.324473066438839 -0.287570885352122 -0.235981369834673
4.65903879857854 17.9858878113773 14.6126684707144 -0.266979498267317 -0.850904523530958 -0.45241953907792 -0.942583581151903 0.132822460673448 0.306421909274611 -0.401031603516439 -0.145464385673108 -0.0331268075150951 0.0436735391119685 0.0685667827577387 0.114260283927666
4.19827088160804 17.9932383719728 14.4382667118158 -0.0107253364164678 -0.951178396185214 0.308455224934309 -0.954660329282281 0.101517503569083 0.279853268988854 0.410580153214017 0.0279104374326216 0.0146607022937707 -0.214238271604868 -0.0672530512038805 0.115992677196474
3.56402128881371 17.952782687112 14.4947256013633 0.371287224831733 -0.887667315823747 0.272383063157417 -0.903593985608091 -0.277911653032777 0.326010770192447 -0.203212887419746 -0.186643315145824 0.485747689991708 0.0577835108007786 -0.357061320838005 -0.0792161666029175
3.11280795363991 17.7319615719789 14.4966143216259 0.547262108627054 -0.493383085307434 0.676074933416101 -0.827443440943025 -0.440412537467215 0.348387928726074 0.197690615800282 0.145611854378336 0.0167774355553851 0.376913085179888 0.487785748035059 -0.939998556807513
