t = 5106
b = 30 30 30
E = -0.927016245117824 -1.29228724710474 0.365271001986915
4.38915071915587 17.2647870108903 14.4547186212527 0.735326618900491 -0.102405203180134 -0.669931293415984 0.362480561938417 0.894668451655829 0.261105733044243 0.156181960716398 -0.155269371999832 -0.223574685971877 0.00329531123295557 0.171092126342902 -0.534162867522982
4.77172978757036 17.5162863885824 14.6289843472585 0.262401753579238 -0.0068617117959566 -0.964934317261939 0.508602462882859 0.850782779138408 0.132258071477753 -0.142389518393863 0.175946567979006 -0.616956571835649 0.123680833791875 0.302827062729077 0.431992189515332
5.19970797624897 17.8053199237388 14.5861979336079 -0.36463319349556 0.290904667979807 -0.884543446275418 0.636253211154874 0.771432632565165 -0.00857582116739381 0.0476793389268338 0.294989913479834 -0.185512473129307 0.261273308927363 0.264243843732375 -0.473698828833359
5.69616167883403 18.149932897974 14.4233462016685 -0.805313013186775 0.322276125097082 -0.497603305841564 0.465734375981592 0.863252304196394 -0.194645704624195 0.376000005262851 0.378538862424208 -0.699908168353714 -0.308819945568127 0.349975706669725 -0.210563156444134
5.96561178127391 18.4500589249708 14.0522106236064 -0.911991610715796 0.409119616574242 0.0298737563448853 0.385036294065416 0.878872533204248 -0.281656036028918 -0.257349364900143 -0.128889076174239 0.307156375494859 0.0204756052739189 0.435899303152576 0.195981602338904
5.99214697103397 18.884480462423 13.6711264995846 -0.726757134619833 0.419667105151649 0.543786344194853 0.320636445773315 0.907383118706888 -0.271750152764674 -0.23742963936514 0.233681619293093 0.0965061527019667 -0.708425885915751 0.616992825568732 -0.00324339891131519
6.02078418510954 19.3594306330434 13.4045339028676 -0.438246989390697 0.143996580201506 0.887245490932615 0.243708179015345 0.969145956057717 -0.0369112359316085 -0.122219538204666 0.0419947923316578 0.0050124765555035 -0.464320488050819 -0.206126958026774 -0.797133237635117
5.87126290628593 19.8095800806515 13.2806475662055 0.376444997355385 -0.0880401680229569 0.922246221342541 0.206553033123523 0.978393192704502 0.00908872801678336 -0.358653625951544 0.134754007950387 -0.228182220172563 -0.0493803985119311 0.653557691837886 -0.469139305113527
6.15015684444262 19.717333206846 14.3563503856275 -0.386162009856105 0.00903322837393199 -0.922386742602597 -0.394457022672649 -0.905528738632953 0.156273352731824 0.292073768914326 0.195134329397153 -0.37736732459376 -0.0218300600779209 0.326554164935145 -0.566928531107957
5.59415096644538 19.6512717557613 14.4123638859706 0.271931827941248 -0.32112233414354 -0.907156837303639 -0.456768861349875 -0.872792097573473 0.172035350188381 -0.0304931097266729 -0.127406176662765 0.592536505677121 0.194314336940381 -0.337263165981659 0.747624794877838
5.15301633625753 19.3244713305012 14.3451510887421 0.775139269316138 -0.316413569798017 -0.546846931061805 -0.323311538101544 -0.942290483202528 0.0869384529213476 -0.136690836784753 -0.0482431872787838 0.195911276586812 -0.399115880089445 0.101107971600585 0.187901439276175
4.90239619323574 18.9971829149237 14.0669238194285 0.896412754710669 -0.427718109949095 0.116195488783363 -0.415105153535814 -0.902071060307027 -0.118133457007584 -0.169004760293278 -0.0409831209596482 0.246137821389408 0.697147043200312 -0.63120217650401 0.0960005508599385
4.76412404914975 18.5879768362368 13.82864611847 0.74068711510239 -0.361611873011314 0.566232682577176 -0.282863008982629 -0.932304130968819 -0.225383063977239 -0.190933746626831 -0.144029450584753 -0.532370830781894 0.673106954479425 0.262501249329852 0.0661370787130836
4.82818543813206 18.0830751942575 13.5183398049284 0.260908181604412 -0.167765824648545 0.950674260118507 -0.287770536106364 -0.95352768448427 -0.0892920683550457 -0.510332015620249 -0.563576403016707 -0.45532269939399 0.338242221931985 -0.132870100966653 -0.272022231799613
4.99418617484728 17.5153919171696 13.4953494683696 -0.298090418594681 0.116810289789829 0.947363424743251 -0.291255354808463 -0.956284693370016 0.0262660145741596 0.000646546107379687 0.0431002584890447 -0.13640833629041 0.433463533605506 0.0464241270494443 0.404707349194597
5.23057789433179 17.1176521993969 13.6821290745003 -0.889092199053237 0.180415557408295 0.42067242389743 -0.312889563631802 -0.910346191544962 -0.270868847433377 0.163236765511601 -0.0223408458246081 0.214212643844637 -0.300843980418466 -0.525611131798262 0.406593704319442
