t = 286014
b = 30 30 30
E = -0.946292002350548 -1.36656176854069 0.420269766190143
-0.241777108707644 6.51286663512005 26.068321752673 0.723147064672226 0.471282263926754 -0.504927074500856 -0.687634134254586 0.422502889828122 -0.59046643045547 0.0847571315057818 -0.264682853019941 0.834137128898117 0.810230793535927 -1.30726992716398 0.365653818459023
-0.352058261753104 7.00777648068845 25.9806654553897 0.392673221202119 -0.186964740060609 -0.900473168575736 -0.684363630340872 0.594677833100741 -0.421906027789701 -0.0124845324819696 -0.0316410704232831 -0.390750197376209 0.0153295449523961 0.930217731375568 -0.088097362122977
-0.412459018560181 7.42830483485859 25.7235445727858 -0.179323215452077 -0.676034507035695 -0.714717097666573 -0.750470148541657 0.563746508121984 -0.344941198942816 0.247019989777562 0.200076765263696 0.537272384419042 -0.211407385154968 0.189006960042403 -0.0755839843290605
-0.787263577188532 7.73104314911232 25.3623447949145 -0.172527068920081 -0.926779104143368 -0.333638880547564 -0.866956497186707 0.303659384634481 -0.395192877098204 0.807406900662981 0.518536278061133 -0.0333181312894555 0.155914661736299 0.406088558407559 -0.54379863324562
-1.15993091156645 7.84533188708549 25.0066652926726 -0.203925467275947 -0.972970750561609 0.108361996787825 -0.869596835693736 0.129183266039189 -0.476563770262544 0.0224803124542483 -0.466786477266011 0.366172443351051 -0.343953263668769 0.636424122462133 -0.0721548255974727
-1.41263446997638 7.75244982539318 24.5828757479709 -0.364893684892712 -0.557500401330494 0.74568485383686 -0.912457050133845 0.0548741150534621 -0.405476217746612 0.0139707032968335 -0.342139959420591 -0.0812125149923223 -0.00805295074204526 -0.112475773185486 0.134539911942769
-1.7768959671755 7.53439243438298 24.3704480397404 -0.297194724705359 -0.175161613685366 0.938612648912446 -0.895589765213772 -0.289693206177832 -0.337634149248522 -0.0573993024343212 0.415653551599308 0.307371781138576 0.233038830081723 -0.628474404152341 -0.0354538513355082
-2.1302105726106 7.19021475952488 24.3457380821341 -0.384056420702349 0.699077163453747 0.603151544186673 -0.896234533293645 -0.125222985889871 -0.425538323934186 -0.343570719383621 -0.232750667328297 0.231089805169027 0.134152196376151 0.466773550895082 0.147277884275364
-2.50155810804561 7.87439480806044 25.2101289720786 0.134133599706935 -0.545745333799867 -0.827145820315438 0.7894652707767 -0.445654113357213 0.422062788557852 0.108189850446404 -0.213528715214425 0.610934370608116 0.0609694902787911 -0.247914056012344 0.110058653826163
-2.22902762099008 7.42124103131259 25.4265146471756 0.428564092394906 0.0654271060347338 -0.901139341337226 0.819109368334255 -0.449051565029156 0.356948924430265 0.180065192217129 0.329965506781116 -0.24709526447294 0.166141232920913 0.346405664180907 0.504901507085706
-1.8949786900862 7.02134009392939 25.4626809907256 0.432420084081 0.520967475600024 -0.73593869326888 0.885184198029784 -0.400647079522052 0.236497046976825 -0.297535917545698 0.403211846206881 -0.407558301760494 -0.537693670091721 0.13531257149719 -0.00148286352285002
-1.55704485741259 6.66315475818111 25.2245306500094 0.435743146559837 0.895332182024921 -0.0922398723797642 0.89115383748804 -0.414764869073879 0.183888393631763 0.464900505400042 0.566230172323347 -0.118913204793551 -0.093860077178184 0.619341110255906 -0.241699031205508
-1.00622338883842 6.56808599694259 25.0177358768978 0.17768894427294 0.943190292704007 0.280746702263944 0.967685685065896 -0.219334070383101 0.124406513043734 0.626485795732301 0.272459626086421 0.20403883629863 -0.587502367290082 0.0603118655914995 0.0632349024495693
-0.505653880814471 6.67131741064799 24.8329745629519 -0.0443771153401363 0.519103015315612 0.853558862132161 0.86343799777323 -0.409829364222884 0.294133840661065 0.173252680647823 -0.131056289607255 -0.250005206079458 -0.239503727421576 -0.128229883216188 -0.302872988212881
0.0524302565029342 6.69267742671753 24.9193525424076 -0.401429749661717 0.247155950134007 0.881911612577958 0.886231777789137 -0.138234134379855 0.44213635920265 0.0680314785572971 -0.0530203557741357 0.341901360792953 0.499587998146913 -0.472119738019673 -0.206718162986709
0.513346870701305 6.82175073153691 25.1610458839736 -0.541197660744644 -0.398134796667649 0.740671165691566 0.822178971607369 -0.0657320631799019 0.565421112549522 -0.0207847132530357 0.44048551586505 0.269046751934147 0.0136749472899301 0.227641431675255 0.304743147218877
