t = 184599
b = 30 30 30
E = -0.748383763585141 -1.05471114463162 0.306327381046475
-12.8346551343665 14.9164586327376 21.2878997943443 -0.558908146947932 -0.826309784083501 0.0695257074983315 0.417954827355219 -0.353128161800106 -0.837027038771261 -0.0737880655893837 0.00302138785026226 -0.210930992148721 0.232442447311246 0.403142369931976 0.337210997976738
-12.5221288376149 14.4883348661639 21.0348747657904 -0.976837022540726 -0.114190567083655 -0.180969460912372 0.213180974706614 -0.446092254732779 -0.869226996986739 -0.331112329887114 -0.355889564058528 0.143355637680595 0.0521376688855355 0.422616379500543 -0.517496968039937
-12.5599828514249 14.098962195309 20.7104884296416 -0.682822732347275 0.622036045617877 -0.383176557401283 0.252744009414247 -0.290971045105513 -0.922743906300894 0.362863240825049 0.00570545675504711 0.366645437522526 -0.293513689443028 -0.0911052206814874 0.28371064659839
-12.7373916620185 13.9194935314895 20.2744423558788 0.0161662806308033 0.969812115262718 -0.243316897194205 0.118911947432005 -0.243486458057347 -0.96258729136667 -0.344612716256402 -0.377708802968356 -0.145903353131472 0.155341814060434 0.543909677500892 0.223181002727868
-12.7303413211858 13.9170622658799 19.7782298135939 0.173192658822847 0.980407653595297 -0.0938356845853682 -0.166182419064473 -0.0648191639546995 -0.983962336463188 -0.103710302431126 0.196020721327578 -0.141180261100462 0.016944496144286 0.644584530127697 -0.32097817034894
-13.0232481766496 14.0825486829259 19.3417399122658 0.715956492698363 0.697983359513562 0.0150176697653935 0.0916499920746625 -0.0726418258767614 -0.993138179754463 0.0573960658142664 -0.149493271327361 0.417154228803737 0.0948249955808 -0.543748726921061 -0.550472538681351
-13.0449171491917 14.3567772309655 18.8531087741319 0.942139311114853 0.0470489825499877 0.331903467431539 0.334298320364697 -0.0584331591547542 -0.940654133522258 0.681790373755136 -0.0742150548947767 0.721613521165626 0.189656663017271 0.0838558159576369 -0.219289724290404
-13.3289658976307 14.2404156689333 18.1373303136076 -0.0587100699764299 -0.95581380967503 -0.288050497166515 -0.199960516417459 0.293960098034319 -0.934667455642784 0.0982742385998935 -0.40936117097426 -0.105904051591758 -0.124844866986912 -0.0128330546546952 0.799303060921742
-11.9498126911422 14.3042901964619 18.663578156546 -0.785275414415613 0.558952190432542 -0.266298652503231 -0.252844634322517 0.103096768624419 0.961998257375493 -0.036536089176423 0.19580986214449 -0.0818826236547891 0.118212379139292 0.39816951309551 -0.0226130329920892
-11.9616222726063 14.6023072550797 19.0450785635213 -0.980085700511145 -0.0689552804446101 -0.186218121976262 -0.195700138342261 0.176414851964804 0.964665359520639 0.49057058758399 -0.311016097789348 0.0217465120781991 -0.301160483040346 0.086276781825194 0.493366849767648
-12.1455225061441 14.9354254745279 19.4032085187468 -0.687300652013773 -0.724660609926413 -0.0498479103126306 -0.273052473344336 0.194163146568738 0.942201156502701 0.0432363481252669 -0.158335030163916 0.157833458610731 -0.0558180024766909 0.646356873938972 0.109259077257203
-12.4160279249699 15.080506055835 19.7913639967279 -0.582111676499164 -0.810651690750111 -0.0631651198632161 -0.505482533644265 0.299937687601519 0.809027064897616 0.0590030668594866 0.409690367662786 -0.329993202837608 -0.380001729343702 0.097378311915078 0.206410095927081
-12.8789713271903 15.0965726900905 20.0288589628673 0.153282169749213 -0.982784413653179 0.103147334998815 -0.38601598550358 0.0365375841973694 0.921768226766753 -0.287762858284673 0.0883836897859994 -0.0498936540335836 -0.144137727331202 -0.0772813840374437 0.16945977760074
-13.2531713274782 14.9591360737873 20.3906568980961 0.746442317117984 -0.550930906566444 0.373227817030531 -0.308705521959399 0.210175908302366 0.927645939074315 0.0692483349403921 0.108261037729124 0.307126105950151 -0.523671640929948 -0.516460315336887 0.00693241718264362
-13.7179139843022 15.8114495493848 20.5441497698569 0.173477838418154 0.775743819679194 -0.606734674966974 -0.658127872086414 0.54963100898976 0.514561422902952 -0.617790396530594 0.291669827523592 0.322695253469611 -0.311897116821987 0.143973260871901 -0.304606016036011
-13.743231607872 16.2129087068639 20.8091083358322 -0.399220567841474 0.32047239409426 -0.859022923347136 -0.66182422335952 0.547678700741559 0.511895241361569 -0.582287349739748 0.0744169088815562 -0.0711059584834232 0.460998559486137 0.54129121978736 -0.0690370930292378
