t = 309219
b = 30 30 30
E = -0.787851848131699 -1.27242274849279 0.484570900361087
-2.21167772288646 6.4365529921949 9.42663831328911 0.61104466982003 -0.59709626579004 -0.519711901791865 -0.772420850238595 -0.306112029722809 -0.556472331186079 0.0712874249623752 -0.067876038636411 0.340376811797973 -0.427315185507738 0.474374889973871 -0.239623559614977
-2.42793076115938 6.51742234202725 8.9502041969963 0.349844245615095 -0.9311362299575 -0.102928737826475 -0.719481616270683 -0.196693109583423 -0.66607659055918 0.811705160018568 -0.564670768640212 0.453652211229682 0.399488801114892 0.764200404338908 0.471977186218775
-2.46398052022579 6.30846036676311 8.4767031822239 -0.0197481615166401 -0.915911266588067 0.400894701703261 -0.500948811569485 -0.337945626307656 -0.796770382134419 -0.324758829552262 -0.278712641698434 0.266634594352336 -0.25206564394954 0.155425169103809 0.49259731206497
-2.3713236915775 6.01255494735419 8.14423432228136 -0.71287561895349 -0.462985732180636 0.526737661173801 -0.418927251418245 -0.321215804158523 -0.849305813696077 -0.187836867269505 -0.28079503900356 0.892118369616592 -0.81798286180472 0.153908291763879 -0.0127724310547707
-2.59133424876299 5.62937077073411 7.79028625739659 -0.745300355650345 0.198433889404325 0.636515020563809 -0.663743249876676 -0.130578856316441 -0.736474073220671 -0.0343383484901267 0.0121550631137657 0.11847756408473 -0.566534670817518 -0.267038075835307 -0.879248074888552
-2.99236235526117 5.35127401624545 7.48347548661505 -0.523326786722872 0.444885423845715 0.726777843600023 -0.846094695408563 -0.169938535678413 -0.505217438825074 -0.331282222192516 0.181433381876698 0.69136897726497 -0.232418238497119 -0.642955077658536 -0.354910268437743
-3.39647583550535 5.0941664988279 7.39374870743537 -0.278243623488656 0.94544890851843 0.16943095162692 -0.758240372850375 -0.107921949513661 -0.642980862695662 0.0366635180400856 0.293774771189382 0.635395274197506 0.463182713318518 -0.0703858144770927 0.303496456711023
-3.92693690011135 5.02867199654986 7.33512442428118 0.156611683557439 0.97011962565547 -0.185312418610809 -0.814400532863293 0.020693996970253 -0.57993407432344 0.27917395960342 -0.316090759799513 -0.600493284992297 0.126832616493645 -0.251628301387525 -0.16800126162426
-3.70311222410325 6.33532546369731 7.1614763124884 -0.407361568088565 -0.857727231641093 0.313624853839302 0.769161358823227 -0.137069055900273 0.624181766801798 0.411868223701788 -0.565553453783094 0.0100915834716446 -0.513482084839496 0.252457776986591 0.53867010253806
-3.65247602772176 6.2858559966388 7.67047433506556 0.222724275927843 -0.949164750442731 -0.222441393246447 0.729337544622297 0.0108264189736424 0.684068369869926 -0.359281500087554 -0.293734308578314 -0.127082743412063 -0.0628819995049524 -0.114386170329288 0.0308993482019002
-3.5612327396798 6.0527969886043 8.19952718110613 0.391973038287331 -0.731735920094826 -0.557601722108867 0.827102484972235 0.0149118183945177 0.561853287811795 0.415370439157976 0.573376457003512 0.240753078070779 0.313888595030559 0.129315710669037 0.356512907817054
-3.48863056548099 5.63496579069789 8.59713345544752 0.727277997785984 -0.068515039594189 -0.682914638359588 0.681522412540933 -0.0456299670852014 0.73037326574032 0.300034646151015 0.279447882482279 -0.518757712814633 0.0699728842356032 -0.544467490481577 -0.37755466223915
-3.06304464054371 5.34778136632873 8.8349601240208 0.477547241042629 0.55885569743358 -0.677959395552997 0.756806514356019 0.130324052855921 0.640515059210537 0.303062523221522 -0.221735219014763 -0.495528871047542 0.0215301617893911 -0.317050972598858 -0.401792130039205
-2.54419214720652 5.28898941176816 9.01237256041886 0.107174454066462 0.882440718201509 -0.458052415401982 0.809983630006892 0.189676546580338 0.554931821756729 0.358609277773265 0.0629183026705575 0.0956795798063125 -0.11604922633731 -0.465821078770899 -0.455996752656181
-2.01175105778441 5.36059566499523 9.00868851543083 -0.314720758670765 0.944836972151635 -0.0907410608105946 0.832079732360691 0.320628399467232 0.45259335882183 -0.0900784267398876 0.285643441436957 -0.452777922236577 -0.0588936853660563 -0.391731680914001 0.472866825839174
-1.59949019423366 5.64547763746574 8.80739114604501 -0.473811944139097 0.636496411800405 0.608584061043615 0.843033244049967 0.527604513118273 0.104539117864208 0.0915468200128295 1.0807685740276 -0.0850469513337895 -0.133232960890692 -0.627050637537199 -0.442890819535699
