t = 4574
b = 30 30 30
E = -0.988011980946067 -1.34115226909704 0.353140288150969
3.61806955332374 17.9587919632362 15.2496637659331 -0.051745014532227 -0.15191189517466 -0.987038616050808 0.854908558282845 0.50413075132975 -0.122407281394732 0.0971079731338492 -0.240316306298205 0.306546152195046 0.0593222788632565 -0.149238173182767 0.350035026802728
4.12777198629352 17.9395513015134 15.2152581663864 -0.365964155814764 0.163037499869062 -0.916236328844929 0.906992229430168 0.28296854195487 -0.311919701232909 -0.477580666186413 -0.0798112629176343 -0.0412288165646084 0.129075471754338 0.0948252320256549 0.242525913925549
4.56119850099638 17.8370035340704 14.8480807241002 -0.604086128775273 0.638215171379658 -0.477243485070399 0.783513802901415 0.366266706364226 -0.501951014016377 0.372232996850594 -0.127721983215612 -0.112824462521836 -0.132279300815652 0.0724974668410826 0.00912910996548713
4.77056423982627 17.9248331688426 14.4095305570532 -0.431787789164764 0.898936021914235 0.0739819818146096 0.786129294734472 0.415276680389476 -0.457761958538469 0.0330211252338989 0.101227361285805 -0.779129917910197 0.270915615385812 -0.355610410404448 -0.534912787333614
5.03949791491961 18.1776982472376 13.9675569560121 -0.435020800497826 0.753064239533637 0.493610326340388 0.604536465975654 0.650543565800598 -0.459705047069439 -0.213062376804839 0.10021569325631 0.15442409601254 -0.0606017137106701 0.0898238451354114 -0.274334232435511
5.09233498913273 18.6691841016537 13.5477496050827 0.0660447159090763 0.317374541635736 0.94599761935324 0.729531833361241 0.631451138428314 -0.262778925886702 0.264579558714473 0.590712443206512 -0.289962290283486 0.537294437533981 -0.00317356261062636 -0.185940812407114
5.33944045279354 19.126930367086 13.4205107522482 0.358413326019476 -0.0280400308346807 0.933141813660946 0.5461002187992 0.816990947843245 -0.185203515543458 -0.319899820044657 0.341535915570786 -0.0324137876199975 -0.253576358461575 0.153128553443029 -0.41399947039975
5.57033594802991 19.6567765976163 13.4124939942667 0.437547469041258 -0.599711033742438 0.669999170404828 0.828152957278062 0.559041610360516 -0.0404370775046438 -0.0159347605529284 0.499246949896216 0.148534241708065 0.894120640144925 0.191587624240833 0.726607210555033
6.20551931799182 19.1382208882773 14.360180552529 -0.662352502433393 0.503837336602016 -0.554470108090605 -0.732514866291661 -0.590809184763457 0.338181131733939 -0.274300987064309 0.0298498616374206 0.318629824210574 0.00885195947140108 0.449940255304489 1.05169885706328
5.73434225332303 19.1128928725181 14.574159635799 -0.310272600248054 -0.0504956096206658 -0.949305591969384 -0.796237002519671 -0.531749973445896 0.288528337531641 -0.190173803919981 -0.71402995643636 0.200394306486616 0.100824136715539 -0.376694957179472 -0.203628870369954
5.18740560897887 19.1380914431187 14.7210844590274 -0.0221619089082187 -0.428881552427625 -0.903088846006201 -0.857881961894121 -0.455687303291861 0.237460777972447 -0.112267947832799 0.0596368609156345 0.831935852924609 0.178145689013002 0.0192696154860134 0.25843145875529
4.60975728755607 19.1124489619844 14.6704992862026 0.257317698637225 -0.677055387462035 -0.689480677232274 -0.854950566893082 -0.492060706594476 0.164121263689201 -0.132807269427656 -0.220932909993022 -0.328304261685639 0.250032449210021 0.619694944327128 0.0123226746768537
4.15182637551444 18.9751326459587 14.4840211688348 0.507300288963398 -0.83234268366653 -0.223275779618974 -0.824771876385417 -0.544042602410799 0.154171977628121 -0.0201155791471139 0.221145919576737 0.189553716774887 -0.662295138692554 0.695294177729901 0.577689065657415
3.85461113226838 18.6484775355759 14.2709911011515 0.558126389832533 -0.657214849876025 0.506521049982077 -0.810335454458028 -0.563020683676043 0.162370443742912 -0.335716136560663 -0.224917162564683 -0.178410658556565 0.395450805056221 -0.142657577989616 -0.346417394409269
3.67696656092252 18.2339372468076 14.1207887927979 0.351014549399638 -0.304651133381359 0.885424459250608 -0.712746386701905 -0.70018454117537 0.0416436855047031 -0.419619903667265 0.133521806981901 -0.0334157723826734 0.0493257003348463 0.00686450057506428 -0.0964624065521177
3.64420504851689 17.800368295589 14.0307151541423 -0.2021381309647 0.141224764218809 0.969121118323938 -0.626217761398557 -0.779462205587322 -0.0170289568067612 0.104829437203961 0.403880192441882 -0.0810758903418623 0.287822359094471 -0.491287141255555 -0.171837806488446
