t = 35700
b = 30 30 30
E = -0.735008497984959 -1.07393484382932 0.338926345844363
2.54379447680526 18.2374371157791 21.976145201183 -0.137791396338187 -0.949477364550419 -0.281968553745921 -0.482867738225785 -0.184165193818896 0.856108596362842 -0.694171635756857 -0.12202169694413 0.129787481360232 0.0794707530175245 0.0505433717495479 -0.288775230823137
2.14478807408783 18.1523749246971 22.2778459301443 0.589527675443791 -0.796652883633489 -0.133421523317251 -0.349160316265242 -0.400279110320132 0.847268379787 0.372285014880864 -0.20298888891399 0.316681277196508 -0.213678996557839 -0.346376802098929 -0.0852703251490403
1.87089908127341 17.8133394764308 22.3469550364073 0.86616174556361 -0.197467703057708 0.459097306430035 -0.496900548303741 -0.43847120192327 0.748887742041101 -0.184760350135491 -0.361543089786104 -0.205235083295896 -0.185303592060524 0.077308363800087 -0.331563069864801
1.76843492550206 17.4054595565455 22.5848050159295 0.545113218546096 0.538891745928304 0.642220573585636 -0.547147840524686 -0.351725598224408 0.759551409822183 -0.0304649374431261 0.370608167670748 0.158825277403798 -0.532213241751109 -0.251959553705502 -0.204606953812047
1.81795617897711 17.1047124593908 23.0051084468107 0.0278394373941504 0.909972626441003 0.413732745686919 -0.335935567020513 -0.381303621565254 0.861251904492424 0.328680345866434 0.440418731076716 -0.371545096556463 -0.545977030188412 0.151789243517874 -0.512870694020425
1.85089478365869 16.8517616509728 23.5353919026267 -0.325181412775897 0.945505243000081 0.0166398390745629 -0.43188305542467 -0.164142587600151 0.886867654936729 -0.13715587075319 -0.311012565973019 -0.0842083980700747 -0.29916788935098 0.0925330587571617 0.337043066330504
1.70309299464141 16.8680663117679 24.0132167515024 -0.677158314549285 0.551837313090494 -0.48675681496805 -0.665769200981578 -0.177751731862886 0.724676267614789 0.499792413284065 0.877413906978674 -0.021379658918733 -0.125036960077498 0.140756840111763 0.25350415386381
1.44148083769402 16.9913131072419 24.3790462120059 -0.597742936809471 -0.266340965334499 -0.756152016250085 -0.756665539501766 -0.124201454648644 0.641896611607859 -0.119240813640759 0.336055138209303 -0.513709248147294 0.229145776974382 0.177866793479878 -0.315952862408614
0.920364595393524 17.1929113928174 23.759881596491 0.214166128547065 0.317803947863711 0.923652272289417 0.878114019707806 0.351534006388119 -0.324560642631408 -0.823715078553086 0.302937306841941 -0.762680002929211 0.168954942756361 0.149415714585768 -0.208365176389255
1.26033940935309 17.586077435428 23.6676814196514 0.432624313172705 -0.364242664584267 0.824720246476581 0.870397184511873 0.407218135410291 -0.276734767217225 -0.663915045486879 -0.260778037203434 -0.54908254591088 -0.424559359751768 -0.104920313839548 0.0164290406433896
1.4737571997952 17.979379258184 23.654485949946 0.527723721633565 -0.831829593998371 0.171951156360521 0.68934877732069 0.301132898760581 -0.658875739795086 -0.167378090076952 -0.656401786017672 0.262091417280817 0.0358995284835362 -0.0271304748519142 0.349852536465807
1.99994007582528 18.156545269054 23.5206389866995 -0.0010727074936221 -0.951325501625838 -0.30818604649622 0.68145651737699 0.224853203656958 -0.696461091325009 0.0172637442962314 -0.16872372089232 0.267034447855682 0.103061472680995 -0.0875950466224646 -0.268300417572219
2.50346408227216 18.0294077634775 23.3497791835435 -0.624595763925116 -0.531693902451625 -0.571998012044244 0.692386241015021 -0.0382350725878347 -0.720513270160442 0.592580510216822 -0.191689753563302 -0.0464990626769581 0.279369736816997 0.0841187722270186 -0.254571953940086
2.86959277870378 17.7522017694704 23.1208567119592 -0.831750698364522 -0.15817114520073 -0.532139704021436 0.550412758766597 -0.110009428097699 -0.827613267605444 -0.0761334445753419 -0.349336926025654 0.119685588627566 0.306329631584114 0.129716420994937 0.372636708577127
2.98741426390329 17.3424653672413 22.8594944703818 -0.416337527478501 0.628921750247418 -0.656597666214876 0.669629582594455 -0.276397448220383 -0.6893480055325 -0.352044767724032 -0.20798659286806 -0.294145414084452 0.610304536613759 0.686987811812564 0.153961575952833
3.43262929571531 16.5050692169346 22.5460226722476 -0.613366792850089 0.388747199020342 -0.687500394678166 0.789637863254272 0.319382945326143 -0.523895580387946 -0.162286311503709 -0.398778550237803 0.168082504631981 0.0616983440050064 -0.483550694629834 -0.17018876639202
