t = 6030
b = 30 30 30
E = -0.987832883733542 -1.33979023949342 0.351957355759879
3.92348817917574 19.5579497282731 15.3618661565234 -0.342965973603133 -0.713452695515022 -0.611031580372741 0.92197736839497 -0.380188947222841 -0.0735805448272383 -0.26564766804012 -0.451468741400439 -0.455086452824214 -0.172643367064297 -0.214220240391389 -0.264165874804844
4.36166842649821 19.2334621643935 15.4242236748407 -0.271252799066001 -0.137354959549327 -0.952657091552922 0.905460148773238 -0.372100496050708 -0.204164492070364 0.0986686103506018 0.560042013351097 0.401483454134659 0.0671777177252225 0.371230880343125 0.100122772310341
4.67848932903818 18.800634265671 15.2533668048167 -0.106498272347571 0.586474075481439 -0.802936035294945 0.93325164829731 -0.219668111681682 -0.284231035709617 0.065321770173467 -0.0492396131441337 -0.494404824331076 -0.095015685243609 -0.83772875745778 -0.163548199712224
4.89841941812145 18.4928444377239 14.8219100309457 0.0876132421560767 0.947966958962887 -0.306076076349581 0.925895950962807 -0.190841142951542 -0.326031204254476 -0.383444862012241 -0.0905895633906932 0.0608130063490994 0.696733935919467 0.151730971621765 0.559017051111848
5.22470565463433 18.4308612462964 14.2877644703775 0.0930713158669084 0.988840514027858 0.116327846966765 0.886280617027164 -0.029040307389846 -0.462237307482478 0.269180864569083 -0.592148671870112 -0.295837848425212 0.282673769298615 0.0879971709467626 -0.271813538528299
5.57890767379018 18.6546478229984 13.8548233369309 0.156977094660068 0.690833730159256 0.70576692259296 0.947254549627246 0.0968562505135663 -0.305495801848303 0.235903209630384 0.023789246577453 -0.0414930248188403 -0.0451170170336273 -0.3258408508606 0.449440230435452
5.93746514064002 18.995428920908 13.6394853825672 0.168278185838827 0.252395173979177 0.9528793881299 0.941729119644437 0.244454307282179 -0.23105920640587 0.554707920354674 0.0862807153270794 -0.535892941909438 -0.765631725471761 -0.533567664190176 -0.333121503237301
6.24617105536828 19.3705218459578 13.6509360509331 0.396036130467314 -0.432016984808947 0.810257186454436 0.914902575558088 0.260761739953613 -0.308150275374758 -0.224013849691596 0.481786884026556 -0.429194145735402 0.416425438626505 0.268468135052621 0.162298365718684
6.51079108415682 18.8343417663732 14.6884723244089 -0.0429458346769693 0.706128775977687 -0.706779885834438 -0.986087919448877 -0.143663816505839 -0.0836141312456434 0.0751062773841435 -0.158089264859115 -0.483204831466148 0.337417151002201 -0.51922146461698 0.0641560723787618
6.13617278507738 19.0462103592275 14.821507688137 -0.125801697446909 0.127687758770969 -0.983803724926629 -0.985135358663226 0.10084815575785 0.139061046277208 -0.449801823391607 0.594525325050398 -0.0966269778110246 -0.251891232715363 0.194132131949956 -0.22983585658835
5.73094727923016 19.4066169323855 14.7642914768339 -0.130123585298751 -0.54897719179724 -0.825646350101186 -0.982578030414853 0.182846413728449 0.0332806720591244 -0.28332570958004 -0.253671178992104 0.409812962418622 -0.0130639596392214 0.390136261615735 -0.344308456176797
5.38199296106221 19.6368404526948 14.5401765422522 -0.141407192545183 -0.985410525983979 -0.0947106180767984 -0.970747955686651 0.119275195513558 0.208379063884514 0.0912164888039672 0.336528600481309 -0.249648160582556 -0.235767269767697 -0.324176934951852 0.0575615862797407
4.83730215878243 19.6696074015212 14.4707542429232 0.201443654719148 -0.915219127608095 0.348990547771234 -0.979418808264656 -0.183617665114716 0.0838054358336104 0.0344521303518896 0.68993716786993 -0.0897018574537231 -0.0841599184412509 -0.168804930973293 -0.325593172859252
4.43485542136119 19.4376425702323 14.2278041503423 0.267802017781062 -0.506214733090091 0.819773580493374 -0.957250215915549 -0.0432413169578602 0.286010861047932 0.0261646324108826 0.311866013185113 0.128451720931377 0.237618064692343 -0.117990983447595 0.430338215033584
4.00858178699623 19.1303263073143 14.2923918764295 0.363468037045585 0.209894109905972 0.907653815434616 -0.930535439838551 0.0350871761459658 0.364517057590698 0.105558785002182 -0.575434986855577 0.0238999164163945 0.00489382767751417 0.400200960008892 0.0674240240976449
3.56202095919558 18.7812065595379 14.5393471201241 0.23133970998824 0.661114182176527 0.713729624373 -0.958154396446499 0.0276977170907582 0.284908738086802 0.327612060493949 0.300050387881764 0.280065188530143 -0.563681693925018 0.461751030775899 0.232443855713625
