t = 5844
b = 30 30 30
E = -0.905069609212117 -1.32653284331936 0.421463234107242
16.0066985836826 15.9389826290315 19.5853230959289 0.924038477929859 -0.362845353582218 -0.120399919804213 -0.203960269798828 -0.734267676428563 0.647496090872974 -0.352155152988739 0.113269617084149 0.492294242319465 0.0636979702889287 0.0252533242116064 0.0123245442225135
15.8948274188329 15.4565103818594 19.5729867532944 0.799371083888075 0.147082590705332 0.582556934346336 -0.402448890102061 -0.588867176557613 0.700906797818856 -0.767904754162271 -0.246357593338266 0.003146580666098 0.0338465410042768 -0.575345752893886 0.438823302744502
15.9242938116134 14.9999595160059 19.9042526458509 0.357806784702237 0.703318974389582 0.614261121254335 -0.303419603051281 -0.53454956846758 0.788792306843401 0.306870892281368 0.829973643112342 0.0616776005769079 -0.241476915945717 1.11593110966714 0.118394119204318
16.0532263958713 14.7141069817458 20.450916031582 -0.0209920763149298 0.901614210189933 0.432031420981827 -0.286557295102827 -0.419422420936509 0.86137665944644 0.206611115111803 -0.0609142758366888 0.040468287174085 -0.17016040005773 -0.31234183029366 0.105362436177233
16.1851934804057 14.5362237274728 20.9070076417631 -0.509258396780264 0.827902751817436 0.235016847995854 -0.174097774669641 -0.366539210206594 0.913968802660245 -0.0715199778915688 -0.239793337491075 -0.571290825892204 0.253717956971091 -0.0741238773416522 0.186358659938898
16.3448789053016 14.6162318130994 21.4316776639457 -0.879711322803833 0.437292687529906 -0.186770163472657 -0.262252124897675 -0.118543331939639 0.95769060841135 0.591650839821762 -0.00230723919854177 0.253576784419904 0.268623950368599 -0.160530868220769 -0.0371096426497187
16.3229942039887 14.7972030125174 21.8581929684817 -0.925611458088888 -0.252109199120002 -0.282284219136723 -0.205234450471329 -0.292321163906463 0.934038092088381 0.946954755030111 -0.11308861943856 -0.181469687816389 -0.0382693384868409 -0.0483316703478249 -0.69112503314009
16.046777613825 14.8903643228367 22.2877235741383 -0.682050268430278 -0.541238795200107 -0.491800770540793 -0.515717343581551 -0.120830328593086 0.848195527706476 -0.215507616497861 -0.320757462925795 -0.135757463689475 -0.163701530606201 -0.754450243234801 0.153917260359709
15.1817843598493 14.1654475554275 21.7368647179964 0.541415311805779 0.650202396188549 0.533016232522907 0.440014592582146 0.321084725393599 -0.838624920589461 0.0258447260040299 -0.552142505144701 0.620546765785467 -0.388363926494391 -0.259546236965347 -0.551223413008129
15.1872326117779 14.6896748695617 21.5566624499883 0.983713424879145 0.0233712842060082 0.178218070876964 0.145690191469823 0.477032646339402 -0.866726151927999 0.0237820051866477 0.388738748046136 0.208885235012922 -0.168117356790871 0.152204081988845 -0.260358459658643
15.2368340532487 15.1309093398171 21.1888671822778 0.927387450610515 -0.307695724735238 0.212781243134338 0.360465019239762 0.582791307278507 -0.728298882372539 0.586392598937951 0.543302208152198 -0.000310894147712417 0.00304614135342976 0.0402373441165231 0.105311878849508
15.5397896733943 15.5280060533528 21.02651287276 0.631362502350274 -0.774891566672084 0.0304047780205049 0.595953421038553 0.45973437867628 -0.658394882282348 -0.645337679405517 -0.461701826048877 0.133430377067731 0.374967999881369 0.306265174845566 -0.268582396784792
15.985508884265 15.7762268843456 20.9240752370164 0.0813739127547458 -0.912458407967416 -0.400996184586032 0.544887774216219 0.377610335831213 -0.748670653747779 0.0271019458971532 -0.173751299770283 -0.164227274840837 0.109646888460528 0.0833702848682911 0.0960831535386905
16.4020944555266 15.8703829737574 20.6056036438872 -0.394468634539469 -0.790217242258728 -0.468989558947295 0.5658694078364 0.193228733042369 -0.801532575758295 -0.648805290410821 -0.449901554986502 -0.643113503021494 -0.48733985235355 -0.579934351646648 -0.237103585869606
16.857643147667 15.6569414606111 20.2815071759367 -0.81030830836992 -0.0922996078296189 -0.578689232473853 0.522729642460269 0.332497357735547 -0.784983584536796 0.441205913413271 -0.216028311585647 0.155020973635245 0.118698383524457 0.631395902592404 0.166963657299176
17.0044909823289 15.4545854150945 19.8343037664101 -0.700277261845908 0.633630549570678 -0.32882226687429 0.615668640334417 0.302911535627389 -0.727459089497568 -0.285915392798357 0.0600159371274687 -0.695830874017164 0.489894042558456 -0.130887391591111 -0.017954558879827
