t = 1215688
b = 30 30 30
E = -0.838859659595664 -1.24027003150672 0.401410371911057
-20.7933062006118 35.2646380770944 72.7545803472479 0.363136509579847 -0.240427456717917 0.900181378093512 0.0985531712595334 0.970625268564995 0.219485444751677 -0.0541739751718119 0.474960883879808 -0.235747162194927 -0.422833884102323 -0.51972356842436 -0.402712965729005
-20.9393262298573 35.683956555583 73.026571520439 0.727099709225407 -0.156545688748296 0.668445555134218 -0.198603661614415 0.884062429370281 0.423072342004611 0.738051444606994 0.0120304315188543 0.08792214618401 0.174590994468102 -0.294082088170061 0.467617401901768
-21.0737703616232 36.1582380136249 73.3840339668432 0.902357430328677 -0.290086475089503 0.318748968470129 0.107648661966151 0.867834747906776 0.485051147717934 0.382595972359218 -0.569286650150682 0.140020092994557 -0.104538198801382 0.615120396519739 0.225092885631361
-21.0658141767835 36.3481788245578 73.9074189844529 0.902065007918634 0.0565702105483196 -0.427876772876533 0.151465458869811 0.886826801384081 0.436573520860131 -0.667710151434271 0.365493067893329 -0.079357528455613 0.370164777734119 0.0168981955892512 -0.0229086943165888
-20.7769693777064 36.6100573493637 74.2311524028918 0.541259101834645 0.2345173342693 -0.80749006471187 0.265139306524316 0.863728239787086 0.428572836201888 0.032350378619705 0.18252559898174 0.0488358417773422 -0.211568106852457 0.18792130662885 -0.0774431319438313
-20.3753562954984 36.9385861133174 74.3919607639758 -0.0247082750939426 0.390447991750755 -0.920293359141359 0.535024469184568 0.782804334837003 0.317751775343821 -0.322223607566025 0.168271686957559 -0.339112762472518 0.0217704825439069 0.653826167363646 0.0158468270426176
-19.9570824059594 37.3555522569386 74.4105317959849 -0.614353832982926 0.365723732888544 -0.699153430300715 0.290070896356546 0.92872658074197 0.230923825774344 0.173217797345731 1.02348212516208 -0.242241315075069 -0.190773311284574 0.492029249529089 -0.0376118622404584
-19.6806084141752 37.6541741616437 74.2698167457292 -0.841432739391439 0.540340384324102 0.00481810634001263 0.53487609254201 0.831590079392047 0.149551012981196 0.432979856226346 0.294814522306152 -0.096644568789689 0.562773826526908 -0.229181948275843 -0.508410910453931
-20.7161508956534 38.1925659608104 74.0405722792916 0.948321757322053 -0.315633205695284 -0.0325810382305459 -0.298376751170331 -0.852085586916697 -0.430024960821924 0.0914931471165479 0.0372454865341159 0.563405404316318 -0.190027697225088 -0.505914240511236 -0.0818524090664597
-20.7335650384726 37.8113054646331 73.6088638887167 0.695628513630053 -0.30216793907286 0.651763383154728 -0.161088131813636 -0.949746547673271 -0.268387982166703 -0.302792059170029 0.401928567745583 -0.490713079146816 -0.53597485442971 0.145725719396668 -0.570451052849569
-20.455657897495 37.3954864787567 73.2963360584719 -0.104728356289998 -0.348259776655674 0.931529440947817 -0.176814567897583 -0.915236802316277 -0.362047240377699 0.323456344680677 -0.405994848505782 -0.20005383584863 -0.386880030457538 -0.0822293314137174 -0.099531975001791
-20.2111936223617 36.8371229260096 73.1348262636672 -0.430377274806097 -0.145298775267802 0.890878031627296 -0.0608451107572037 -0.980044812497368 -0.189235403648305 -0.104526048843514 -0.0285390643180653 -0.386393662205469 -0.221167218980171 0.412631792525356 -0.296416012833726
-20.0718297558057 36.3617648419939 73.2737585685552 -0.758932910073786 0.0502902398347673 0.649223944247476 0.102223363048788 -0.975450040067776 0.195057948771072 -0.107742224501889 -0.173548257161085 -0.168547198611599 0.218219498102752 -0.0277882367764085 -0.728402935578507
-19.9903400053316 35.9398645058508 73.6030602062349 -0.996455794579064 0.053942332557186 -0.0645451331089661 -0.0617081926190631 -0.990223387789167 0.125098925810818 -0.101533805979235 0.159817331307302 0.084531779942991 0.274160155316684 0.610382392714283 -0.150328528024004
-20.1605949126854 35.4485563774026 73.9194967906489 -0.594412112958343 0.217342492294978 -0.774232833849992 -0.115092956623702 -0.975865069993633 -0.185582802279542 -0.00747689618218861 0.606994112790804 0.638485688712825 0.523348274975863 -0.82010700816342 0.0824871577129546
-20.5645657954006 35.004428342692 73.8288050711463 0.0706734666709468 0.182888469928299 -0.980590163460757 -0.00973887889460929 -0.982874906881731 -0.184016498336719 -0.399352984690807 0.180071241979268 -0.304977716220153 0.445820797816487 -0.44932675394823 0.0847538356885369
