t = 1000000
b = 30 30 30
E = -0.721872531701089 -1.01212473019602 0.290252198494936
-20.6067748532217 29.0307466808249 62.4287002598733 0.425774004104671 0.357841617702726 0.8310630987287 -0.603418138388265 -0.572116895554002 0.555489701151763 0.252087026041908 -0.00565329902044212 -0.331627513706868 -0.309883876509161 0.036892169089192 -0.237164737787403
-21.1626448854919 30.010754544882 61.9763994895586 -0.753437747373102 -0.23759267785862 0.613091575754656 0.657418878075713 -0.28850251798407 0.696108264472237 0.326076804725603 0.678099833621723 0.372764257333421 -0.0729522369321474 0.0830983724364634 -0.110884785780377
-20.2717744757598 29.0113577442119 61.1549017654671 -0.187471027526712 -0.978076424594482 -0.0906704003000407 0.525202313510475 -0.0218051368772415 -0.850697987472072 -0.108949639316125 -0.344791397820054 0.065430675562665 -0.115287464877082 0.0206257724854567 -0.150373173661032
-19.7989966097572 28.8506582041051 60.9390014232113 -0.675319029584573 -0.621777562029416 -0.396657120997109 0.419657506627586 0.118313019875862 -0.899938668165213 -0.257948488303258 -0.0773676850395976 0.656106340922574 -0.0959363203543038 0.513535350396933 -0.0921535541917176
-19.5186722179842 28.5472791519394 60.539800946413 -0.927506828002021 0.0659483437787909 -0.367942794415709 0.373772764420109 0.17678702722953 -0.910516483970005 0.788179139814875 0.058180107812823 0.0305271352795726 0.104828857491568 -0.6362832939469 0.0930413089464982
-19.3877499727149 28.4361155472407 60.0114594893081 -0.896932622522506 0.44207394509394 -0.00908282576894742 0.201160112197415 0.389672795060297 -0.898715595753521 0.500099475775629 0.0394883055781972 -0.14167460449558 0.122154218834675 0.177840366009011 -0.000183872638211126
-19.4822874706576 28.4655865826086 59.5301906749042 -0.387873903003239 0.863315135335353 0.322863457935265 0.107329652182185 0.390208256965294 -0.914449485733648 -0.628239207498541 -0.222002090926756 -0.129357302472496 -0.328638293731804 0.632840180085082 -0.306836098356678
-19.7959454183777 28.4122008739345 59.1838416683559 0.352003241861846 0.933312649670106 0.0708605368630853 -0.216815037025936 0.154950854434179 -0.963836849487295 0.468976433992639 0.154305294962485 0.251049098898577 -0.60077335376484 0.0885968957152931 -0.0467969333616204
-19.7486314751786 29.5506241646421 59.5408661671811 -0.31090221914653 -0.692886860154887 -0.65057482978862 -0.378450504479644 -0.537643828909694 0.753468200320645 -0.2218364939162 0.493679624749405 -0.0393257648811704 -0.236861600790236 0.254921147701798 0.0200189213823275
-20.1558099800225 29.3889060403218 59.8114477280491 0.394022090079709 -0.859394785750987 -0.325863767168487 -0.41662207258761 -0.48303372296754 0.770132762002079 0.432208237718784 -0.0290403108713019 -0.131776121990384 -0.0264588988265131 -0.0801184878694407 0.24495328461982
-20.4345188181952 28.991461362167 59.9502179809329 0.901869518339744 -0.401235778548879 0.160128766628253 -0.378361451313055 -0.554715089863752 0.741035614014385 -0.134685274954879 -0.0979728189336284 -0.151510814685879 0.413579739741124 -0.222304494438158 0.221608062761723
-20.5631032922002 28.4303017966968 60.0898600561122 0.851992303183015 0.172091461922672 0.494462985520885 -0.431806806802427 -0.3030885460333 0.849517636581213 0.682459586894989 0.227046578846479 -0.123829045284971 -0.233432530976543 0.49243227881957 0.371616370253086
-20.6166072842454 28.1204728359727 60.5136125630716 0.76986693943748 0.564938738636235 0.296899170004387 -0.249454372590693 -0.161828976472281 0.954769028807128 -0.169660032112514 -0.364482184748934 -0.492086454621553 -0.158690422016611 0.220016714215022 0.0342334172030596
-20.5069738896411 27.873620875626 60.9947112680307 0.308834219260573 0.920478314002011 0.239460014335857 -0.0805448030110919 -0.225552028482115 0.970895883787496 -0.376746304774683 0.124621735179011 0.521511244274205 0.281679896423393 0.130107820408253 -0.0451104849595738
-20.3289561476759 27.7550375056642 61.4104470600807 -0.401442812343109 0.915412189857737 -0.0293971270353347 -0.125323803377489 -0.0231075085415051 0.991846755984014 -0.0693611644951688 0.410656169191426 -0.154274084868049 -0.377857416396519 0.307146500399491 0.0220254450090509
-19.4401011282904 27.5877482889357 61.7071703236931 0.246139316749378 -0.595440092715016 0.76476567178298 0.321836175155527 -0.694060938059589 -0.643972740588497 0.186215554357943 0.283101019682107 0.512078075903793 -0.0112178005700759 -0.564748717672869 0.229635216068952
