t = 771095
b = 30 30 30
E = -0.950574155305511 -1.38354708259451 0.432972927289002
12.8485566175642 30.4869638486162 18.9592344105841 0.939676388539572 0.0100407987262121 0.341917339692089 0.277544978930962 -0.606645328009331 -0.744949817554629 -0.876050477634179 -1.12013770007761 -0.185010497285921 0.244865529345853 -0.394566186957916 -0.0272582996593526
13.0932522007529 30.5704447953773 18.5461438977383 0.542983577036853 -0.615202575555413 0.571572065533534 0.343073223147181 -0.458739073609189 -0.819670193372698 0.543192653685593 0.151887655576745 0.204504583367141 -0.217018037569387 0.119623845762615 0.16767501556112
13.4161221392135 30.5133798638795 18.2251164131342 0.173967334273863 -0.818734607226127 0.547182793530609 0.601718606881924 -0.351479235847721 -0.717214796905341 -0.29707122209806 0.101741209742328 -0.0878765886605375 0.249046728922754 0.356505693774419 -0.801717171734496
13.887002033399 30.333868112718 18.0962898780874 -0.340937337235803 -0.911018340903387 0.231964037333751 0.639685959446837 -0.405633416459688 -0.65288850865814 -0.111101520330292 0.57016658047596 0.212844814720194 -0.340246286290698 0.116128666480028 0.118096234200421
14.3344961079807 29.9539659173739 17.8338682505889 -0.76557721625965 -0.606452259891319 0.214725830809477 0.265501889201001 -0.601845949811901 -0.753186696328154 -0.489690650443277 -0.27800546061675 -0.0656432202745056 -0.078291375034618 -0.54183509466738 -0.225959004556604
14.6089357196791 29.5494979658773 17.7207723354421 -0.953241079425145 -0.22386227174026 -0.203020018194419 0.301800414023363 -0.740155627755373 -0.600904448974506 -0.773928268488943 -0.698427350827981 0.259346092737111 0.674233614216265 -0.615314597540035 0.145074204633965
14.5763777082787 28.995457292357 17.6886923334321 -0.705019016388614 0.304870209301016 -0.640314252544186 0.189973042208564 -0.788699730385243 -0.584690498062258 -0.780796762919629 0.503929023153662 -0.154275448791145 -0.0373788046462624 -0.0612443218364382 0.176893377464863
14.4240508514469 28.5673283729468 17.5504993492413 0.0695524340435388 0.555589585474492 -0.82854249826481 0.169578342539566 -0.825050598108071 -0.539012705140588 0.0232484057813843 0.643974862945078 0.517500743728388 -0.24839911384681 0.0666377267896205 0.1000623305055
14.0760029236176 29.1861736964916 16.5801959750612 0.260802642190282 -0.514148339810616 0.817088408005251 -0.275091729458781 0.771710554920524 0.573399825433882 0.354246256257526 0.451579523219504 0.353998208781243 -0.223214721304681 -0.27435798911272 -0.0403151967093361
13.7324472192729 29.3736715887321 16.9634733666832 0.719608842870572 -0.413080768195027 0.558146389587787 -0.324510470531001 0.510564575436851 0.796251699417144 -0.155726100468678 -0.200274768531093 0.0754432758779286 0.273447514557295 -0.258100374561728 0.165707085185907
13.4329469668505 29.4145167732087 17.435280752305 0.952544842559417 0.0125020798806311 0.304141448855817 -0.270167298455561 0.495054478757357 0.825790950487765 0.12512769621677 -0.246921701695267 -0.141862369733397 0.0197234465920234 0.266138008754207 -0.293635299717525
13.3287788257929 29.2706055222693 17.9330311938228 0.858852840585577 0.511714972223236 -0.0227944164363447 -0.225148430145367 0.417108145712757 0.88052767087872 -0.217365490623027 0.160945020909223 0.104091955941954 0.558407179932548 -0.0551097829208062 0.0898818992598451
13.5090643336599 29.248506523892 18.3878596717227 0.222786474732003 0.909025280885103 -0.352192029137839 -0.266653591212417 0.404316939187154 0.874884949567557 -0.251180703859694 0.363829343519037 -0.520082253014992 0.340218659606113 -0.346577082221824 -0.21977305135844
13.5409848420991 29.4966866632004 18.929334868124 -0.126718718267711 0.784255582271062 -0.607359488373439 0.0236985069482877 0.614514211182503 0.788549722606729 0.72782577932112 0.468082975863576 -0.000522079025452567 0.26163351089458 -0.233037387496798 -0.00370209706093184
13.8584366925105 29.8648300003465 19.2234271996844 -0.746813768986934 0.468375038572544 -0.472116529782331 -0.135608592876499 0.587745980843125 0.797599505730062 0.383378381994378 -0.284722511039905 -0.35008588748227 -0.676619666633354 0.497874717015001 -0.305364500991506
13.937113117566 30.3837821520149 19.3776764100261 -0.957207519370505 0.0374562444889408 -0.286968281538838 -0.193648755427668 0.653994656163317 0.731294160534002 0.578184011745359 0.0268070574697349 0.327560976786657 -0.680595809967613 0.0183992953640639 -0.382983719444302
