t = 343267
b = 30 30 30
E = -0.908840497427802 -1.37647363696058 0.467633139532777
2.68311171243696 23.951394022604 0.757905729864135 -0.177283791230359 0.244082089883511 -0.953411973265006 -0.644216071372098 -0.761150390149778 -0.0750715456131097 0.229732749099044 -0.254094773692968 -0.425608047554797 0.00891348716546372 0.62355178518147 0.472660674601313
2.21477561354466 23.7977578954177 0.768272812092729 0.390426527242418 -0.0873065976793171 -0.916484961593528 -0.709613072011334 -0.662759977718939 -0.239162078859939 0.772832830790748 0.579283314119192 0.0494581536235718 -0.660465597092536 0.624803773989603 0.1253604094862
1.73419722389724 23.5239686582269 0.398001688833883 0.786431359672032 -0.134185996153768 -0.602926060939966 -0.416060265545683 -0.836535557967111 -0.356513836604795 0.0740767483989408 0.198932605761815 -0.156082656408142 -0.165488240090366 -0.328731607844488 0.0226580159645282
1.46991611926816 23.3640261672287 0.00668073096169053 0.903335954262964 -0.428928796505404 -0.00205943300292125 -0.410602441829831 -0.863331587716107 -0.293367013167761 -0.488238284551375 0.0471310021035951 -0.531010793556112 0.129780598942394 0.773141814673974 0.0915510685632076
1.34618843980701 23.0035594806954 -0.464800972714567 0.662787813324659 -0.472974333215591 0.580523552173041 -0.490441937191504 -0.860031214279682 -0.14075871805506 -0.180871272109884 -0.690182391337093 -0.282823450322515 0.0445664786796694 0.41821199267289 -0.152998143347558
1.50078446476173 22.5634848430135 -0.696642122450346 -0.0020441871601407 -0.272561961445193 0.962136060270081 -0.456937925628631 -0.855565388010105 -0.243342554768668 0.0792240244718059 -0.378190181976238 0.175521636930296 -0.594636996613756 0.569293643661781 0.141680369702252
1.40487878612457 22.0201262325055 -0.756128005854762 -0.28218342121813 0.249836946515361 0.926258072539999 -0.697667988105789 -0.716159160318856 -0.0193761570960099 -0.225940231263723 0.265879369550304 -0.406005701016022 -0.0516353787084859 -0.484939245870772 -0.605212705860131
1.12354245714784 21.5650095587613 -0.684398396444692 -0.338758410581205 0.675890826238032 0.654533673899002 -0.742729280858866 -0.619154554934341 0.254952647483639 0.330870558343337 -0.614220621935853 -0.475704239418034 -0.0209935632147881 0.181734085401404 -0.384439338170156
0.584576025371915 22.1649711104948 0.135278339160571 0.665238927178285 -0.506998304303364 -0.548096605718559 0.743504785566598 0.516940407137733 0.424232541547493 0.422013890998143 0.658742554741872 -0.47581141213528 0.0881681505383388 -0.328928721179515 -0.250797467961949
1.06496052519503 22.231236282455 0.388049607619323 0.371371811950892 -0.161323667344675 -0.914361882212279 0.83600456046078 0.486550203100921 0.253703123258727 -0.163616978683603 -1.04229060547488 0.450243175592902 0.399756673937315 0.349732898599539 0.42568269339435
1.60113532738215 22.289222346144 0.454193423977593 -0.171505813140718 0.249649065200932 -0.95302733449952 0.76633606099836 0.641729953452822 0.0301945103447456 0.165366715034809 0.274387102969261 0.00131067688265557 -0.134056395450979 0.0467664583377849 0.501527542436774
2.12523950149402 22.5159823419511 0.337133646007686 -0.664726635141418 0.424439556351501 -0.614808558445398 0.61501916996102 0.77808756934791 -0.127793407524649 0.495085080218012 0.224923037153776 0.128535097126158 -0.3025292969373 -0.552325365205558 0.380753184312062
2.5103420891795 22.8011014544848 0.10895590961638 -0.899949892399014 0.412566422940332 -0.140993396416984 0.426062492915245 0.900824116336241 -0.0835862641697026 0.546418384730299 0.295506936111807 0.0615904289645273 -0.315439865312535 0.593114642771028 -0.188176973302084
2.64084048749062 23.189261529621 -0.218341747973611 -0.723877875973091 0.360824641795186 0.588053057597727 0.397978474735821 0.914619661173727 -0.0713022372817286 0.0548238146732634 -0.866113306250937 0.158227419905389 0.445820323155495 0.424785724108994 -0.554881219046999
2.5579408015774 23.633173808306 -0.400487747920522 -0.162843373251152 0.144208251536967 0.976056359016647 0.294642849419888 0.951228080602976 -0.0913823284780572 -0.00914189655924747 0.140492030208815 0.545365388894838 -0.30057140786786 0.0502913277103431 0.315939968523239
2.5077986036495 24.1601435308974 -0.399913352491147 0.340455374735425 -0.139296802231271 0.929885228779279 0.199777684138779 0.977101244982991 0.0732259105292587 -0.0507651122630426 -0.216369496920738 -0.168487245071684 0.223412933362249 -0.627034755903751 0.275063944685582
