t = 4771
b = 30 30 30
E = -0.863885996373781 -1.24015553861157 0.376269542237792
16.8865882692206 15.9849792100187 19.6349044224849 0.461173223896117 -0.469781223526083 0.752744883465574 -0.860349572502128 -0.444280876422814 0.249826171448033 -0.052417389771684 -0.824466662955767 -0.113511279229141 -0.226429620612475 -0.0294473471330268 0.102568891184386
16.3716712114304 15.7356076689944 19.7232254898387 0.693405891921147 -0.100846377752939 0.713455168278392 -0.609824804039144 -0.609542221443357 0.506529356164597 0.0927491864394825 0.5466466218272 -0.032077438199881 0.311307388848221 0.516843694430757 0.508161067098843
16.2686506038617 15.2169349770232 19.946637170161 0.358229613083788 0.442600353483158 0.822056245889795 -0.606900213815204 -0.558692489703084 0.565274121484814 -0.65101890391001 0.0135496897387746 -0.100699043109724 -0.322672955385103 0.314778053203099 -0.0828828261604729
16.2734296297923 14.7939384044572 20.2940714436108 -0.0110340246732719 0.753138994093124 0.657768884849311 -0.400480529083897 -0.606075238817778 0.687232239287894 -0.554432538037214 0.147996100165979 0.774739082277071 0.361470342493751 0.0276299927997366 -0.310746500563053
16.4425939337124 14.7494433180021 20.7314110668662 -0.88179267992131 0.432409034650994 0.18831913442183 -0.0941534936114666 -0.552642710673671 0.828082818309869 -0.131426848467325 -0.286281018418871 0.19224819635234 -0.0374085739746126 0.6407135337645 0.0840794837275569
16.2082810927618 14.5277877984109 21.3335378940772 -0.774468326438884 0.577983350558864 -0.257165428896843 -0.54413548502654 -0.401280314940369 0.736811158151317 -0.144654275575539 -0.314535456024756 0.52390050164452 0.161546844240436 -0.108631887476383 0.421816893748403
15.9047620071706 14.6879435739 21.8217313236785 -0.694814968943372 -0.206836874356715 -0.688803793789321 -0.572564291375651 -0.42047820126268 0.703823993981735 0.000762657154568076 -0.235300957821277 -0.318422280343845 0.304232088973374 -0.16003647737798 -0.138464971325249
15.4435040519992 14.7572458649423 22.1218698210223 -0.197040505515622 -0.729907827049178 -0.654530062868384 -0.60365846999675 -0.43572908417596 0.667635092550088 0.357528423134328 0.291932835771085 -0.071242747488145 -0.538818323976597 0.110011375111663 -0.41315292655495
14.9443213042889 14.172886191094 21.2366754056597 0.463294230971017 0.548832112217597 0.695802966469491 0.585992173303898 0.399277205670307 -0.7051176397302 0.129457433283617 -0.409764610196714 -0.255647299842348 0.615933114980843 0.090922927780767 -0.143803757430245
15.1105423804546 14.6205739844967 20.9715818106978 0.665511898729402 -0.10815237580179 0.738509970317274 0.667085834859238 0.530013090355005 -0.523528999180082 -0.0727792908932121 -0.130805616183579 0.151666703347845 -0.340171487026142 -0.0640218819996975 -0.225529934991267
15.2031541375203 15.1314468905771 20.9560498443703 0.806751309241595 -0.443727731434622 0.39020254406251 0.579932701544406 0.721180519878921 -0.378915187643068 -0.36370137782395 0.0385485976189781 0.45707056516143 -0.650989197463061 0.319110903560255 0.140651067165422
15.5588357527402 15.4798242370202 21.0621961841736 0.669911288966021 -0.72255387783296 -0.170689069786052 0.652312739753558 0.682611136001307 -0.329439109035672 -0.801800521515471 -0.581139384872601 -0.0962069534063277 -0.174499526091077 -0.595617029791143 -0.190424948331642
16.0591349460749 15.7138790987938 21.0154907690046 0.294112461976709 -0.753432480033184 -0.588079380476011 0.773431872811486 0.549102721126895 -0.316684921918223 0.387335519814949 0.404151734720067 0.132690735409665 -0.406297435709166 -0.000229514453920105 0.183854296114584
16.6407395583428 15.7918355975174 20.94484579076 -0.211204028928113 -0.517385420777434 -0.829279919286302 0.785279689729101 0.415361776906183 -0.459140940435841 0.855389146089406 -0.418278438142072 -0.500354568902929 -0.267619475767812 -0.358314595711617 -0.478479541487004
17.0962585296877 15.6335202347075 20.7564918508436 -0.574530461167789 0.0451794423854469 -0.81723531933958 0.80964451131395 0.177711938020362 -0.559369495400166 0.0968394771998241 0.489254583461021 0.168431264534076 0.30713327083703 -0.364741389860856 0.380830660050079
17.4412885061343 15.4106030947347 20.4400000206868 -0.493462302594001 0.563848835067647 -0.6622457603575 0.843719707915483 0.125376976207412 -0.521936460033306 -0.223243189617453 0.391973344643099 -0.457080379973801 -0.193265961816644 -0.0667509266848647 -0.0779741893564091
