t = 3537
b = 30 30 30
E = -0.869046134998417 -1.33513805412337 0.466091919124948
5.08763206838058 17.3644258305469 15.2433343545113 -0.348512869067041 -0.254928018353297 -0.901970335184659 0.648138639486187 0.629606326967696 -0.428383212844809 -0.594622179334321 0.0925183687262419 -0.531526896170724 0.15325141730706 -0.410588403871495 0.739306147555925
5.4889848386226 17.4199950976747 14.8004301555559 -0.77665400936463 0.154222851413193 -0.610756794346025 0.565533967616119 0.597755271083107 -0.568207679783307 0.0103551718472049 -0.0954210755878237 -0.90960066592928 -0.483106878834522 0.424830873790803 -0.156452206097798
5.65228238024294 17.4892789741189 14.3033132844359 -0.811795856342319 0.583687697581231 0.0172092799896185 0.428811002234047 0.615878904520197 -0.660919283521091 0.344373259665562 0.235062357152273 -0.120911364564805 -0.507798405049955 0.240412290777477 0.409116914999922
5.74803486745208 17.7078873871056 13.7424535222288 -0.668944715138597 0.622817880808315 0.405722633622503 0.374872948693696 0.754010171318172 -0.539387554441549 -0.435549557030114 0.518222692980046 -0.429525011782413 -0.244603797317465 0.0227782683291518 0.328817711265076
5.60706684016875 18.0343767060288 13.3424596213253 -0.116222714584846 0.69721561685465 0.707377313905754 0.314429914011403 0.701401141954704 -0.639664183176936 0.418841806282746 -0.278103279723434 0.168436478658022 0.531197236496016 -0.115889554220479 -0.974879467353263
5.37400445666962 18.3880692554142 13.1288245287023 0.603893507859607 0.504155558264907 0.61736521139081 0.297275401840564 0.576200551407036 -0.761327958253707 -0.12213939018657 -0.196006792373764 -0.334379162126414 0.307522402864159 -0.0111606478036844 -0.520707274326332
5.31868485513092 18.8501729002426 12.9254878366448 0.87980232733142 0.104919579913908 0.463615947280621 0.264851593192843 0.701706291085356 -0.661409037309319 -0.0731281348802705 -0.0264327613331887 0.447985490720029 0.41158050357976 0.0795332803500309 0.0800873994099704
5.31760993644714 19.2741801400059 12.8675402740029 0.962444268974141 -0.269952450614523 0.0287524525223381 0.223839905950718 0.729162877817343 -0.646697142499571 -0.688989967975989 0.226560925236691 0.67690703565864 -0.061281634167188 -0.210817766600808 -0.462268642993734
6.51985818752881 18.9903789676547 13.032760617605 -0.855242837785622 0.516429344200111 -0.0431325963215486 -0.395041473933507 -0.595814357982739 0.69924779920573 -0.0198873408191971 -0.325585664910499 -1.07195281412846 -0.524258434158591 0.1692505178494 0.376007444124073
6.35106524805379 18.9086389435056 13.5618974902685 -0.872569147885094 0.160828059206601 -0.461256346873322 -0.470917880901808 -0.527932639936033 0.70676974831774 -0.520318751489287 0.646110440024039 0.491255381286966 -0.254567837484735 -0.233799172186756 0.305984698902704
6.05626681542288 18.9762180370492 13.975097507446 -0.507515330132289 -0.473759195762512 -0.719708561927097 -0.577846062984005 -0.432458899352983 0.69215115969294 0.266278549489464 -0.224473884524072 -0.267097690480043 -0.307611032323572 0.0133999466114075 -0.493493969933713
5.55332748413045 18.8121482594653 14.2340909442683 0.00525127256415432 -0.632365359867052 -0.774652487104166 -0.603197496582425 -0.619863273919588 0.50191862065716 0.06917334931011 -0.0280867937633789 0.323035530493045 0.624967697087439 0.387244830058687 0.429475966027164
5.07231229321553 18.5464355978982 14.3107071039757 0.531536838239397 -0.67002146643753 -0.518208282553801 -0.622236238982255 -0.723966126340462 0.297817243974894 -0.230048306025082 0.233416353082139 -0.142762466864987 0.0271374616655955 0.172499995588928 -0.590776242704616
4.65613672816332 18.2754393323643 14.1559077081589 0.792052947721794 -0.578192324440075 0.195820744467469 -0.60627555945233 -0.707602318228137 0.362944768868392 0.610722220884918 -0.447444613672578 0.125483321747975 0.694683901679153 -0.0566168957210531 -0.37170702524247
4.53604463128254 17.7467542572526 14.1926884697845 0.845261094508971 -0.348448411564486 0.405114041459538 -0.457878822494707 -0.863132903034513 0.212952050025529 0.22673183462134 -0.0833111534190369 -0.451289734473524 -0.361251246484744 0.211927913901412 -0.364960152984565
4.62202760127546 17.2095141817606 14.1137574196619 0.239467285152497 0.210643620125065 0.94777881630806 -0.529081615679278 -0.790194116446884 0.309299049922455 0.187681073176829 0.253036845311036 0.421706543430414 0.0545450662538472 -0.0816994536799194 0.542635890196509
