t = 7712
b = 30 30 30
E = -0.936910035150049 -1.29269474571679 0.355784710566742
5.81049528832653 16.7637728954411 14.0369613343664 0.76213503214502 0.453058670653413 -0.46248030630837 -0.0622657462560411 0.762328153350089 0.644188453368301 0.568731083874819 -0.103700730199517 -0.432856883153114 0.27161637141308 -0.119156336905834 0.342917481251154
6.00150755705238 17.0252005685802 14.4287002572742 0.0778504157932859 0.663284473547906 -0.744307073667242 -0.0778670466356908 0.748337596853009 0.658731784707937 0.00895037388148327 0.0463341545376275 -0.255957718371528 0.359309251653299 0.284299981566237 -0.384379115426959
6.0270917300005 17.4237903060339 14.7362064215495 -0.263737211303544 0.396860655495429 -0.879172510656227 0.0571873986464241 0.916272406159921 0.396452366805835 0.607726093315307 -0.21065839422288 0.194832227691212 -0.439355632892201 0.404158446811497 0.104305820879686
6.2081160135531 17.9636717543311 14.7813996665347 -0.864377214053711 0.0737044359021537 -0.497412995360092 -0.0913696738579569 0.94971082095968 0.299501150667542 -0.0633373887047658 0.68836401346686 -0.413404574056037 -0.251077364663056 0.319731303346602 -0.180723553993676
6.17781521162299 18.5655734730564 14.6955675195464 -0.957984649021031 -0.28575599767867 0.0246763455705339 -0.262663884180409 0.908609517464008 0.324709760741943 0.146450868145362 0.587247589702915 -0.499584904483142 0.840524488399865 -0.297687103164561 0.039564481949978
6.0102905321843 19.0075367783965 14.5690080786588 -0.754770732480707 -0.441540392771301 0.485142476950748 -0.426812513850381 0.892155634722674 0.147950672365234 -0.100009810553825 -0.0424649508382071 0.897711210918279 0.0515054133314762 0.127586751995498 -0.0938769082702893
5.59654738179408 19.2311343666575 14.3959223327611 -0.141728206791306 -0.225542863921703 0.963869042937742 -0.308727773167914 0.935203647431239 0.173439614581231 -0.15466895103754 -0.0349594471585544 0.408531666997095 -0.545447637401994 0.537159272315393 0.0879676318165612
5.30370874684687 19.6410201967634 14.6572021217053 0.394161333079912 -0.333610671592921 0.856353176734918 -0.184628975110677 0.884049696170207 0.429381271425452 0.13277116120498 -0.307914357279006 0.24934209515107 -0.0274743679297118 0.224496706682614 0.0504567592917156
5.59140789811017 19.2742453947725 15.7821187500265 -0.1142391931549 0.285196166596002 -0.951636775932003 -0.0800375255205427 -0.957436274019518 -0.277326117955319 -0.194518912785267 -0.0832250768376898 0.537718957762352 -0.0974708384495118 0.303317119720616 -0.213290144468789
5.37471816776404 18.885926758668 15.5153722398689 0.28738611277149 0.314828006283988 -0.904595240229205 -0.167638428944712 -0.913325757852386 -0.37112453056127 -0.310303397410629 0.00767550004970217 0.579469997574564 -0.0811856001739456 0.0818464923673867 0.120744451208769
5.0964151450535 18.50374766282 15.2311792428234 0.711785538927309 0.473401670849349 -0.518895176900887 0.0513050633208997 -0.771816744168684 -0.633771807434262 -0.245065138347716 0.104058819383402 0.260687540062308 0.0792563125221909 -0.228650612687358 0.188469252895341
5.00200097775442 18.273369929627 14.7353810309721 0.989320105787553 0.138260943753011 -0.046148019643536 0.0986958552170495 -0.868405871424678 -0.485932475389452 -0.30922741128783 0.470302981069048 -0.283318760482636 -0.416427175887941 -0.481730271872543 0.132260054230552
5.18363133951048 18.0798410407149 14.2036622754566 0.899199381454388 -0.0552057425077032 0.434042392383768 0.162118630715102 -0.879362295827508 -0.447704704299637 0.161992562215064 -0.0687054694090606 -0.416844940833313 0.449096456334808 -0.541006152608241 0.131175731837279
5.50079057455936 17.8771972868552 13.7678408643343 0.604023341723271 -0.329459628787821 0.725680477656973 0.410642888152292 -0.651717466867387 -0.637680767931662 0.15688783562278 0.523538181456894 -0.321302470325608 -0.0421779194411692 -0.611138026137626 -0.0095452713315478
6.00543547402559 17.8136276734548 13.5690977058521 0.0520077394098214 -0.70696353383623 0.705335208866864 0.432859946042542 -0.620536482699582 -0.653885877467064 0.294135100211309 -0.0458379898210646 -0.0213538383678489 0.0874343003733591 -0.404230702202245 0.69606476873754
6.45980958110025 17.5674145229635 13.5087678569016 -0.608757730287376 -0.772537545446426 0.180554054761913 0.606921222329528 -0.60005073902839 -0.521138887896024 0.523207715746157 0.0323100828401254 0.12298810228293 0.608082067354893 0.364508435499266 -0.519761384879207
