t = 3642
b = 30 30 30
E = -0.859861578989437 -1.32918077671471 0.469319197725272
5.08150597383604 18.2665073253411 15.1172826833715 -0.552249737890858 -0.313613575357603 -0.772442070546972 0.717255832014577 0.293529604795562 -0.631968703773878 -0.723606446839433 0.231137709685922 -0.222518216168263 0.0501548896647534 -0.223784066401874 0.178729474402922
5.4881905812735 18.1243116808088 14.816953694591 -0.733933518616641 0.181461234308476 -0.654532971434016 0.643769063945408 0.493106010645953 -0.585156265087959 0.446703636334747 0.747077783636297 -0.764043663923045 0.281079787214816 -0.400932493816927 -0.165644710463715
5.7843025128375 18.0387982026359 14.3774313308286 -0.783830684008137 0.550011144588049 -0.288265848890014 0.574382129603311 0.465743763876905 -0.67317747704609 0.191910081126489 -0.397626019481148 0.188600796744392 -0.223765584928708 -0.64678573306794 -0.194805038676014
5.97002043691634 18.1292051250702 13.8778101567513 -0.626511290218383 0.776348511870458 0.0690405051069452 0.434040891351522 0.42109548948741 -0.79642142950082 0.257436948531691 -0.338370733240995 -0.525892416658744 -0.42535234451872 -0.637490607953174 0.132637205156505
5.9433611668446 18.2257679596717 13.3428857956137 -0.410857182470554 0.821168251056271 0.396079637282129 0.076540958335974 0.463975148472382 -0.882535292946997 -0.0488087287495231 0.477203002997644 -0.0236043560726566 0.356290310267054 0.793004433017364 -0.120701018791337
5.70776615030891 18.4936931502028 12.9520966915399 0.393616853683813 0.764665102027494 0.510248032075909 0.144900752536221 0.49650739450735 -0.855852895720967 -0.123273941172311 -0.749142048596486 0.0496538329493266 0.700840975234269 0.583261619572234 -0.38308020131991
5.58395579594164 18.8719080148692 12.7394456390152 0.931578568986272 0.223891712944068 0.28641555593309 0.150433145816436 0.479825694943122 -0.864370968457483 -0.138244131441795 0.0699828647655235 0.290668890218096 0.30130932804941 -0.568411086131454 -0.0638821711052689
5.45126110549693 19.2426257472125 12.5615936616522 0.945612445254632 -0.268766462979109 -0.183253081167159 -0.0904068626149217 0.32401286643902 -0.941723028057664 0.18056138777519 0.315968755686217 -0.131702175877947 -0.0463343448175895 -0.101175583412956 -0.732966632617866
6.66953794607442 18.9911653480482 12.6199835289208 -0.86904430122778 0.462216373533051 -0.176403023050829 -0.201109955831956 -0.00427555554374104 0.979559342403541 -0.629812812784743 0.270708491694242 -0.341853080682626 0.186869671528075 0.343140684696947 0.0108351830563767
6.61777916669612 19.1914059565683 13.1761149348888 -0.897092501015758 -0.0256441064404351 -0.441097975994177 -0.435517070917585 -0.117001942604188 0.892544355405497 -0.37620935100101 0.37822140333138 0.226456435733 -0.111415296657732 -0.474815391843331 0.089773504047765
6.23033060224189 19.4028593731339 13.5143523572935 -0.554428961946214 -0.722864753867868 -0.412401592832499 -0.48591345589051 -0.121127885450398 0.865572728747188 -0.22944943304977 -0.357907135045999 0.0896648616700313 -0.234240696482162 0.119178813071829 -0.440023214834571
5.72449363961598 19.3052605598215 13.770508273645 0.0539004942708383 -0.927212364124582 -0.370637246552293 -0.602745154892824 -0.326139495749656 0.728238496349503 -0.157944700347073 0.544667112252157 -0.0180795352456008 0.31806159281536 0.141450265827005 0.362654727958117
5.29402310316225 19.0985010095673 14.0989922088171 0.4497508926139 -0.846625987078484 -0.2845146263312 -0.615935240251934 -0.524684763544006 0.587647580374974 -0.609154882106926 -0.0422550040989251 -0.259914647720393 0.140240309703109 0.524708490092897 -0.282694616617685
4.87393148067101 18.7740753444391 14.0406030507171 0.735766830581944 -0.643948036856826 0.209709553534515 -0.66342022642606 -0.623106415566975 0.414260785071525 0.328698738087308 0.44894523688292 -0.18753051684752 -0.080741883033815 -0.0990941420409061 -0.21262686332308
4.6186485001533 18.2805690574094 13.9626356961307 0.6885505897798 -0.0450415039244704 0.723788192939142 -0.620678854262527 -0.552768072554541 0.556062242771167 -0.0401949065647762 0.106884916048609 0.240637202185444 -0.39160838191625 0.77353819474381 -0.578254695464996
4.47419723743159 17.8037912886235 14.2379157344582 0.452384159298578 0.547841946164657 0.703717112509167 -0.514557615011474 -0.484150204645865 0.707692758317523 0.911772324142122 0.198809972115652 -1.04146358380457 -0.127788572034273 0.631122381707814 0.138611986172559
