t = 812
b = 30 30 30
E = -0.92597759111369 -1.21962681424451 0.293649223130817
5.56927724131985 18.6481821231069 15.9981527878479 -0.85423906478298 -0.388410809912996 -0.34556137362476 0.496031055990642 -0.409923174136829 -0.765451620155314 -0.808639940865448 0.0307803003146653 0.472258480889561 -0.0971918675509909 0.189910007086375 -0.299931346642998
5.74781450454695 18.1462452492255 15.8111226186019 -0.715124730199855 0.363730091826084 -0.596906224257021 0.413070431221431 -0.468982770814886 -0.780658683119155 0.0193972288287963 -0.428963161992706 -0.140357997136666 0.255770083321713 -0.0678885241485698 0.309841908508917
5.76654531430882 17.7066301011081 15.5410398390571 -0.296401568223229 0.783867491419554 -0.545616959276768 0.318817538523323 -0.457309768273571 -0.830194647640842 -0.185071711490056 0.116726182049332 -0.188871065935597 -0.385159305326702 -0.0190327931404709 -0.80008159581364
5.55139270194568 17.4309437793424 15.1357311557848 0.449279809906807 0.806774249439402 -0.383748567230671 0.26896615920268 -0.53175989347036 -0.803049575617938 0.138760160895023 0.00537196666561448 -0.11834862625173 0.178950020858343 0.348257165327179 0.0189038662833267
5.39101220289242 17.2731591536145 14.6546838894355 0.689263214383022 0.694535042862972 -0.206245716400882 0.0674860916005596 -0.344977734233136 -0.936181601145767 -0.287789221799565 -0.83498546085634 0.0569582008459748 -0.0255909695364672 0.0838369664711666 -0.192511864595179
5.35910900102704 17.4300794858013 14.1302926401957 0.970564707934483 0.228059551113115 0.0774143969693999 0.11021395589825 -0.134779374025768 -0.984727070950363 0.0650637699953707 -0.256033502674363 0.283874985089489 -0.322388012335536 0.0610801073259213 0.0349106029577157
5.51876346361968 17.4304582865648 13.6842469615691 0.925877130384649 -0.137235257313016 0.352019919295652 0.35682725606672 0.0113369488862517 -0.934101591326043 0.222751054931219 -0.233213573551038 0.0349110433345532 0.652905710929999 -0.190874847167947 0.0895022106005946
5.84035665690408 17.3632040869935 13.2466548915985 0.706173015346015 -0.292994004315642 0.644572870847201 0.697561878614812 0.131864680443029 -0.704286256826748 0.148897669917906 0.552921677089439 -0.0578420689941904 -0.00804269818581678 0.0419895604255174 -0.238257097651409
6.39335481217142 16.7069312092189 13.9705174316009 -0.211493889099295 0.675148891907978 -0.70671373881444 0.0189957317397273 0.725772902383734 0.687672055809427 -0.126122333187681 0.139701753397667 -0.628343944488932 -0.204540615475895 -0.174048516137703 0.146203537582148
6.60794239073212 17.172766582748 14.0343798607662 -0.863237959419005 0.42023654065484 -0.279681024233976 0.0769503371620477 0.657118286094472 0.749849454017879 0.372409032745196 0.182020335193039 -0.050059736851511 -0.19613593351098 0.456424139695655 0.297675030231146
6.52853543668329 17.6773650727676 14.3305226856885 -0.963099825943054 -0.112730465852195 -0.244398378344062 -0.259345573049836 0.631497067392705 0.730719732601951 0.260719714492101 0.310340111477189 -0.037815097112473 0.0523053513054965 0.277665888370086 -0.00411327971833727
6.302733208194 18.0941898035209 14.5487894945685 -0.698577934819842 -0.707955252949404 0.103866398821712 -0.381660952547168 0.491455580463729 0.782819474548154 -0.284707182765383 0.544001870745019 -0.12014538791404 0.112206046344224 0.0978904988538574 0.0594765441071946
5.92475809467262 18.4185357663776 14.6583832253781 -0.336073269333068 -0.852989596639429 0.399328818975902 -0.602897344876447 0.520573888424349 0.60458053080767 0.533693177248991 0.22400654392407 -0.160328543661664 0.452277751525268 0.105621650555369 0.357428476302588
5.41781867899267 18.605741621902 14.8112412734354 0.298773405713341 -0.694214659972118 0.654828571397314 -0.659922063645695 0.345376021484539 0.667246786202166 -0.30441790740172 0.67080934105407 -0.179846917582062 0.0881886287036052 0.416704567378569 -0.640371577278051
4.93273703607618 18.4756000009037 14.9825310580428 0.681534892294689 -0.0876510985114311 0.72651736077991 -0.698697819075535 0.217216153205235 0.681643968949929 -0.170713206871598 -0.14071326955769 -0.239360286775129 -0.177800276777982 -0.914453135657298 -0.0218058979353957
4.6564674580436 18.3601231393803 15.4110527327251 0.876207902333015 0.0608904284066923 0.478071195134811 -0.469993593293516 -0.111478004377736 0.875601894015201 0.114198222289904 -0.118447506164702 0.372504781279843 0.062062169880372 -0.165188773815645 -0.40316471674779
