t = 5243
b = 30 30 30
E = -0.948339565924048 -1.42128866455544 0.472949098631389
4.49807478676467 18.5318558489736 15.5318473679673 0.32818860702738 -0.559875067363697 -0.760810191284216 0.53428748550925 0.7742281718709 -0.339275140129153 0.389512620171607 -0.758557313238862 -0.67448880653996 -0.626970521927326 0.627182976726962 0.139978107780557
5.00450070816505 18.7158354126652 15.3846437158567 -0.306576407044515 -0.30467323870832 -0.901767777345509 0.463643085173753 0.779599061993962 -0.421023030378032 0.406166304087819 -0.363324809939543 -0.483832414038507 0.174662092674582 0.960435161533805 -0.187814304972269
5.34782579455962 18.9550083990515 15.0453334891779 -0.793800172850821 -0.0572826515427772 -0.605475006432339 0.426706206701545 0.656933596504624 -0.621578686045366 -0.840639373043828 -0.430145589962477 0.570318232673097 -0.0460830702453076 0.128762757494375 -0.0754246671736193
5.57423526567586 18.9768243935424 14.5681832800873 -0.912961441456381 0.391257194914128 -0.115841330455986 0.378937585377409 0.707649367436757 -0.596354491183474 0.674889230162733 -0.136935108845846 0.468880229506658 -0.094302986191107 0.328960026761917 -0.058575157366054
5.60225681995877 19.1063329869886 14.0732720536187 -0.633742919932678 0.6862078041794 0.357055683218302 0.35887595907507 0.669724273841938 -0.650136480306119 0.338341224902151 -0.428701082960543 0.176736019957864 -0.399276362739124 -0.101547299175795 -0.292663273390948
5.64878174087734 19.4378967190809 13.5759929521684 -0.354663757579923 0.549619568709771 0.756394043307178 0.459430705318601 0.807025829106305 -0.370988865285399 0.609613744691523 0.695914979238678 0.595770643632495 -0.515912543417077 0.025874612967946 -0.0350923423882657
5.491757722395 19.9798373066704 13.3119188049043 0.33964172244811 0.156842131561012 0.927385597332563 0.510845740007311 0.797129370788529 -0.321902774363091 0.0759601942329101 -0.106545399415052 -0.296795618611003 -0.336135277464753 0.212838975200108 0.109542076852609
5.65314714178834 20.5023502677114 13.2307356085685 0.378037410038069 -0.400063220622075 0.834887499078293 0.724267403172074 0.689514831913271 0.00245464335494853 0.505679351504431 0.955350004102455 0.234303706268444 0.490831639050117 -0.459321034272136 0.0102809377949
6.26752094404729 20.2435949970991 14.268523605795 -0.66094759191042 0.309599288367524 -0.683590931325259 -0.690423375099596 -0.60781270572797 0.392274493016985 -0.343838547357062 0.58967992989088 -0.0321306083142904 -0.0667640194537406 -0.52822415315994 0.639395504055038
5.76692170750185 20.2006894920432 14.4288386689385 -0.243227717634351 -0.144834942750216 -0.959094946672606 -0.715516978113016 -0.640801387438637 0.27822479380665 -0.295993766159762 0.715422094038869 -0.239315761884527 0.225883663895162 -0.0835268814447309 -0.036925464834813
5.33915963201609 20.0713040040364 14.551581648138 0.183315072735925 -0.532888795939196 -0.826090258549442 -0.710367375088158 -0.652687381894665 0.263395850244151 -0.657825114607234 0.08415387556636 -0.15692270741354 0.0944945749503781 0.241687964067106 -0.491860396555731
4.82942639803379 19.9119383038721 14.4248622799736 0.665371254095683 -0.662892369382247 -0.343299870139672 -0.635660709536155 -0.744234913941677 0.205060613532221 -0.265573917507077 0.0402708407483909 0.359109542763181 -0.26351049387787 0.145808532978608 0.254578866831517
4.48731105456985 19.4233506466093 14.3573637564759 0.922651944374244 -0.345734888708675 0.17082381646606 -0.385412097796187 -0.841732785076971 0.378078607433564 -0.182698544310091 0.580262738891772 0.0124857517513349 0.326782538516825 -0.114197450692974 0.452337594633541
4.40276239947343 18.8675891888904 14.3615658528454 0.814280078745504 0.0707811995098891 0.576140586275745 -0.158834524558702 -0.927488659197664 0.338432239699359 -0.0855569466999697 0.142631862573351 -0.158835698313935 -0.0966720749557044 0.1859684223003 -0.634644895322467
4.5824448570079 18.3738361567115 14.357101025819 0.244624263559521 0.332108857416568 0.910967988736942 -0.110373380848675 -0.923867812629842 0.366450517241526 -0.135743213644555 0.394768426383474 -0.438406837046915 -0.159522469787594 0.407101033623766 -0.177344086166671
4.86032661548218 17.8987362130933 14.5197159609929 -0.416465667584401 0.471200457237159 0.777513007494389 -0.0836247992214739 -0.871435899792851 0.483328424063178 0.0921254350670114 0.498219257565775 -0.170011638436622 0.450878431737864 0.52760568649155 -0.00768631006693951
