t = 1827508
b = 30 30 30
E = -0.882497408265195 -1.27676855527212 0.394271147006923
-11.4461703447324 46.257288373177 -0.398577284504161 -0.457484196723412 0.790441739876171 -0.407320593157126 -0.095580905200389 0.411700280875783 0.906293092375663 -0.217755743495261 -0.122034310561126 -0.477664708149199 0.0751241181368533 0.801193465428984 0.107309959581387
-11.4144892997722 46.6597568745149 0.0323179317614969 -0.721801429175499 0.39431239534913 -0.568788565034715 -0.313730744498148 0.546130057966415 0.776733532005814 0.341458094537112 0.21041609319535 -0.490748087838966 -0.308416539647336 -0.05934337505518 0.0840198197147615
-11.331187495559 47.110947885381 0.187594146286142 -0.965209790519152 -0.0801370696577963 -0.248893773229878 -0.251179886707202 0.548659305746389 0.797421864969655 0.12700662750597 0.266791147405481 -0.201821642929023 0.435313703277557 0.127705654587842 0.268592841741477
-11.445658582387 47.6083855749946 0.273397666439702 -0.885165914939914 -0.392611767395927 0.249674394223448 -0.0602782203360251 0.628861009964724 0.775177635319328 0.0762048945270435 -0.377987400919475 0.145745217747275 0.499210579793261 -0.719656255204984 0.442386570561824
-11.7164371965545 48.0130951134189 0.489978097048923 -0.431406040849625 -0.778991213341682 0.455040127301864 -0.196265500168935 0.573349759020632 0.795455785870225 -0.104197212625938 0.463932486837363 0.292662042070342 0.323855817758087 -0.221875266402046 0.428038897245381
-12.0981609464555 48.3084464747203 0.682883994671175 0.117616450920103 -0.754357455001007 0.645841467046957 -0.402573515082236 0.558299959166721 0.725421064312831 0.0845644187954398 -0.545736841275604 0.183698460058488 -0.537779357671022 -0.0835329395401698 0.515628754478385
-12.4596651446879 48.3606140583043 0.974517541062469 0.631279940570498 -0.404167354829029 0.661917204734734 -0.56353229054165 0.347329781299617 0.749528772322472 -0.277783703043132 -0.643704796648355 0.00137574712266297 0.31980276678972 0.478558359978844 -0.120796474846589
-12.7423568855415 48.6133513028963 1.66420260701605 0.906078639743737 -0.403480449495377 0.127377492027279 0.127577867001128 0.547570099562483 0.826976948842339 0.165564023774602 -0.312344273937514 -0.537233384483642 -0.558159336797844 0.523006745230404 -0.94565968030833
-11.6803889553733 48.1609108091361 1.90099739476192 -0.958692168443676 0.10153632049733 -0.265706043936979 0.117803732934055 -0.708512448204144 -0.695796228249748 0.116479921069367 0.089798710131318 -0.0282506400617609 -0.234960654745784 0.249582060248448 0.343919308212382
-11.7424239602128 47.7153584740055 1.83577980134667 -0.487773818923389 0.497830970339581 -0.717106007884214 0.0487919610076253 -0.804624257171936 -0.591776266262468 -0.346985010033954 -0.127570239404407 -0.437231455560156 0.198086259527377 -0.166423469329728 0.234963656055961
-11.9332913675989 47.3256679587578 1.47708144060304 -0.076824696484026 0.813721510661814 -0.576155594519705 -0.189622319610244 -0.579240875184759 -0.792794667250495 -0.393834555878892 -0.243225924742508 -0.867204516524861 0.242853338536091 -0.577751540842508 0.0870773529344392
-12.2485144738623 47.0922642580857 1.0579027684909 0.40445350442898 0.755048050123692 -0.516061822613798 -0.0983225557058842 -0.525105548536691 -0.845338297923048 0.35560655602883 0.14638199720666 0.121714917048865 0.0133910655622028 0.506266346544009 -0.137836906025043
-12.5420103531594 47.0554018192476 0.583222114016807 0.881068344804554 0.42840239067184 -0.200474346114408 0.0120347522689567 -0.444013185076171 -0.895939426644628 -0.54691803646093 0.0676657716898712 -0.427667125379678 -0.0167480569371949 -0.557414613943069 -0.0436045474542743
-12.5224164389472 47.0149525081292 0.0527941618171908 0.980707936553809 0.174622234913028 0.0878579436042582 0.145519922143579 -0.352073727766514 -0.924590743235024 0.0370394736815626 0.166271605802944 -0.51869107477163 0.0183017234979757 -0.250057445894562 -0.60597760315975
-12.3603619650764 47.1749875525829 -0.468166497191451 0.833352663135914 -0.408282723976579 0.372597042589695 0.266614146518553 -0.293575413453996 -0.918003471394035 -0.623710158526785 0.346223693134172 0.316195137387266 0.0381910157529963 0.33558471376424 -0.195419244565084
-12.0334196293993 47.2610467953793 -0.797387038550308 0.371314258192932 -0.873953100710358 0.313578856783077 0.382206191405198 -0.163918452216076 -0.909422436645701 -0.360077946696177 -0.432068841300069 -0.334946313691838 -0.0193571127817645 0.330951908262678 -0.0239180461742861
