t = 1000000
b = 30 30 30
E = -0.580740016559929 -0.899348782886022 0.318608766326092
-23.7378875239009 35.7042845219598 24.0018060256721 -0.184810725035575 -0.350100115512453 -0.918300008183588 -0.815213016043896 0.576475048615623 -0.0557158576727622 0.103282620688872 -0.179362578857052 0.245619325172955 0.273805620850994 0.0308223879515906 0.739249200344464
-24.278227238666 35.0200018235942 24.8087274667977 0.512117839535829 -0.520573697067261 -0.68318251174256 0.283496862017262 -0.648379041197188 0.706565034630623 0.0898045050950215 -0.110921542357662 0.217950496135884 0.155210526589916 -0.374677953245227 -0.23754206367522
-23.6407612372342 36.2960275135266 25.501477391391 0.946990343847029 -0.0491183670207608 -0.317484920400518 -0.0369848250798661 0.965003854524303 -0.259614490094532 0.0744635015737208 -0.305701935752897 -0.530850430998877 -0.123530871042739 -0.563393809879151 0.177277270717443
-23.3271785895781 36.7137746898788 25.658004946853 0.264779969531505 -0.164526374609303 -0.950169795243371 0.218277300120036 0.969988573334512 -0.107131637963613 -0.490740194477555 -0.144127903479967 0.241442315744917 0.364941673235245 -0.0596700769971101 0.220256345816934
-22.8278303891116 36.9874542927344 25.5038474402655 -0.434039825856066 -0.0282920485839344 -0.900449326479719 0.253319511392125 0.955346887087628 -0.15212347116756 0.677879029954588 -0.178898562647393 -0.203038391538686 0.0586324031431788 -0.00573673510916709 -0.09938480929179
-22.439075396152 37.2177133827972 25.1870936368922 -0.79460905756128 0.189562143983578 -0.57676913857272 0.386399646962088 0.890663575915416 -0.239611576024951 0.0226732031781853 0.828037259249611 -0.0976193256028105 -0.394462128241844 -0.211806684444984 0.0735014440291736
-22.2524380815505 37.3307418255708 24.7772297342787 -0.766848535529001 0.633229819703167 0.104705868965014 0.620344689885096 0.773105874977897 -0.132211088060119 -0.145405971316118 -0.539876642234468 -0.286543861181349 -0.0448549975282136 0.574113925946747 -0.16450369176495
-22.1828085325816 37.6786154776744 24.4665694620152 -0.175621190646432 0.454155709483608 0.873441348311021 0.615225764903537 0.743269558746124 -0.262769140578245 0.293368790887367 0.413992831140773 0.0839030853152356 0.252721623122173 0.457900957910265 0.316496835658751
-22.9470481001241 38.2355594090449 25.164995634123 0.50751234288277 -0.264949892077787 -0.819898028116693 -0.43311622394638 -0.901042657642121 0.0230752175214284 -0.0737958905481608 0.55104946983505 -0.117759738049568 -0.408425526846493 0.00893437446078478 -0.244021559445458
-23.3207873193137 37.9089149977869 24.9827848338897 0.908482930135361 -0.333562354587254 -0.251783480901477 -0.379818049394711 -0.910324909856304 -0.164459137323268 -0.015956577838175 0.583090219744067 -0.114051408376211 -0.0521947081135982 0.278628910244196 0.484155648523649
-23.4432910253656 37.5022537540025 24.5851818364981 0.788977979022461 -0.26338898120061 0.555103587810173 -0.339173197624575 -0.940033341391344 0.036039687647639 0.385419466967815 0.0199859733672512 -0.371752752288027 0.00202065217002495 0.292749773542261 0.432268455944636
-23.2603806690017 36.9730866243164 24.4021529493187 0.248704788423859 0.0109690622825137 0.968517221265428 -0.180162834582096 -0.981961451216477 0.0573852015779345 -0.119959101358913 0.0197112747970223 -0.188865886381241 0.0808819165809538 -0.0358485617705076 0.024254396388882
-23.1403281378372 36.4732468806551 24.4957533372955 -0.195806965637241 0.229571664165185 0.953392093118257 -0.131675297495827 -0.969562557892386 0.206422049119252 -0.359576722702448 -0.388867480136901 0.626922819307948 0.189100707968206 0.404978693003202 0.307486582962798
-22.9986135085581 36.0904354262971 24.6714638078054 -0.969644432029154 0.184455156332384 0.160517820622096 -0.186250167120807 -0.98249452099069 0.00392319649890436 -0.297073843480024 -0.187713426924804 0.106847820179787 -0.315655146454627 -0.297369080276637 0.115936065993108
-22.0673787029297 36.0831169859889 23.8230283148434 0.340874149844099 0.925816249893645 -0.163306721848673 0.839508563321912 -0.377952361729152 -0.390355459001856 0.0443283379935033 -0.462807931661058 0.373602735599874 -0.199403614195904 -0.472202144990522 -0.717273404472906
-22.370129452418 35.0330029426633 24.1071254879012 -0.835751302301731 -0.152341853912304 -0.527552575813564 -0.0639340124609989 0.981206807939073 -0.182059446623 0.0607461431075006 -0.131342074749864 -0.053257809036869 0.552825576022399 0.530914867462479 -0.455340891577621
