t = 7306
b = 30 30 30
E = -0.85308243961272 -1.18480879756879 0.331726357956068
5.71338868800661 16.7627103953101 13.6337275902708 0.0122189746788541 0.0434814843555262 -0.998979507885944 -0.573547150472853 0.818672503584387 0.0286181421365218 0.597479012343204 -0.161405615677576 -1.00847344181793 -0.0311282116862198 0.228918696234336 -0.272782429893376
5.53182430977242 17.2806463501158 13.5414149001344 0.0670353113970519 -0.137840481135699 -0.988183317399247 -0.27660227425616 0.949024367213415 -0.151142093116062 -0.283496302638152 0.302697496230663 0.19031200639794 -0.486776422140298 0.0581345927578522 -0.243980706339732
5.58224440451176 17.7203801633088 13.2985141684981 -0.617902806931364 -0.484774410668398 -0.619023337158998 -0.341040695410383 0.874637424870091 -0.344529561998143 -0.323992921155417 0.133143440080475 -0.105771959894049 0.187643055730383 0.0642789497481065 0.244251189328541
5.55275067751275 17.871131680808 12.7815217886742 -0.981209450552908 -0.185459678104756 0.053223321419524 -0.184327668424815 0.819495069318245 -0.542633524596627 -0.310387308579007 -0.191416191530141 0.0408809215553389 -0.0685922851108633 -0.128894514662175 -0.0658930411425321
5.4969423861157 18.3342445432686 12.4441314137105 -0.896820098346425 -0.326385167431122 0.298640977902988 -0.440184610221462 0.59093532574464 -0.67604212125521 0.212250349110399 0.216449700859751 0.33853282879084 0.352695949916123 -0.298245417298084 0.074190398310351
5.1898176706276 18.3880872955918 12.033049734381 -0.608119655738264 0.10253385052619 0.787195842088253 -0.606369966210241 0.580004832104236 -0.543975972643945 0.00361525346161271 -1.03729713087612 0.620386147053901 -0.0876533322127602 0.313736028685699 -0.225506068061136
4.72501435000873 18.4267801583945 11.8356620478541 0.0842791544967716 0.788975175944611 0.608617446234074 -0.627398334886305 0.516532769269217 -0.582722256013072 0.214978253480608 0.489133577314934 -0.485552370863348 0.101674670741912 0.204064787532257 0.455348095333386
4.27109730190719 18.6725305901034 11.8006475733921 0.710535864368832 0.703060650382437 0.0290604082811102 -0.579347695640921 0.607948405537539 -0.542913421974381 -0.380088525733141 -0.0316873978281785 -0.455392261698071 0.215623070417718 0.399667635304592 -0.275400004256781
4.86963012131672 19.3787400404858 12.54716370584 -0.98483267966051 -0.160738857225685 -0.0653269687838434 0.142864858126606 -0.964891884089609 0.22039347615226 -0.247880364230488 -0.247098113162501 -0.440537694157613 -0.25959074529331 -0.298189199430866 0.990611916784078
4.69874764490865 19.0318933718608 12.8990613957641 -0.346665203428321 -0.344786415405602 -0.872321938554656 0.226026120246347 -0.933293536487981 0.279061584092375 -0.435015039317237 0.0817459154446834 0.0828709682922503 -0.000828370507284434 -0.256396464084205 0.477414318599625
4.4919393219665 18.5574020048869 13.0213721730816 0.406671034703823 -0.118373670167282 -0.905873249270584 0.232222486110227 -0.945606811195262 0.227816758746854 -0.415199138577146 0.119052999386359 0.0901507584923115 0.208102167842589 -0.0561102001717312 0.0739571938951165
4.40369846464772 18.1226079208708 12.8903738762963 0.975540265013184 0.0834549626858066 -0.203362878965462 0.111883290298887 -0.984840721010685 0.132555209596014 -0.0653560774060449 -0.147067733472527 0.382143554874312 -0.0792920701110699 -0.575757403203856 0.0551698988672064
4.52224819044987 17.5162906477534 12.7216329521611 0.918992551925797 0.360220229940939 -0.160293716178186 0.375219421888826 -0.923899640460406 0.0749655907370649 0.158619173670677 0.155910898928057 -0.0879407848816631 -0.262875934160514 -0.138713302619094 0.0795705989249524
4.88244405909876 17.1371357165801 12.5447306411945 0.673775128742333 0.576800216649002 0.4618750761428 0.649646133082904 -0.760234825245697 0.00170653276536329 0.0695270439414547 0.144761545936986 0.306456445511291 0.162130206407191 -0.336722036354541 -0.304004740953894
5.30017931344576 16.8416602813127 12.4643931072743 0.426579832449766 0.443328416935276 0.788346092325453 0.731287958034867 -0.681959673805395 -0.0122035132828738 -0.20973762382661 -0.179194253530268 -0.304034105419014 -0.307588919674276 -0.00676619360296524 -0.350455933148482
5.80896626895896 16.8786025848203 12.4700670296863 -0.113085568037049 -0.153403644444149 0.981671521524893 0.731329206272624 -0.681660786870796 -0.0222747322172086 0.829647978801143 0.239510549426689 -0.474398703341134 -0.377696057939967 -0.119865587531235 -0.000842674269122989
