t = 9240
b = 30 30 30
E = -0.882170865697017 -1.28948320257722 0.407312336880198
5.09359221466942 16.7120832150774 12.9185138484314 0.789550702481972 0.316547361530646 -0.525744668178577 -0.527348435770981 0.788123340885484 -0.317435390026705 -0.088610090775952 0.456163688047491 -0.159043246996078 -0.252881875017304 0.712670898324328 -0.173403151523884
4.98323915295328 17.1913206899371 12.9661591492158 0.544184943287042 -0.0633364828043789 -0.836571119179743 -0.3153646301658 0.90857420105897 -0.273930778136453 -0.382741241183863 -0.132327507523651 -0.284613121769565 -0.0226227911263559 -0.248528633183393 0.48407065471109
5.19743117587233 17.6720297103209 12.9069489394027 -0.131056728905235 -0.347246501863691 -0.928570945459794 -0.209280426707352 0.925232115436587 -0.316460480252948 -0.407659178981479 -0.182030804536737 -0.187140939370432 -1.13173791621717 -0.156568882454026 0.223332301560176
5.26599668376791 18.168208544962 12.5156586161521 -0.603564169249546 -0.644498760710053 -0.469394973387349 -0.453039429999125 0.761667930353398 -0.463267998827075 0.454853565768395 -0.583276490752354 0.683781117643469 0.428420579265477 0.401607270111809 -0.209658562140658
5.18077008237525 18.4495203188199 12.133267519911 -0.782970638132347 -0.617727296833162 0.0732800557438232 -0.59247534755501 0.704645857641412 -0.390444846102973 -0.0100912025646633 0.271677220724108 0.642828349789927 -0.630372122474166 -0.299149942461856 -0.60943185433966
4.95069084015873 18.47564306832 11.6423814915179 -0.865088678247992 -0.118915505684755 0.487319896243605 -0.430295624999666 0.675231037301392 -0.599089910924086 0.125433844535153 -0.150587205520697 -0.313135460816012 0.288953179774889 0.0420891571586223 0.0452229804386716
4.50958781899983 18.5789646209651 11.3849258443081 -0.390130425661114 0.224727273276435 0.892914275627405 -0.763764819359297 0.46264193566854 -0.450139689507516 -0.198441918017999 0.0409965085744849 -0.500479487877426 -0.394738609972406 -0.188561822615549 -0.0939797302737932
3.91646785431178 18.6972662667593 11.3628125884247 0.166703343057702 0.770906938910213 0.614745871847439 -0.786757842836609 0.479800875020497 -0.388333898938338 0.035218422601043 0.672579794227883 0.00375402704962954 0.0271244276652171 0.944761586011435 0.494935992080421
4.24076087786584 19.3407561967922 12.2969867822838 -0.540495705697343 -0.392387697713046 -0.744242088843534 0.393635815555231 -0.899733560422087 0.188494999833859 -0.355099288012908 0.0641923548971535 -0.199815484539507 -0.705173104808865 -0.155991008462438 0.33722445144931
4.05446867528247 18.8603377144521 12.4585179141381 0.311848053671199 -0.247778329821717 -0.917254975834009 0.420825614682477 -0.829521505924153 0.367151022382399 0.200836677633888 0.132015175436415 -0.165921539403985 -0.0504975925397047 -0.566885248152045 0.282328230871608
3.98789335068182 18.3136436780689 12.4529533278607 0.730887852829326 0.154392110946055 -0.664805251682143 0.354864580628099 -0.918021349165292 0.176940475562786 0.165247070611264 -0.320392898522468 -0.711433235220741 -0.100683732792855 -0.388859069038766 0.253119713838479
4.16286948853358 17.7869434612882 12.249058473984 0.820926132543159 0.560449946171737 -0.109435564346453 0.570865779198342 -0.800814916491702 0.181129046993158 -0.331886969478144 -0.25378417766753 -0.156178611714706 0.438933074368157 0.128426015887239 -0.0964407589091201
4.55151329240403 17.3795800025948 11.993058236924 0.666261350357651 0.678505926600646 0.309395411387107 0.696254200895391 -0.71458946593759 0.0677641712599921 0.188808473113231 -0.132503216147313 0.10292142675083 0.185286808429025 0.051031205125138 0.181657873922612
5.09354883802165 17.1202464070014 11.8459352701954 0.0802093168304516 0.602597804139814 0.794003999951807 0.63200194079343 -0.646729995408387 0.426982271145314 0.244395920644392 0.358466951218625 0.371889655887782 0.0197241134754066 0.423603814698373 0.151500337863042
5.62859722415616 17.0192116127317 11.9380132924168 -0.49812793764918 0.227691790417176 0.836674970529174 0.479318217677656 -0.731778083665959 0.484515100351357 0.469703330104671 0.203623754626566 0.544005489647835 0.19765027070168 0.327767951654402 0.258714262593382
6.00903745895566 17.1152997652952 12.2399644315078 -0.746855795726422 -0.421190134972371 0.514592353802307 0.650891251732695 -0.621498727946104 0.435981547292102 0.665992688083234 -0.589633952000976 -0.406990123291688 0.166050450350603 -0.0478101880333465 -0.0943288158111298
