t = 6325
b = 30 30 30
E = -0.977634087304527 -1.30319561037068 0.325561523066157
5.38856286019857 17.1089447106421 16.540812219384 0.364003180268181 -0.448308582642852 -0.8164074347306 -0.372096301086181 0.733557168072275 -0.568716294726785 -0.530441058019643 0.0121301552623184 0.407025505112062 -0.141399736730512 0.184216117961475 -0.408027300352456
5.51668455041559 17.5384836926907 16.2074664617137 -0.152340305437078 -0.718796599659606 -0.678324317459673 -0.339419561868415 0.682641629861468 -0.647143543737499 0.649941184719228 -0.0555545797928815 0.20698850888985 -0.316682036136838 -0.270501618555937 0.0321793034649465
5.65806542208828 17.726339629823 15.7530373325121 -0.828347082340286 -0.502135091713265 -0.248397787527275 -0.192945310867446 0.671984928117085 -0.714988365917759 0.232367605530918 -0.128055942523274 -0.0996769843376429 -0.420336706936323 -0.0675395515031942 0.0987761834813291
5.56050937579812 17.9267302067115 15.2597534271016 -0.899647414628845 -0.40195129416042 0.170498347424252 -0.429343974423878 0.743443184777224 -0.512792338704674 -0.152368665056248 -0.627762110268768 0.131834574867405 0.268987194412336 -0.158848430704912 0.0753667327260815
5.26602465861111 18.0118456288802 14.7830951987273 -0.758016174393429 -0.0400416210749335 0.651005489945847 -0.421268948528031 0.792051783991534 -0.441799099684355 -0.411432065906824 0.511816866439349 -0.290461566177669 0.37208621659483 0.43871824975514 0.0863584589697706
4.84094839777963 18.2268419582302 14.4657232728608 -0.31665802768569 0.170643665105647 0.933064002660869 -0.615051568125658 0.711924061572806 -0.338933177927219 0.374529808075342 -0.585509025086362 0.309634329412254 -0.576811469707332 0.442734466047696 0.445098738444535
4.27950489795126 18.4231148488428 14.3415376717347 0.282371222444352 0.448900488094178 0.847794105030285 -0.626752063822909 0.75539079067347 -0.191223962565985 0.0350051439784571 0.341353117820643 -0.205083994861282 0.21542597241266 0.429623410749975 -0.196191428353653
3.83214815921155 18.6468272660421 14.5562204320515 0.710799756811069 0.654246639276826 0.258311905866333 -0.694640609192897 0.710663603515716 0.111497384266094 0.0658100742635884 -0.726361660528229 0.432832327698555 -0.403218402479507 -0.663807857470357 0.0824597515437224
4.6363029628314 19.2800369004301 15.0901162401838 -0.817212375988663 -0.505193174564807 -0.277387434654303 0.44086440803707 -0.8579559400906 0.263723678476862 -0.133567900049888 -0.137001892830697 -0.278094486074745 -0.15736726970157 0.0587970799475653 0.198145642914954
4.67955087600055 18.9767145334903 15.4390037100169 -0.341349028825859 -0.464020747662356 -0.817413962603107 0.379058480058851 -0.863752899248554 0.332032525116443 -0.419465473916357 -0.115994451115485 0.180163613990916 -0.0188840338838812 -0.779819531368697 0.476683644861949
4.45231945791257 18.5738921090138 15.5921035687566 0.45233351796014 -0.297538400675102 -0.840752810672382 0.275192860641462 -0.850142167622961 0.448917792342105 -0.245154655336102 0.259182048991592 0.0738092421752867 0.0882487186677434 0.0347078049955444 -0.248614101739404
4.41263471152172 18.0293084633441 15.6077033980618 0.649001962234683 0.0109799653197404 -0.760707495281267 0.291103495449896 -0.927387444650133 0.234970811894051 -0.494258360614518 0.387017127264784 0.142240241955927 -0.291334623824598 0.259378446437338 0.301135012227929
4.54783433375493 17.4642666985131 15.6506663870483 0.797827680288565 0.363004610682353 -0.481350854563196 0.498307066914499 -0.846465201633695 0.187581261021189 -0.298914201931537 -0.0371428573818166 0.231403889094057 0.0258994446340548 -0.655701122842028 -0.242989444234329
4.78354465404345 17.089050631362 15.3184190622165 0.77321130748806 0.480520708561934 0.41381653255488 0.342803392447929 -0.865711013277982 0.364733156726124 -0.503343355525628 -0.17319306533826 0.160887057991327 0.253155100330432 0.342216746580519 -0.356910866783749
5.2772308284235 16.7457025344507 15.3372657322347 0.339122487657658 0.614963153777013 0.711910287790188 0.442771921123537 -0.772032540593755 0.455981120364575 0.301360786519196 0.541649449605693 -0.0353201943195188 -0.0835239942654946 0.205512133982753 0.217303965728259
5.64947492214428 16.5873364085266 15.4907034378735 -0.238028714406671 0.37640829340752 0.895354191240507 0.592630081331325 -0.674069979984949 0.440929981725352 -0.191335385867333 0.594574015458353 -0.0710660722394597 0.170072371992992 -0.201763759696509 -0.285935152535278
