t = 4793
b = 30 30 30
E = -0.943207139790619 -1.34343762958245 0.400230489791827
17.5314203189977 15.9294427019908 20.5188442200186 0.148775161224803 -0.884689912381486 0.441802795750508 -0.942147674162566 -0.262521495188853 -0.208423186411379 0.57540808835335 -0.624186825220801 -0.006496937346423 0.334412861944824 0.208499333475522 0.113697781752065
17.0943817313852 15.654124108301 20.2429065673007 0.19809731399634 -0.400057163210985 0.894824966320797 -0.898306975135275 -0.439361616354927 0.00243895413949134 -0.328884904391919 0.983774974278301 0.0841753131947447 -0.744168304441023 -0.470174625940613 -0.00566926716046191
16.7533365576398 15.1664403282902 20.3030835236672 0.313223264920333 0.049417082937441 0.948392923964852 -0.694642751831456 -0.669049935366799 0.264279456851464 0.400894669882277 0.197413075049747 -0.19200534259687 -0.409887351037368 0.0640596855874837 -0.479717399217399
16.6667878688693 14.7114264665164 20.4146316693509 -0.0890332818220809 0.531971093338625 0.842068780195599 -0.594751435498276 -0.706552898479193 0.383475855333023 -0.0186354592503843 0.000229644548814391 0.734970425776483 0.527632203096476 0.48476507668147 0.0768324029818219
16.608930339721 14.4537786727939 20.8143333457994 -0.552354945359184 0.755043507421553 0.353289281238215 -0.474723555243506 -0.633280544316272 0.611222789404527 0.0883219643769839 -0.406702699757388 -0.00150540288861838 -0.559781665823429 0.372048262743435 -0.125280599018761
16.5095764752492 14.2258848417198 21.271193379319 -0.780950254685378 0.591967932063372 -0.199225166872723 -0.533371135568294 -0.466080644308222 0.705892388926121 -0.112955911609954 -0.485669172148995 0.357109796358282 0.157754740878243 0.0927596800319015 0.00244534192135643
16.2963425136667 14.3269079236696 21.7453382894106 -0.814075963955261 0.0933189315478252 -0.573211917117119 -0.569095119853035 -0.324996407179347 0.755319852698163 -0.448046109786875 0.0776643390226658 -0.100149455883657 -0.0373173721595862 0.297216644111252 0.548055081815862
15.7834020374223 14.276334929906 22.1250612548624 -0.387347857447096 -0.314129241326022 -0.866766668184166 -0.687741021850343 -0.527666978895977 0.498577823661504 0.189995054796325 0.311414350158409 0.229611792262555 0.307760470806386 -0.230351074712921 -0.682617033359751
15.2053626356166 14.1486303977981 21.1677068163521 0.454678959628292 0.26273991308586 0.851019848031153 0.627802532000838 0.583219128297331 -0.515479804843449 -0.133760847868681 -0.859335963495604 -0.108822196620033 0.530679458165665 -0.00173140452807368 0.0742795800634278
15.3709309461972 14.5615994752499 21.0334606194454 0.748196194931743 -0.268744142599888 0.606612759268965 0.612318929379007 0.631745710192313 -0.475355536811924 -0.308841701668793 -0.396276841302074 0.374500533091967 -0.168652586845802 -0.25137825287101 -0.0854995391307212
15.6054067652478 15.0135731642841 21.062604415806 0.724934424306302 -0.633123287648654 0.271339239868921 0.688416256283091 0.679381051060203 -0.254016624545522 0.232432415682711 -0.46562297856242 -0.0559303982617142 0.199185943675506 -0.401103583682225 0.355315212430088
15.933928995889 15.3226413127169 21.2276172907667 0.602259554166428 -0.678154966022667 -0.421176057574555 0.682860959202812 0.710916117432681 -0.168223614189759 -0.286766133087845 0.0768461579227327 -0.365153917674056 0.273702846756137 -0.59043747431092 -0.283744835053333
16.3929958457084 15.4323832168492 21.3628591577545 0.364923199184416 -0.660020993877915 -0.656660754375821 0.836692931459874 0.541849378709961 -0.0796504189361362 0.531578783210665 0.105791885223118 -0.252297849526266 -0.641087945865148 0.225120342060812 0.260899729011103
16.9470731499661 15.3855213234339 21.4369726746547 -0.0511904969026571 -0.230378389299452 -0.971753739777035 0.878835170988259 0.451791873942407 -0.153404187927343 -0.0122176611954328 -0.409640910797507 0.463312994731368 -0.510728299117994 0.333439441885593 0.504272659713026
17.4200881420973 15.2194032355278 21.2972126463062 -0.274225546121524 0.257459259226904 -0.92656088828133 0.946285804897902 0.243867788532932 -0.212300911832202 -0.422589893286608 0.0776367213203052 -0.253846639756562 0.351894620334523 0.0732356281935295 0.405118698376198
17.7033249166792 14.9139731696453 21.1003104561467 -0.0859640302925853 0.862166641540596 -0.499278346927305 0.994578702272777 0.04483216979028 -0.0938258042187667 0.228304718305475 -0.0994361970868007 0.168669779000764 -0.130299004655157 0.384533719620251 -0.581426941221385
