t = 776896
b = 30 30 30
E = -0.0497791006364011 -0.407272907391213 0.357493806754812
-25.6178403970223 22.0341954452071 62.3142146629842 0.159338227693209 -0.751498700967544 0.640203898488315 -0.416124207323411 0.536939620665532 0.7338504533207 0.575547861313146 0.545182987235398 -0.934521335472705 -0.403962474732833 0.0963190330837207 0.229344787994921
-24.8780285364431 22.0561588635105 61.5257117280249 -0.0869446864350297 -0.747800920464347 0.658205442740641 -0.8218517514507 -0.319569120518128 -0.471630444149543 -0.0457290101331816 -0.184458133471806 0.562553202571773 0.207655674708011 -0.383964265141602 -0.479842990627929
-25.2710098713338 21.8410653224252 60.6991214806416 0.237156963018075 -0.333308645149972 -0.91250310791817 0.954836088067504 0.253056463212313 0.15572562843168 0.402463138274431 0.0155851140632366 0.1378331828601 -0.302292724014369 0.502257815969015 0.0902892185586214
-25.9544068566093 23.1198373645818 60.5512701651493 -0.575791006846902 0.812113019679026 -0.0945365522011185 0.687407479490599 0.418257765539408 -0.593743546243963 0.156053119672964 0.0618468344703512 -0.208275868138023 -0.31157015217821 -0.181254718837116 -0.502287355792217
-26.137177649723 22.7704779457644 59.9754597626281 0.431935804555673 0.684216153577712 -0.587605067988806 0.734204345361076 -0.645140361012791 -0.211513342002767 0.121432472210404 -0.104369699503466 0.415650892378496 -0.0341835081533639 0.0309953261373247 0.449706968139299
-26.1954732040673 21.6518337595251 60.0770013544372 0.305384212527447 -0.916525878756833 0.258303690078236 -0.799287988273062 -0.394164714259394 -0.453621967981232 0.0427375012803266 -0.018408890586844 0.112507581448539 -0.591391972896528 -0.236409547886264 0.206270046055175
-26.4493077611488 21.4279138315606 59.6842482867805 0.0213835432422807 -0.653167379102243 0.756911566139089 -0.735289607672808 -0.523252800657266 -0.430761766470376 -0.188410557416438 0.281492409971973 0.291033955644382 0.191299558694449 -0.46086625252534 -0.209644134976235
-27.0390970678216 21.4982451440556 58.6195785221126 0.122401991852607 0.481794767319368 -0.867693237598524 0.883196896494069 0.345945195375929 0.316678328623142 -0.0401137225642647 -0.104096137279713 0.0431806873298302 0.0647090511986805 0.108700820402813 0.445475045133546
-21.2024074323474 23.393494823139 64.4799182541075 -0.353179686808884 0.934973927697862 -0.0329827735466273 -0.915595744039266 -0.338186378305 0.217518750975906 0.277798567166338 0.302521973950058 0.251169624160112 0.0944925797908171 -0.0497550966649911 -0.111269643363382
-21.2404247478149 23.2874384817566 62.9179619560046 -0.841591054809709 0.131412750653597 -0.523884706237884 -0.191532245318842 0.834303751344909 0.516964843577348 0.278087801512484 0.471017692979631 0.114904169301291 1.12478235496955 0.0599340809286104 -0.0157321224857688
-21.3284425319252 23.7953604986687 62.867107093783 -0.918445326441031 -0.318975305337533 0.233907966780697 -0.240648220024251 0.919922101636006 0.309567054320609 0.432920126048429 0.339576167608527 -0.334916083900904 0.629437682442893 0.451975607351066 0.241520342732614
-21.7326539392995 24.1432478669002 62.8779770257321 0.103313570016003 -0.44674847335723 0.888674354194764 -0.182488384110861 0.86977556869126 0.458463138946242 -0.630027005227711 -0.134186124444759 0.393989394025853 -0.272060234846735 0.289657660421076 0.291400915157868
-21.9174841266291 24.3749721428094 63.246543428812 0.787054086995113 -0.235115578169732 0.570321426080218 -0.164082434504154 0.811427045804504 0.560948396935176 -0.119553675807389 -0.144833620101826 0.821972900355707 0.22709970570941 -0.132593948706067 0.190342754007137
-21.9797660475495 24.5985349533507 63.7321960220355 0.957340810056355 0.263959344815786 -0.117575667912559 -0.195830528449623 0.891859626857848 0.40772148595349 -0.188423605882052 -0.338721500050237 0.0752349623788839 -0.359223935690687 0.0853436548153206 -0.0381551360477666
-21.9341818077004 24.920078463565 64.0654182241006 0.430157067696788 0.461977983766521 -0.775590897074961 -0.363224965376178 0.875098241263315 0.319797893466017 0.835011932314411 -0.0282763990444642 -0.165429071645878 -0.0947464351548996 -0.071972221700405 -0.113623512329163
-22.1808942324715 25.2808913450817 64.5813053299872 -0.408784410921968 0.52823877323198 0.744217108001136 -0.866893445233768 0.0301661824485958 -0.497579899159176 -0.0349562438696733 0.305763083193008 0.155478889011206 -0.0714985936651298 -0.755699979473215 -0.290981633969961
