t = 2211
b = 30 30 30
E = -1.01067673850283 -1.3225277721029 0.311851033600074
-1.74317501521458 20.2713360992354 20.3056617234591 0.753288711340093 0.520602796723456 0.401906513273046 0.300860845623182 -0.816167441276067 0.49330868568451 -0.794170189498193 -0.28843393794915 -0.64131187143549 -0.233806199742226 -0.102891390592727 0.339297670965588
-1.38848886361084 19.9479547366236 20.2934409453314 0.22958485170944 0.56838351595355 0.790082891004376 0.306223657713243 -0.812724074208888 0.495688057812599 -0.233547805576414 0.13988545909644 0.524343264281106 0.0914338476899064 0.355076996494277 -0.0732704215511915
-0.989104600899687 19.5796690582451 20.548730082356 -0.286024994865963 0.708667376183252 0.644965310885378 0.231438138325215 -0.60206625147548 0.764167924583873 0.113704239383639 0.0659131055206828 0.188129148973711 0.295180703636525 0.0755229036030563 0.0993898025061657
-0.642390532246051 19.589401456781 20.8852595574004 -0.620629021146986 0.295239253091575 0.726397550618159 0.589391370000342 -0.435339437752382 0.680512591291709 0.218872369015451 0.102126243891829 -0.179545060433335 -0.0099217840765937 0.313318563738946 -0.27793076339863
-0.359036218942872 19.644836231658 21.3132187184781 -0.901375075172662 -0.114563620529754 0.417610046225653 0.433036926238572 -0.235318953679183 0.870117239544869 0.267389986868328 0.0733144386735941 -0.127580832072206 -0.219377529919536 0.00780796159416011 0.503775639271862
-0.308688398853871 19.7226558890306 21.8637510982884 -0.609056617991158 -0.792289748221393 -0.0364278869062305 0.251544264891695 -0.236519911922064 0.938500833278523 -0.31677439708755 -0.0781066489891486 -0.176311983795134 -0.315703172049365 -0.147427729963773 0.00277238918525197
-0.408870259430294 19.7883967471112 22.3796049099029 -0.110886048642249 -0.964204030060445 -0.240862767217559 0.160938573039116 -0.256579734501748 0.953029703393941 -0.542316272861403 -0.150624467902188 -0.281408521589629 0.416720864480087 -0.641195111437175 -0.0469269799260427
-0.655492257417524 19.6890487703077 22.8091556857613 0.460665216392003 -0.845740554348886 -0.26927768778001 -0.0770018298276853 -0.340323857781729 0.937150142734744 -0.383508732249154 -0.148076944470886 1.13403098478 -0.463157817745306 -0.0270815280714793 -0.0276467494069716
-0.387915464189376 18.5393707732918 22.2856776336613 -0.312867416200704 0.775575519204489 0.548266900232525 -0.366476443876803 0.433970584411657 -0.823021596283364 0.476626048671878 0.188702016008448 -0.108091197279257 -0.0592131186973911 0.0161443925092307 0.276989220108549
-0.831713672381145 18.6929470289048 22.0877918583459 0.409145736211679 0.87400225777984 0.26214465460036 -0.476123359725532 0.449570574933371 -0.755773011212856 0.259490683702162 -0.288132980311506 -0.204057073440641 0.0692955668317849 -0.598632954234074 -0.0276692365933509
-1.18500946084389 19.0489880985965 22.0037417177977 0.765787583665046 0.593394270350668 -0.247896382828483 -0.590649484261027 0.496513353332187 -0.636087790092699 0.153545855457269 -0.0332884111060775 0.757936436863331 -0.249339835538289 -0.147159029658074 0.498872681570639
-1.47549887015827 19.5284733159709 21.8651671722024 0.880562396718682 0.0326239526599915 -0.472806031262175 -0.403432553377099 0.575116197738613 -0.711676565564942 0.35572377442783 -0.155048763129289 -0.036482372446687 -0.214864790692888 -0.169204213168476 -0.0858150209741178
-1.47629784118252 19.9479769263551 21.6601922801059 0.683758102425148 -0.328762153929992 -0.651452456831094 -0.212399474806314 0.764432603214171 -0.608711145162632 0.139008355741203 0.178172386645771 0.298742384858063 -0.216629052721779 -0.0222639147713525 -0.24986578707349
-1.23234365715836 20.3110650545515 21.4137811201591 0.1568359207747 -0.625767041377771 -0.764079906737549 -0.0100333589000814 0.772604672176899 -0.634808122379988 -0.338798628385356 0.81011242037819 -0.0538021812261444 -0.385113098148924 -0.156163404736586 -0.310951235859972
-0.993208155440477 20.6435482028911 21.1212871908421 -0.400810977953839 -0.616393506002926 -0.677797614121724 0.0496405945949294 0.724125700347807 -0.6878791910387 0.0424961564935594 0.624432669246915 0.214935154850899 -0.02412663619922 -0.0505104457731024 0.0243216800342609
-0.795637020807785 20.928081644044 20.7042762668588 -0.821097309311234 -0.515073544494705 -0.245964331567637 -0.265816127579833 0.726400326191812 -0.633785730690498 -0.452631832380708 -0.297740981509225 0.296709919132923 -0.340406574601147 0.0757785957459513 0.37431984786261
