t = 914950
b = 30 30 30
E = -0.894776323608718 -1.30103930209269 0.406262978483968
-7.01415875407185 27.8619374380241 104.531933667055 -0.478351503693295 -0.49122697138446 0.727925752737724 -0.756714985670242 0.651181888368974 -0.0578323328449159 1.09237903765169 0.456636824161022 -0.251742834789982 -0.123266998249445 -0.305032370591571 0.134538841387599
-7.51675614054858 27.8729635026145 104.41157198524 -0.060858350821169 0.18980535546006 0.979933767238386 -0.73270632670216 0.658191178858793 -0.172990782653639 1.00975192940846 0.353254882089608 -0.0243853586286866 -0.230685124693324 0.278240278384211 0.297786795730593
-8.0628915512725 27.908328346058 104.425133508888 0.327026331099968 0.611047683518343 0.72088453113807 -0.786891631736567 0.598498074738755 -0.150338333225314 0.279480488967375 0.37341805476149 0.0723400775771992 0.143763778843571 0.0129762941228023 -0.272372528978045
-8.58264231677439 28.1639358822643 104.626879176827 0.651528378948612 0.700998032475182 0.290021602454859 -0.676175341383465 0.709933112989507 -0.196931162556786 0.154926063309781 -0.18526526510417 0.463268545449887 -0.0943012969166716 0.239932383808267 0.225235283981198
-8.81840994742824 28.4534057980109 104.913323161916 0.577588824094132 0.659703827624235 -0.480813903812588 -0.705214661559589 0.699905876460502 0.113154961081897 -0.0660848048215288 0.600200315629153 0.279981676035488 0.604170273348356 -0.81687456342234 0.071185778144112
-8.86107511631397 28.8339698890911 105.148965802453 0.167707538631007 0.469395383311013 -0.866915310519219 -0.599236955358799 0.746805877533377 0.288437259406531 0.131976702264444 0.325415611740868 -0.0336966364284227 0.0137497424367042 0.0795117110817294 0.221673768199855
-9.13759434676206 29.3029349438308 105.279944612383 0.235654555375013 0.141812804416382 -0.961434375833606 -0.590049499059647 0.806961183037529 -0.0255976118048297 -0.039870449309099 0.00317628680283843 0.345866231798423 -0.112518555314834 0.251374455220839 -0.0693260331560945
-9.18823214034393 29.7979182760801 105.209465580125 -0.36693981123298 -0.347004367669676 -0.863100888512171 -0.773736463109995 0.628921032463701 0.0760934989264371 0.994448202414752 -0.585341315998387 -0.173378529204449 0.464050062998298 0.164633534801496 -0.0469131623680777
-9.3976681179711 29.4770633044352 104.148563105432 0.156988403571134 0.298497484474627 0.941410586782672 0.784399292960675 -0.61686341600769 0.0647863812398086 0.428992762120574 -0.144551209818186 -0.644932375162765 0.521795749695008 -0.290957801718708 0.0842455713850191
-8.93273158161393 29.5692358786698 104.145220252656 -0.0759247240189228 -0.259137871847268 0.962851494082603 0.954330411476676 -0.298708957136246 -0.00514049193483476 -3.58835006124823e-05 0.831829888733514 -0.0383478108878242 0.120703058739107 -0.469778139244746 -0.0691167978106396
-8.43176578902777 29.4538856299667 104.289003250113 -0.535416404220946 -0.628633114076767 0.564047588397675 0.809273395019876 -0.572948181347229 0.129641635302462 -0.0860838078457297 0.206333552053654 -0.203114275957311 0.219107085105268 -0.0832511165573056 0.280962711806141
-8.03662939874597 29.234215461385 104.583746740481 -0.714505114542888 -0.633584170152732 0.296738168464943 0.698950576078195 -0.627735827683398 0.342659923017853 -0.472924589902569 0.0228062970684004 0.018674168839195 0.933797199848502 -0.46106842566929 0.302944419621585
-7.78916728012864 28.984284643633 104.983429776038 -0.62548112897248 -0.687650812598916 -0.368659351205691 0.609780616060934 -0.72559860590625 0.318864020208066 0.127517935236473 -0.00913694242186381 -0.201035674480932 0.0742456263689697 0.366048357962893 0.424833459796813
-7.8659631001385 28.5659989544399 105.323246236743 0.0543595863856019 -0.532291722984229 -0.844813918570499 0.669359424593413 -0.60839240334723 0.426399629757494 0.697138362144068 -0.49952947482166 0.0443380229776133 0.0118088122123123 -0.338284500144289 0.395429809012961
-7.65271687441063 28.0695381591446 105.534207768223 0.219102901363306 -0.165125959750899 -0.961627441388038 0.704773184585594 -0.654794639315193 0.273017835705137 0.136158434867408 0.104078579604467 -0.244317852989227 0.326100916645721 -0.189984856764524 -0.455810424180784
-7.52329221799024 27.5327999572735 105.571602238633 0.545274098713658 0.401500896440672 -0.73584861719604 0.720776969884508 -0.672739551201747 0.167039085045921 0.0494913990191304 0.0208367162582135 -0.0871583889452782 0.312327437411431 0.0724361600547055 0.621292804642419
