t = 32550
b = 30 30 30
E = -0.851700837689654 -1.2460655157222 0.394364678032547
1.65124361396651 18.6919637070758 22.1653086297751 0.33904501011182 0.905322637422612 -0.255811264975656 0.806593459612539 -0.419689193840516 -0.416254695449528 0.443754451315602 -0.780760663310098 0.542130348902191 -0.524986831371674 -0.243884924798916 -0.515826664140206
2.07059007579426 18.5729529472067 21.7797719954291 0.423724782665696 0.743785117909844 0.516953582955716 0.904558659177783 -0.317705370885466 -0.284318359268308 -0.460796394214647 -0.666713219149254 -0.307230099884021 -0.122301183005124 -0.0879296189220751 0.331558179225445
2.50877811796273 18.5557878673477 21.4934368661189 0.234409380929416 0.506919008665359 0.829509108320101 0.964852886976227 -0.0170492987206216 -0.26223696899325 -0.0997483984467133 0.127067802434019 -0.373709505625251 0.370611312645405 -0.0407601540639756 0.175477630825016
2.97198273898323 18.7868638226147 21.3802651843829 0.200494387801256 0.0323613220180511 0.979160224527854 0.930555365384342 -0.318849940522297 -0.180003964910049 -0.057830911128829 0.0153363954280245 0.06749456698655 0.0606108244942957 0.127635456924088 -0.229506155277791
3.50216621534939 18.8191360360274 21.3332058138402 -0.175585648869481 -0.353839603348074 0.918676882812219 0.965519934367483 -0.24408199180042 0.0905275517053177 -0.0645221168389915 1.05637492081925 -0.796251309853481 -0.31797707045385 -0.352297036494297 -0.478004922738037
3.91189950655712 18.9361310726793 21.5810856607295 -0.282885035088642 -0.855399458721579 0.433898401635359 0.955818032284369 -0.213711429480451 0.201839822803791 -0.0316571489297942 0.399465791011026 0.390667116827147 0.147028597133432 0.519255593915572 0.0990665516387764
4.29231432585547 18.8067937059992 21.9491585648793 -0.351210894472078 -0.918536914220646 -0.181496128934315 0.854277545917838 -0.393707218195369 0.339417885329358 0.10869325457516 -0.15540948497374 0.30876404704407 -0.115591853313634 0.720860093475591 0.335419322913907
4.59981338028746 18.4732024122152 22.242715695722 -0.223689760464023 -0.635400538498357 -0.739073099726641 0.952803801853831 -0.30224303646122 -0.0285317732290016 0.169468388732493 0.0349563843008943 -0.208585739955471 0.63362193161834 0.285079933317433 -0.0450048996203726
4.26859498607461 17.6417321476363 21.5216696574396 0.310546758264236 0.726726604852393 0.612722737240339 -0.937178343932699 0.341850178054561 0.0695356558006411 0.0994245856229913 0.028346425254927 -0.87017428546895 -0.264663314455459 -0.0610633221288766 -0.390036555312237
3.81462747060457 17.6865770529501 21.7994493290701 0.370616488837951 0.898684201694871 0.234542371066461 -0.928785090370393 0.358252737458247 0.0949380430034928 -0.432813458505824 -0.147575447948437 0.052896430770673 0.630586564501848 0.0108942550839857 -0.316478347259266
3.54370972573843 17.9524685407863 22.17578930721 0.275187501969876 0.811584121418062 -0.515366910677869 -0.935814154684439 0.348953837609276 0.049830584082599 0.371823259895157 0.0766467404375431 0.161610930097952 -0.141962300900228 -0.150605984345639 -0.532701124970669
3.22587083325516 18.3621287645563 22.4106751842762 0.193651731489826 0.415874774514611 -0.888564673399426 -0.836805294646009 0.542789352934541 0.0716701973857408 0.00990654683679085 -0.0741125911354605 -0.331758226858345 -0.00117825051385558 0.135321968461163 -0.216807822265541
3.07761955909077 18.8354194417363 22.5276426645516 -0.0210854828987725 -0.113024682432466 -0.993368422878423 -0.819551625372027 0.571026928800956 -0.0475749927400867 -0.124524649654142 -0.104172628219642 -0.541136812548747 0.205679668969338 -0.254596981860702 0.22035068822505
2.68065343184592 19.2541635148761 22.4986489610226 -0.0163243975744937 -0.615046730666568 -0.788321655886858 -0.933940572197277 0.290929004838192 -0.207642292772182 0.175778958382539 -0.313052420550686 -0.275761751191678 -0.112421158339426 0.0779392248566064 0.759189506040871
2.46210094553702 19.5791964141344 22.1503070609949 -0.365943944407352 -0.928311092268421 -0.0657536730761299 -0.92032941410715 0.371473036382094 -0.12248082613315 0.411531650714373 0.245305135344998 -0.418709901615545 0.0776611179028198 0.718234057964738 -0.0813081841086104
2.06813574523713 19.7590386055424 21.865889623745 -0.271903013628599 -0.765734023688603 0.582855175961702 -0.962171578616936 0.205519465049553 -0.178850783581024 -0.328374952260543 0.273697057046003 -0.00907734626320192 0.370988391466721 0.270024488000114 -0.691193850014862
