t = 3617
b = 30 30 30
E = -0.965085766276557 -1.35828216756463 0.393196401288077
17.2334171551851 16.9175577419651 19.94477609817 0.423833031371299 -0.770232008493111 0.476558721052591 -0.87367528174316 -0.486423228558292 -0.00916213893879008 0.0602061253150837 0.607672605025592 -0.672989036301117 -0.0832352308893959 0.52653422503027 0.668452260083799
16.8245828701303 16.5208041109939 19.8420506324328 0.307887258298224 -0.352050841782846 0.883892324311952 -0.933135867315203 -0.293007324225208 0.208336653232889 -0.106199418376132 -0.114856696419336 -0.464235206851193 -0.408938745909482 0.0426713348614679 -0.297393747713797
16.5230166842272 16.0855352083197 19.9246690667935 0.316260431362581 0.226605208410083 0.92121084398512 -0.872312615138338 -0.312227993758777 0.376277000870215 -0.548810148635671 0.304466388676 -0.250746760460534 -0.326748293956669 -0.285373584258192 0.115783376790214
16.3631022596298 15.6604832247598 20.2229154228926 -0.0786308335955508 0.820151680311053 0.56671722515821 -0.86602102998935 -0.337774527388733 0.368667796618449 -0.0588797647380105 0.490800164004507 -0.0100528794564278 -0.576998777860752 0.0200965700040149 0.181891960424994
16.070698006411 15.4725674019423 20.647419072209 -0.19454794143068 0.979366397847104 -0.0547042708851435 -0.909329996329546 -0.159162420252666 0.384429813821228 0.839519043723627 -0.0700292396204397 -0.8361846315032 -0.00831317820387697 0.216480785459422 0.202855278962985
15.7370041872651 15.5122839175033 21.0734481363761 -0.290565905453529 0.645329880158378 -0.706484819626538 -0.946459987887906 -0.08529984148423 0.311347761144985 0.244763791619748 -0.30731280041135 0.379433319733556 -0.408777940600166 0.455911270459061 0.032696746138003
15.4524371774316 15.7550106712151 21.3056939421722 -0.454849790655869 -0.0321646393408399 -0.889987136938725 -0.89021811142729 0.0444386628026067 0.453361797392709 0.102772822354252 0.513367764518716 -0.229913764830077 0.534827401316532 -0.0168465515455905 0.0223120837166035
15.0086412360468 16.0546958430848 21.4007348859464 -0.199795446602449 -0.504037069991373 -0.840254968203963 -0.977643341425085 0.0451877838598404 0.205357155115249 -0.519856138574326 0.517600320359293 0.0892407639004571 -0.762355305523939 0.0522161630167107 -0.0457602696689188
14.6626592785295 15.5603884819608 20.4140179697254 0.276085059572925 0.678857643512025 0.680389109058864 0.915361052975875 0.0301412190675309 -0.401504233611578 0.138054066756808 -0.299432645050778 -0.027461194853689 -0.1622573383734 -0.389810080592025 -0.0457166196201917
15.0020235893943 15.9237240461928 20.2051243270069 0.337757060706882 -0.116540888901845 0.933990572306067 0.924941011717347 0.224925815462867 -0.306418834900297 -0.729342433844309 0.52139901702399 -0.038874623803666 -0.0630900443778968 -0.277907705560117 -0.982838983439333
15.3862962496351 16.2852898865379 20.2306328988939 0.253081246694024 -0.674890142347131 0.693161725959004 0.961342003842979 0.255787857757933 -0.101951574145589 -0.160112380662723 0.175601714790121 0.716872108400217 -0.0158165665078346 -0.057317202996801 -0.0465592860002922
15.7941188269674 16.5942804570601 20.5871593214713 0.322854517643366 -0.945370771588185 0.0451560036321917 0.938424936263137 0.325952302587095 0.114515219240505 -0.348100807073277 0.020671439824341 -0.087808439742928 -0.019445545907529 -0.00717912299847262 -0.286562869931314
16.254299831608 16.5561535044863 20.9432764296711 0.185215730292135 -0.712687881311913 -0.676587848755421 0.979916507285914 0.185709381012848 0.0726337700549677 -0.948894729783425 0.366520294467889 0.196752564124168 0.11731144319126 0.251428779744843 -0.107489970986583
16.829430511723 16.4956858114117 21.0158482627283 -0.237552098613774 -0.505567856850829 -0.829439655769755 0.946793287800894 0.070370167279946 -0.314054946995208 -0.333459300004752 0.150695589675156 -0.188153451950707 0.22367839891085 0.504436068819217 -0.220941782001627
17.3455298103545 16.290503299254 20.9158217740101 -0.433961994329374 -0.0183501868114764 -0.900744280093777 0.897645348669609 -0.0941177517451976 -0.430551596000115 -0.0239597039704363 -0.0238286797188235 0.200893510127365 0.217504250381081 -0.0567848999226264 -0.0623092108156615
17.6812871447895 16.0260049551926 20.5581226301781 -0.377107028558738 0.734371888220579 -0.564347604586872 0.874158238992542 0.0808993608931039 -0.478855580116334 -0.566161204231311 -0.0616643751303699 0.208197781042662 -0.335095151690677 0.0742653789646549 -0.381100453932828
