t = 381473
b = 30 30 30
E = -0.845219876699387 -1.21472140073536 0.36950152403597
17.405543947761 28.2456546887581 33.3434403511101 0.291833543211032 -0.656584277093031 0.695507203507709 -0.274391277613272 -0.75406789493209 -0.596733639576692 0.27420843390058 -0.284912031265384 -0.248875890736687 -0.210265104914166 0.199716991581174 0.201069076461747
17.6244762713997 27.8147090573121 33.1663894418845 -0.48885527483014 -0.56647416686447 0.663421086901793 -0.0787104636763813 -0.728742394900851 -0.680249354856007 -0.162420417878783 -0.301535326769093 0.0501914167273216 -0.00935937164816306 -0.510052381487728 -0.118002893263343
17.7065740357957 27.2418460963177 32.9966076332812 -0.902036205762533 0.0210505545572769 0.431146793617124 -0.369101191496741 -0.555504422509162 -0.74510344718599 0.441038426229322 -0.559363402934935 -0.123468404913566 0.383169154516222 -0.756374083667687 -0.713812669867257
17.5182493078711 26.7256439210559 32.8850352668146 -0.872740447341156 0.421860115510001 0.245678966369995 -0.481678762271626 -0.662235307716491 -0.573959900332862 -0.0453531680685293 -0.0625879050290025 -0.182247364611688 0.437496832651778 -0.564768962218916 0.33876274914828
17.2273878591576 26.3686312377173 32.9432206731091 -0.581711228661733 0.705935407086753 -0.404063420108929 -0.637572199294224 -0.704199542949566 -0.312417500144824 0.264541332612018 -0.00452439959743586 0.754511796499319 0.0916711890776984 -0.0444500358083467 -0.0598539629172741
16.8080763180125 26.1028720462205 32.8238572145506 -0.242655532011232 0.8381465909693 -0.48849624853308 -0.722296558878991 -0.492243246202006 -0.485782119473397 -0.668396270490586 0.178346024111994 0.184683250246201 0.216181937758278 -0.475810429617168 -0.408432411287816
16.3490033116862 25.9920260250411 32.7163093670527 0.148928708882964 0.598038084366253 -0.787509167767597 -0.865785909960048 -0.305897690579943 -0.396032020185869 -0.176433151427586 0.316220714152611 0.0618073771848489 0.407158159975709 -0.259186554602938 0.345306521103125
15.8663096590106 26.1404276013257 32.474567873956 0.472158321339011 0.164751190987673 -0.865981272695022 -0.867156628169277 -0.0897714969075765 -0.48987800579848 -0.131530430945165 0.309916399713802 0.790777238992372 0.509209565787422 0.21387836629956 -0.328709697881101
16.6070897148668 26.2378812413596 31.6243972758821 -0.835401072266518 0.16475337155873 0.524367595314585 0.435410305544293 0.780602343396473 0.448417046185556 -0.451573208857578 -0.618533787792552 -0.513445499387098 -0.0571842892057379 0.312636873494108 0.0309834418638548
16.6085018029313 26.725604857048 31.718631031133 -0.404990251128283 -0.433766771794081 0.804878428197967 0.659954809443351 0.470579251470278 0.585674668718279 0.462163191134282 -0.251230556946283 0.602679558102369 0.498843021584448 -0.0757085280804919 -0.518205363224371
16.5287801086262 27.0403818729384 32.135748358336 0.193975621995503 -0.78158773493425 0.592869353797118 0.532034930475734 0.59156512984678 0.60579660770181 0.254286463032001 0.0317637144088655 0.24160422480291 -0.0885568488307847 0.213045619263195 0.365501522904626
16.4641157086104 27.2010207779743 32.6565980753084 0.663510861110312 -0.721369731601498 0.198441546854129 0.445091522330632 0.593786676098377 0.670306586598617 0.361938515641942 0.289875391044641 -0.667348093895399 0.377259740395484 0.31985956570346 -0.0434872993655483
16.467454564201 27.3276133661419 33.196207025385 0.831928992046581 -0.524367084069178 -0.18147537942408 0.473469052413163 0.500285967656116 0.724942071460452 0.358418888203168 -0.172542991550733 0.262225150339225 0.414916912017082 0.108485049504887 -0.51577405114796
16.6771562549431 27.314584509518 33.7275984262972 0.750278171157082 -0.236912929682425 -0.617215464513374 0.651427758302577 0.424211511852315 0.629036142781021 0.444160073278373 0.46104120881365 0.386916941865983 0.146649610233866 0.0395183316121245 -0.402781068854401
17.0233458633732 27.1850261102434 33.9798497049315 0.414454170341346 0.649944651363315 -0.637024089694314 0.555316283887378 0.373945730450325 0.742824619629323 0.118863679955041 0.315311080923218 -0.168244365934429 -0.197026556933313 0.155782249700115 -0.0749895389085919
17.4455827064393 27.459366308507 34.2634248213226 0.0206928437544845 0.683229588534588 -0.729910361324076 0.730912245926575 0.487789213722635 0.477314332207198 -0.0777038147898991 0.321852002875057 -0.582580916402159 0.107308054154008 -0.0300297110285227 0.0181249815594167
