t = 42129
b = 30 30 30
E = -0.934218250104738 -1.2977794690614 0.363561218956657
6.66424255184816 22.2884465607085 12.5352119174499 -0.745253654731079 -0.568666908554069 -0.348159356079279 0.661661083061584 -0.56612923380867 -0.491632283102908 -0.049228191435529 0.0189233977549699 0.0709830824351353 0.0218706103044227 -0.321728360466672 -0.470518491181649
6.95481337267844 21.8012749852205 12.4264812445056 -0.649062341363795 0.162624089532044 -0.743149703981117 0.557339758122868 -0.5632362755276 -0.610030566402499 0.213528813574434 0.155721478830057 0.340458987265354 -0.160573389529174 0.338486719465513 0.639446177960973
7.08997172392588 21.3542812602988 12.124904001671 -0.451488587071349 0.713934930697133 -0.535214882523625 0.470624175634134 -0.319073213171817 -0.822620915090844 -0.206999512151656 -0.179842153982979 0.279164969644887 0.230970870911603 0.568920664235815 -0.338941718669199
7.05482453754577 21.1016300779255 11.6815691385062 -0.00638006764775295 0.945648373596101 -0.325128356579126 0.50222820057869 -0.278123484695337 -0.818788227690411 -0.71088221497502 0.494569423181127 -0.100174392215976 -0.606604838132363 -0.649291515544483 -0.656269240148653
7.15161500832084 21.140305402235 11.1511047471598 0.449142489468901 0.876023391156043 0.175653187563354 0.448344665669263 -0.0509303975227239 -0.892408625784241 -0.47207408489496 -0.014012828631724 0.046086501535765 0.181844892992248 0.371772959728316 -0.687182688835589
7.22504022867358 21.1640064276527 10.5748721818809 0.613159391904247 0.6336828821903 0.471679515072058 0.611655496390117 -0.00297919206944428 -0.791118624575583 -0.125643613565781 -0.366221588830386 0.0676093437531897 -0.130601748435069 -0.0836815239819574 0.323971587168096
7.42118966112183 21.4543132538992 10.0786923731315 0.704592395291242 0.251230393903416 0.663651147574479 0.6780688444964 0.0373735515400104 -0.734047586855666 -0.417636217055758 -0.0550198910838548 -0.0987637245766598 0.099892457266084 -0.174435878312625 -0.241461471846111
7.65482704025857 21.7914844975436 9.7977162192617 0.733717028454866 -0.269078176853191 0.623904044622822 0.66788634559723 0.11689456370556 -0.735026183438963 0.0797543744693111 -0.221600954053915 0.345632018842799 -0.131636869869317 -0.195509636179069 -0.220793251169436
8.42911783970488 21.3695291419854 10.5982607808636 -0.447286104289212 0.6947946967042 -0.563201092276555 -0.69655391387002 0.124384829265055 0.706640686148968 0.06647304694319 -0.0684036493917728 -0.386474693700193 0.255934847153342 -0.604098861547832 0.411810482946069
8.23686982349941 21.7497377770304 10.8962215311494 -0.710918116284559 -0.123802033692506 -0.692292198708032 -0.701331759053181 0.0516783257363116 0.710959291656297 -0.210245797292514 -0.325715976408175 0.310275034513541 0.199441076712472 0.408017460688284 -0.346478923740762
7.95624150290575 22.009422857529 11.0384645825396 -0.566815136977357 -0.753890517189201 -0.332219338066804 -0.61533112209627 0.119269108416021 0.779193486855111 0.19781772014087 0.185608041331207 0.304395483962498 0.21549892653337 0.103113929805662 -0.346762758540834
7.50412190939049 22.2058776931343 11.1883541768371 -0.294945797463097 -0.955483591912982 0.00762116421046496 -0.711732337676517 0.225010532635295 0.665437705355418 0.924254964180664 -0.101571122954359 -0.279316893877886 -0.133331425346232 -0.0505739564204128 -0.016079252101025
6.97616275274749 22.2210539571818 11.3222658254127 0.146025649008997 -0.924555323185635 0.351957332926295 -0.873814007129271 0.0462573550326096 0.484055098155214 -0.203518418652898 -0.00831888014782823 0.448363650757267 -0.467888335484074 0.226066468934347 -0.419392904653193
6.47529933457239 22.0962994509117 11.3777820360411 0.538147043733344 -0.502228544883652 0.676878311090768 -0.75521929675474 0.0692387249311832 0.651805042001962 0.481404334953757 -0.462966839151704 0.0125754063890715 0.174060377550829 0.641661893440781 0.43243469399897
6.06558565509578 21.9907956120702 11.6322852452622 0.764692420778329 -0.292568419184527 0.574150870155256 -0.633928088949528 -0.18160493155951 0.751767801168712 -0.214087046231868 0.311667311631676 -0.158692599904057 -0.508469377729232 -0.909345532614116 0.0326351931784647
5.78116054303969 21.6745718641087 11.9456861166231 0.801018486229255 0.309859637485915 0.512207369896305 -0.450762434002318 -0.250842509961369 0.85667453755121 0.0993227894184165 0.37000321066428 0.338517852144711 0.0951568287055896 -0.202109808457413 -0.505440586870658
