t = 273678
b = 30 30 30
E = -0.776566769731594 -1.21233124722356 0.435764477491966
8.0567613455305 0.483179335786211 47.8377557323955 -0.418680881172084 -0.832151020620783 0.363635804921294 0.269087912532572 -0.496118062757556 -0.825505035196365 0.280999134235164 -0.278920520344119 -0.819879125017358 -0.41690440568612 0.253630312064152 0.428466700159117
8.52089462860566 0.191882841836391 47.6537515617842 -0.76594888102662 -0.642350441709945 -0.0266124348583812 0.506759765485695 -0.577760219430792 -0.639834094846587 -0.275034329207843 -0.35717569547359 0.0547908319233754 -0.504238392772449 0.154807634102737 -0.444927255983625
8.76014373584872 -0.294927718846596 47.535230113965 -0.898377590433191 -0.164894079140593 -0.407096607295901 0.429804505074882 -0.520959070750097 -0.737475242988214 -0.104324391510273 0.0366767161565591 -0.359551862654741 0.532480594707931 -0.443463389261386 0.00577327502866573
8.89300844438549 -0.745662629529866 47.310622907282 -0.777588779644058 0.347170644994065 -0.524240625119854 0.22544224226357 -0.624382082718953 -0.747878874004824 0.119366755772632 -0.492254539833061 0.0505148071608708 -0.345282109516678 0.893272259820812 -0.376320851393484
8.6916633584162 -1.20046751551261 46.9182275800777 -0.290017219839648 0.83063189337243 -0.475332167972064 0.152254045482677 -0.450307039930259 -0.879796723921725 -0.0207538556733587 -0.0508690628934645 0.483459299030057 0.165614053439297 0.169840102479792 -0.0313653986361234
8.56548883561897 -1.44697274573117 46.5064610845463 0.00202774449314559 0.908632512517908 -0.41759172099991 -0.0322707952480091 -0.417315622280641 -0.908188453557181 -0.472022850085542 0.0952571483995212 -0.200780317118098 -0.281382629472552 -0.41023618153142 -0.0579919760588393
8.29823662512056 -1.53131914369342 46.0325339576695 0.462819397178712 0.828311509621272 -0.315750294733138 -0.10055359968238 -0.304840346741173 -0.947080427730208 -0.293758598237462 -0.453954269418995 0.345093291840291 0.212333037549807 0.135836135266443 0.131901405228948
8.08825495535146 -1.50263329527519 45.5548779730087 0.902858736145688 0.423604089363458 -0.0735233163012944 -0.0309872769999095 -0.106450608635859 -0.993835024833186 -0.253275231223916 0.473596338991046 -0.350528984323092 -0.438207921354008 0.696571885020772 0.138043094833216
9.22922094845468 -0.968260098194897 45.4150486888764 -0.940565590669032 -0.302572206486469 0.154228497727634 0.0562262122201749 0.309127729102375 0.949356971933841 -0.371532608365513 0.1452403971889 0.149875826495864 0.497675199523831 -0.163827834238573 0.111119392379149
8.91882162035489 -0.509796897874975 45.7455638163841 -0.553047339676445 -0.797453838203206 0.241259229899709 0.0355877409555233 0.266699430200501 0.963122487861451 -0.323661582298386 0.012735218541137 0.0186900778599907 0.0530843120667981 0.176064260922289 0.0778908496003232
8.76778460251715 -0.370466167389708 46.0714191281725 -0.206007703590589 -0.905053211922738 0.372074602263672 -0.448539093342115 0.425269578200301 0.786103344097441 -0.71866107249378 0.537660793943559 -0.163089055286217 -0.0517387437860918 0.24616156909185 -0.234920662481934
8.31870884715491 -0.250817068475284 46.3125896807087 0.363890303939403 -0.757061556869531 0.542624774415224 -0.374110239442378 0.414716687272988 0.829488757031513 0.0225022011239418 0.284599672672425 0.21761606415504 0.86970467317564 -0.0328144140568753 -0.0238287028168407
7.96163502294234 -0.241406405766593 46.7173653059991 0.717926917302055 -0.502581295631941 0.48165649865241 -0.440792134411346 0.207316159168262 0.873339741674927 -0.757714523382445 0.813619258473014 -0.615972629875531 -0.449449721669932 -0.240508681859776 -0.103317141864189
7.68204481992705 -0.439955920759039 47.0937686755174 0.947927262316907 0.119683358087826 0.29514369238255 -0.3033730640824 0.0572270742386736 0.951151852210442 -0.230020987147591 -0.245013457278667 -0.381312795166165 0.540395069452361 -0.243812635171239 0.757590369655055
7.64899893052552 -0.707848844865262 47.5982786875058 0.57793264496249 0.815669480538926 0.026022229036177 -0.412233241692521 0.264266361793595 0.871909997917238 -0.0852858351892345 0.277746046688014 -0.0305265555429989 0.0756261461944079 0.678073247883768 -0.511758767748508
7.34826549076308 -0.470133961087577 48.0478871356791 0.76051141318588 0.61958782947094 -0.194250642175232 -0.303187098702859 0.60338497958878 0.737566369614823 0.492048230206755 0.305164940662024 -0.154336346989344 -0.307381421732367 -0.854435537224192 0.370745160200962
