t = 326730
b = 30 30 30
E = -0.936956384916527 -1.31309568037722 0.376139295460692
14.0893393092686 13.1213644882184 18.3180470308222 -0.702457171723746 -0.0268065020091142 0.711221015819899 0.00875957985786046 0.998889145504067 0.0463005913011945 0.191048464116316 -0.419101386891558 0.569988161803922 0.208316301943264 0.704249328625245 -0.264532312266337
13.8876524476164 13.6966357194624 18.2884074328891 -0.294626432214638 -0.307969358496568 0.904627072150549 -0.194874906336341 0.946116601748573 0.258625495216751 -0.310356982963639 0.510526850935039 -0.0482360090152163 0.311801547509486 0.135744763859548 0.430076570334924
13.4919342949109 14.1025157118921 18.3966671811695 0.115248137125879 -0.316540456303391 0.941551913816905 -0.385328664007496 0.859399509285172 0.336086750906061 -0.93552325235028 -0.11759993676554 0.301540960785618 -0.341803024815876 -0.151452898923019 0.214191649258699
12.9878163142044 14.2686035713422 18.6173508472727 0.571283286731328 0.00313919941791496 0.8207469474378 -0.487136447428498 0.806107386832349 0.335989527338409 -0.305845294218233 0.409296752314137 -0.145349667530753 -0.337801286540264 -0.17087379218924 0.470607075981909
12.5462863232279 14.3801774003866 18.9033479555274 0.783005181431198 0.119912053876761 0.610347429901149 -0.521966715656356 0.660359489137112 0.539885258970373 0.272526546399266 -0.239147572128317 -0.659804746715077 0.322391583702653 0.331331798518883 0.391869438426762
12.3763706256367 14.4980058280839 19.4535653695542 0.838079951983045 0.499668734032254 -0.218982077610833 -0.340249951186699 0.792504651418064 0.506128786178182 0.290551485595557 0.443538875053189 -0.50548375910878 -0.32306217409323 0.0889769633012753 -0.156969071464169
12.4514112249252 14.7608384508036 19.8436107870669 0.346033077635351 0.593419425046842 -0.726714865101345 -0.36256997674969 0.79897054332901 0.479780244333023 -0.593383913339576 -0.195549929840107 -0.353473470395002 -0.265444925423491 0.175888805367949 -0.0862136191974781
12.5974776861282 15.1432136684751 20.1327835946255 -0.178848790748594 0.420734323502264 -0.889379412329098 -0.177878491363582 0.875230800237041 0.449811392281942 -0.159128711007198 -0.427070100475222 -0.298714083216182 0.0405855265497846 -0.126224494472191 0.285427622344765
12.4763105103856 15.6559542215267 19.0591318347813 0.0532676053404952 -0.380674423164533 0.923173627098178 0.588654258868539 -0.734806156175456 -0.336965986952074 -0.276577549073462 -0.0291914634615904 0.176916930387746 -0.164764329618117 0.192721786034331 -0.388317310499138
12.9456483712978 15.506432975087 19.0456845378732 -0.539234806764361 -0.680617499686462 0.49596939653005 0.640470880522394 -0.713837203771259 -0.283255181267558 0.274276556637483 0.173888109827941 -0.481948671764966 -0.7365142448555 0.187888755562225 0.00922703322194497
13.3638078740665 15.1443303917185 19.1755125717385 -0.7841423127317 -0.586277644486396 0.203468319301218 0.566896971363071 -0.810107986175268 -0.149508777649932 -0.0647312913870827 0.0713621196847333 0.201209516902478 -0.333144151888611 -0.932860275587238 -0.205680151893182
13.5342406441327 14.7388442370556 19.4797189527915 -0.812885984058002 -0.337059775216208 -0.474981141576438 0.500598014703902 -0.821173525268038 -0.273999396118666 0.440788536193091 0.323527131928167 0.532896546037755 0.241439145822162 -0.0774684927320136 0.302927401519248
13.7158359208433 14.2141043743927 19.5365508241481 -0.647792219844591 0.0874438030991443 -0.756781884831009 0.337729978945154 -0.857474690167758 -0.388169572536831 0.207332311023334 -0.0185304306452747 -0.0887299393171254 0.214822686945443 0.55540904860987 -0.264117397166783
13.6100793629384 13.7501101994899 19.5570510711434 0.0312323569677276 0.288788514225379 -0.956883343950423 0.103775566916669 -0.953113264298064 -0.284263499468715 0.293713127688508 0.529634012201084 0.15264872703268 0.0919165647728198 0.195307394605837 0.00112020210137187
13.3417588492232 13.2851600702509 19.3823454588713 0.488729631914605 0.27605258500625 -0.827610003081178 -0.0804401510034733 -0.930321418754059 -0.357814812317808 0.0832522118687678 -0.0134609114247297 0.491738819954266 -0.306977010811504 0.447230973279724 -0.213587568590654
13.1929220070949 12.9310539247275 18.929696801388 0.93460411851994 0.283892659368761 -0.214289756176284 0.165098360933775 -0.879874757491804 -0.445604019669629 -0.835662899959194 -0.398184888876761 0.280637561679961 -0.376396760895687 0.399808800829952 0.00470686309634227
