t = 259277
b = 30 30 30
E = -0.808247430301171 -1.30957082115557 0.501323390854398
-8.84068622606475 21.0177217085301 22.1586035178689 -0.37252007426399 0.774698838489109 -0.510950588524917 -0.362536247990196 -0.628311669034367 -0.688325442976199 0.606971864280947 0.0308482888313024 0.0355889944749737 -0.627594897756679 0.154251175611578 0.624333391479201
-9.27661185878626 20.8686024604558 21.976828021236 0.288559220374154 0.469693058401289 -0.834339263864932 -0.349431378113047 -0.759640077324448 -0.548493085564947 -0.575260500635182 0.264435937011576 -0.197929427396886 0.758857755687113 0.325377154674832 -0.427235633971792
-9.61544995060914 20.6245984461926 21.6546492894815 0.758050260909981 0.276933623357857 -0.590480795782756 -0.229626269200066 -0.734072952823066 -0.639068600720465 -0.336367403940987 0.739896157654162 0.438691388424484 -0.58308488098394 0.450975374800227 0.808525424740458
-9.70771682788689 20.4694997489671 21.1461818349453 0.995076723023262 -0.0984184264280168 0.0116674177409664 -0.0763314834134241 -0.836153708479142 -0.543157878002819 0.432873709044356 0.0259524762416062 0.162459147242659 0.136516215909561 0.14310361977121 0.164879600631691
-9.68285734147662 20.1325684731502 20.7301470231268 0.953849547416747 -0.0513175560941138 0.295867452298139 0.136852155777013 -0.802728012444657 -0.580430207256505 -0.280177007347063 -0.547907942469593 -0.436673724164521 0.0647168126969115 -0.424187789160989 -0.432506059469077
-9.39640384272991 19.8443551199639 20.3001527538324 0.528838240490817 -0.241231646007512 0.813718261045614 0.258280829197088 -0.867541060002435 -0.425045318147541 -0.210463583661648 0.134652398193043 -0.361189427697623 0.407802549343247 -0.185716093751904 -0.36768893168554
-8.98963220161524 19.6246847951561 20.0860158258489 -0.0261523020290818 -0.453809936508253 0.890714656118892 0.439121419839991 -0.805666234809185 -0.397585584152797 0.16182474318889 0.107226917230679 -0.377457697648095 -0.40562278419387 -0.483926618759525 -0.373898089919464
-8.51466247543553 19.3159488070823 20.1911850185813 -0.647877924706241 -0.516257901464327 0.560117821403653 0.443386768217047 -0.853488354431623 -0.273798836045076 0.493069685435974 -0.311685160131355 -0.290397225684831 0.427748186645358 0.574965185213277 0.0520456960875557
-9.23862272757377 18.7908019347741 20.9613745077092 0.778558654904805 0.260417115206319 -0.570989795863679 -0.0538311408002042 0.934198375822993 0.352669254245186 -0.318617752392002 -0.116491854943708 -0.536447408997096 -0.466997504163099 -0.139294436901783 0.205944855614486
-9.07640360160645 19.1353792376938 21.159558808738 0.0930962567316054 0.439939412677511 -0.893188893882778 0.0390786651635075 0.894779062234003 0.444795782035667 0.183999170448219 -1.12487753810612 0.0525821833456174 -0.103681569688639 -0.256305781867588 0.226412742517311
-8.67170053939685 19.5585796886871 21.2746276408323 -0.564355784170598 0.223076371641953 -0.794820408198156 -0.116867472044294 0.931512628761284 0.344421567902247 -0.0538973992813152 -0.111776562715579 -0.183806505776704 -0.0730129472194032 0.350049541591733 -0.00218749679469759
-8.577308882483 20.0192480002594 21.1440507615716 -0.893458349556379 0.011163256133328 -0.449007304306357 -0.158345498845669 0.927675874635955 0.338148154828243 0.575622644870333 0.0883536357136356 0.304992732716831 -0.468406680446728 -0.128655785067474 -0.699109128880748
-8.52184367428029 20.4794420277806 21.0175324911119 -0.977755526199584 -0.0807494805841684 0.193581126072671 -0.0209291393987909 0.955877404319932 0.29301938337695 -0.358953494905933 -0.769614800252362 0.0400056922967294 0.111518265971983 -0.210642916501686 -0.125955564138269
-8.73070432164591 21.0633058841623 20.913955425453 -0.663950298729076 -0.404690942338106 0.628804613538313 -0.136637857123422 0.892399296073766 0.430062312191814 -0.621033474160978 0.240304629276992 0.470252147441793 -0.387110335719259 0.218089252586606 -0.582901212186508
-9.0588305312616 21.4655077452224 20.9318162751178 0.0296187889492634 -0.416196332134622 0.908792242736914 -0.103618099067869 0.903014346986823 0.41692730623156 -0.16002194344926 -0.608100530575316 -0.908079484771485 -0.338867480919839 0.103663057144363 0.315758991505519
-9.20197695013737 21.8509397571925 21.261045208772 0.492820660383807 -0.612334900755534 0.618202043037349 0.0522528517789544 0.730014565529204 0.681431121681557 -0.231565079795488 -0.302010295364086 0.833382905671247 -0.16195095028654 -0.415180692667967 -0.416312162132186
