t = 299052
b = 30 30 30
E = -0.804991124046009 -1.30218549685791 0.497194372811902
10.6070382429705 -1.59743395239229 52.8217172827558 0.738057410302204 -0.532606053995724 0.41424877832662 0.404468681732721 -0.142177813440362 -0.903432650983315 -0.659883300782835 0.174901078970564 -0.0527293285982898 0.0112680171337957 -0.67480819487941 0.120066117037776
10.9512033906711 -1.51299865981488 52.4835319462591 0.0893705123998406 -0.980688067064579 0.173965015536202 0.428838003227451 -0.119757005705243 -0.895408413279897 0.0900365730975958 -0.379045266562875 -0.0389613841971396 -0.385870444259984 0.571972065450165 -0.162647970556556
11.3622586714523 -1.58247699391295 52.1875680885923 -0.545265854708335 -0.831066484792649 -0.109606776905377 0.457873215330931 -0.185750444645573 -0.869395704496228 -0.154860484005239 -0.00445165237655045 0.469810297568677 0.0645934967591312 0.311303615174723 -0.0180770645365781
11.7556921126335 -1.7758123787472 51.9300714032028 -0.789610458082606 -0.58723374124937 -0.17796588893621 0.532495395931904 -0.511662623184604 -0.67427740088719 0.243789529735395 -0.098979823357742 0.216255796258497 0.124761661151586 0.795523988886411 -0.0281967319905543
11.9177567148125 -2.25350306664582 51.8833422656027 -0.822126300406949 -0.0976992714838951 -0.560859339345174 0.522802973058672 -0.519533787032907 -0.675841472160658 0.0438744681309754 0.0245070161876747 -0.17263743223787 -0.333282343615494 -0.203807255263564 -0.165597628660543
11.969617457957 -2.67490562993899 51.5443208132694 -0.578295437624117 0.599237857035332 -0.553613924607069 0.41177532875601 -0.371417611223806 -0.83215986246676 0.622369081533266 -0.396268456860263 -0.172756472948945 0.516309692468611 0.181655839328071 0.120844689754915
11.8083285841552 -2.94828909561715 51.1549549530435 -0.13163014703843 0.886113760971559 -0.444382613304605 0.387650953240168 -0.366572886418292 -0.845784285379518 -0.269864756966919 0.0148672948665681 0.140653516466876 -0.0547149273041555 -0.458271784276163 -0.455759765016513
11.8278388151121 -3.07915099985559 50.5865327422652 0.322333803482684 0.945741236554112 -0.0409198315424241 0.340422337411427 -0.156143346690249 -0.927217281695994 -0.141256673928507 0.120793840043946 -0.364620410860088 -0.397995120174687 0.352552844228482 0.638244972701456
12.2353371258959 -1.92852687649171 50.6554668487925 -0.270846623844645 -0.946335364400014 -0.176327775571191 -0.825597918207023 0.134169669884803 0.548075338922721 0.00793330190745567 0.192717144606201 -0.196097340735328 -0.0772248699512146 0.609211615862181 -0.0134199172706309
11.6462426495275 -1.88167050295275 50.6342342017044 0.153309875436714 -0.902986042871298 0.401387952576102 -0.615410686341258 0.230557958092578 0.753732522249896 -0.506193985322285 0.20852045406225 0.518952055375044 0.309703908743414 0.377344281910951 -0.182076438162535
11.1858081673966 -2.01374258344313 50.86713906265 0.701192776904815 -0.467808953210551 0.538036683612338 -0.557900590728337 0.109863508071279 0.822603756652759 0.562768160731182 -0.418425460490358 -0.834787549476699 -0.306040382344945 -0.584169939807781 -0.833782387331262
10.8276650111484 -2.25489025347737 51.2395869936732 0.898763050719258 -0.0437452566950248 0.436246869534347 -0.438152464331914 -0.0539212616361735 0.897281959889666 0.349765016641001 0.631929527459698 -0.350501390572422 -0.386718316801782 0.365005281626321 -0.241879309006125
10.7785522801694 -2.52188872184825 51.682829056232 0.79666297640122 0.543463762079701 0.264528337494708 -0.288112682701768 -0.0432849329628621 0.956617737994012 -0.388267331683131 0.0586248227716367 0.281922911001442 0.180823251717926 0.402797130419207 -0.29950758550186
10.8065675304177 -2.5906845406858 52.2492245312261 0.561260798091062 0.811987994026036 -0.160193052545194 0.100770164277477 0.125069531563727 0.987017216803207 0.0188170787874893 0.289522620639299 0.349999504903305 0.694615734676879 -0.0713946836722386 -0.140986294212201
11.1565857574222 -2.69316947353563 52.6289178847206 0.0132670607215848 0.991107345610113 -0.132401716671186 0.0957267762082655 0.13054623359102 0.986810045151527 0.205880817398451 -0.342195873732718 -0.160898171281486 1.15187889023278 -0.559901704257324 1.14607363119559
11.4377077704423 -2.45584344437541 53.0452385689517 -0.845898357206403 0.531890720174145 -0.0393475674999582 0.0814197661345551 0.201692537784527 0.976058882386025 0.474271165094644 0.377340550219125 0.927091289007591 -0.0318350983778525 0.702148435706138 0.204976208038542
