t = 302168
b = 30 30 30
E = -0.658028361751312 -1.02893131226169 0.370902950510376
6.9096014754479 29.9938333952304 24.3284175641852 0.343713722299421 -0.786324030315282 -0.513376466593312 0.071517259842149 -0.523177357504 0.849217718927137 -0.325060736284075 -0.263493262135025 -0.142568406645819 0.368179384933026 -0.19132166464475 -0.2804658952621
6.7464832038621 29.6860662347726 24.6801100822758 0.815842976793449 -0.477945673531196 -0.325527526285616 -0.0673370122019211 -0.637619087496831 0.767403170469979 0.433297812915015 -0.275661266362743 0.0860486278429656 -0.105503421177789 -0.398566224476967 -0.333633002325564
6.66348558181563 29.1960389857298 24.767417218015 0.93200995990966 0.171790263549137 0.319132480294499 -0.173319942875912 -0.562061418214123 0.808731821778154 0.505364570394174 -0.0548660896891245 -0.228416596304383 -0.717491407532003 -0.182831195366966 -0.0760533066031791
6.77642542524053 28.9236289744714 25.239249155731 0.793392520125746 0.583332646339326 0.173929102577063 0.129699680951884 -0.44117482627955 0.887999304852291 -0.0752815549515703 -0.436733607797814 0.130845505363997 0.34733555505596 0.198607710884632 0.224446358031272
6.99466492246814 28.6404441275549 25.4570794879076 -0.0607554299226527 0.840370980786704 0.538595759718277 0.122910391365272 -0.529187330974186 0.839555718479031 0.00405997176108633 -0.741513582703168 -0.611594247154686 0.112492978909044 -0.122144645952363 0.334313606346197
7.29424337500338 28.5454072576734 25.7808167039248 -0.855437105383366 0.239761679323153 0.459066112734858 0.136825805421212 -0.750270511041523 0.646817485255558 0.175689812853366 -0.220294680358517 0.222439534240778 -0.257838330211112 0.28196070849926 0.375839942787021
7.32019515372654 28.3912770660055 26.216336309105 -0.761844737577 -0.498789160903497 -0.413281948300964 0.262488538423859 -0.821006454648977 0.506999180098766 0.0331922792008325 0.185691784315412 0.297327174127193 -0.106434399533069 0.338985407204185 -0.623477891301154
8.05713226114045 28.2995591958649 26.436622718112 0.986270412891939 -0.0740153843854814 -0.147622476365364 -0.15651287809199 -0.704088110183463 -0.692649732613576 -0.325554135082273 0.212326807103392 0.564157484981208 -0.114464131363555 -0.754896765981226 -0.144655527786246
7.53149620927059 29.3394983909144 27.1776953854084 0.405893688863836 0.87072516223387 -0.277647267577642 -0.0845089367592373 -0.266738018659048 -0.960056805095256 0.0879032524746004 0.0919350225913966 -0.071331891549806 0.0632158917265565 0.774712056857673 0.420492684150926
7.27509449672437 29.4334082946411 26.8121554643603 0.978327471314585 -0.0509782836460673 -0.200690242582223 -0.203474472919608 -0.416362789151803 -0.886137780866962 0.154277120739567 -0.0803320873318674 0.230524964847427 0.267715323474995 0.118732621336563 -0.391259246066836
7.30805090722638 29.5262004054826 26.3921360846475 0.455845414891293 -0.888889554522515 0.0456104986087995 -0.280570988207818 -0.192137900771967 -0.940405735660409 0.369512091637409 -0.331304514215288 0.204666110055716 -0.485868618252457 -0.144235982525556 -0.378607857062532
7.37637362972608 29.7238539928688 25.8813847740354 -0.184611942904312 -0.979798988678642 -0.0768919522536207 0.107738328902818 0.0575896094975675 -0.99250989383639 0.834975089414824 -0.122675884051226 0.443693966375183 0.262125598349321 -0.356080267764758 -0.324671030620969
7.73941534900538 29.6295648840259 25.4858340033858 -0.789401127012685 -0.59263313503119 -0.160099431398683 0.0835950137083683 0.154593972808548 -0.984435156449816 0.126713691922579 0.306217717439689 -0.344425697184274 -0.381768917752955 0.259456776463621 0.194386991500712
7.90532087636558 29.372130966914 25.051752572865 -0.992798275335567 0.0820863528138004 -0.0872548862381194 0.102117878277034 0.19904709662717 -0.974654909319439 -0.273657260455915 0.590386427330653 -0.120591985166217 0.671791885471065 -0.0552721666828047 0.0837483004532212
7.80148504384173 29.1829247028044 24.5707451178299 -0.755487868205003 0.648421350937306 0.0937434405369722 0.0896568240362968 0.244060335763899 -0.965606652012353 -0.0887367582044767 0.16391568031972 0.555952482356295 0.506428630512013 -0.128083778476433 0.918624529750098
7.58265277150937 29.2217818052907 24.1773262981499 0.168680749947024 0.924544209028239 0.341708662678719 0.194614949926332 0.308612038777524 -0.931065857384286 -0.241994113569181 -0.251356370120426 -0.31379722867085 0.505663241943895 -0.114758888744094 0.197131932218033
