t = 2040
b = 30 30 30
E = -0.919192933857985 -1.32045114204361 0.401258208185622
18.2974667833185 16.2990538923573 20.9401013161521 -0.123132458881354 -0.949203953835344 0.289569079138611 -0.967655835373332 0.0500988734760804 -0.247249443162907 -1.047991762576 -0.207549816807962 -0.350543276237002 -0.262674876469335 0.739480226803047 -0.0394106141116716
17.9424144425095 16.1406238431878 20.5941358038577 -0.0917022144194609 -0.56539355845495 0.819707769835211 -0.979729959625494 -0.0960010622430624 -0.175820938060378 0.381060989687949 0.505105111142022 -0.513649250578527 -0.107189303411523 -0.401431027145018 -0.429026701628637
17.4139047088342 15.8551238434505 20.4393443964801 0.0634476962547183 -0.314844063842611 0.947020382728397 -0.986953428216976 -0.16049926222399 0.0127639083478825 -0.0240447314738221 -0.511573776308758 -0.0596310374707079 -0.00225956103308506 0.313656563508379 0.444473485502204
17.1013484949716 15.4461646809913 20.4206674485147 -0.128313954806132 0.318162970605914 0.93931243637952 -0.950394000098361 -0.310057971773769 -0.0248052155115289 0.443937544212095 0.557246538377062 0.228296125539114 -0.522164246444321 0.124321228783344 0.436227854406684
16.7546100072204 15.1491658766619 20.6090705382123 -0.25376676327187 0.767453055605725 0.588742929723962 -0.948038715726662 -0.318098013288922 0.00602058344204603 0.0523675170565895 -0.164233872972792 0.173634214324157 0.315643171493378 -0.623420095633173 0.243278189997033
16.5471909484456 14.9148429613955 20.9456163134068 -0.429903596148908 0.901450961112643 -0.0506859223781934 -0.900017000193229 -0.423403984001435 0.103433387718343 0.120858591442384 0.253233298005069 0.290870882145864 -0.23035135924203 0.218282089099926 -0.154698229240936
16.1243396850585 14.8584920889391 21.3435207352196 -0.321714742712389 0.709216466149956 -0.627305052158254 -0.939138367501015 -0.32333000895892 0.116089758351685 0.115090022472421 -0.0666618783078938 0.158309173856718 0.253924705248623 -0.306391090540144 0.32732583834959
15.7045605044026 14.9995240362127 21.5159349955343 -0.29819306146385 0.0591341682316244 -0.952672057028215 -0.915973523265377 -0.298448508597096 0.268180894906742 0.276682705711377 -0.467208227687962 0.33732911950495 0.190341566720309 0.273814534763402 0.118693509333781
15.441724218492 15.3678878509969 20.38173912661 0.0408356744305485 -0.120956055565917 0.991817564028656 0.977769029223502 0.209165487520961 -0.014748705755088 -0.351937186201304 0.231451296565725 -0.208584896676891 0.144425686875851 0.110617262298054 0.124488909448797
15.7102846006867 15.7256231619002 20.5967886535465 0.347775593400464 -0.792900956275656 0.500360080514128 0.861352373964964 0.480977245908932 0.163502222562198 0.205658499530617 0.582758922264724 -0.162901307067493 0.672565800707597 -0.437740280949541 -0.349568038039919
16.0288075931511 16.0311391259834 20.9327128887041 0.357656743653338 -0.930966568634723 0.0733682615562054 0.896327630161581 0.364271340844939 0.252790762584305 -0.381357161306077 -0.103029727186077 -0.0598488366915598 0.456006353806753 -0.0563236109316909 -0.232127966540856
16.4178862918034 16.0012028759733 21.3365582172076 0.367765134249834 -0.753152707363445 -0.545444594272704 0.897890470143328 0.134985358362713 0.419012716577294 -0.222460202605358 -0.651668140699863 -0.332685243141992 0.138712474814931 -0.154886469800217 -0.117683256286345
16.9038889445583 15.8224434846943 21.5185923217876 0.262111002550155 -0.252208322533062 -0.931498139765835 0.954921425909413 -0.0716125582120505 0.288091499085724 -0.551350920258927 0.400791481645598 -0.306282531715075 0.185068603609107 -0.203877885884256 -0.162104269255382
17.4369454474569 15.673913587462 21.6200367700969 0.0618545601952753 0.157118611495555 -0.985640784111919 0.986509147679624 -0.159592376620486 0.0364688205052715 -0.515431879296371 -0.296008534709881 -0.365625640351123 0.317475383590557 0.327926301004142 -0.763461227534159
17.8325442007767 15.2985320730542 21.4434503962994 0.0645421736317051 0.735414045667603 -0.674537240823443 0.986569199685732 -0.148662488070183 -0.0676807127048541 0.236692969572454 0.300927471763883 -0.0945725948728841 0.313364264708098 -0.294980800924265 -0.195313752363691
18.1651601624768 15.2216856330103 21.1303449762807 0.241530986318727 0.951508578407871 0.190510387811627 0.969420972292937 -0.245378870833298 -0.00349116416008772 -0.822748384874059 0.508384357292888 -0.541559017410425 0.713231001573155 -0.122009964660743 0.14096756053147
