t = 2239
b = 30 30 30
E = -0.919275413352385 -1.33425432794327 0.414978914590881
17.9997824237599 16.3778288553413 20.8235954986595 0.183040009199149 -0.982376555951898 0.0378504603467433 -0.982002406673085 -0.184522397634239 -0.0402834712950696 -0.76625649682166 -0.316521979774397 0.0579718103237775 -0.121817235935872 -0.229651087790073 -0.859494010069618
17.7263796852934 16.2605970279863 20.4884277834577 -0.0172206280207646 -0.640447551386701 0.7678088198851 -0.982071014914468 -0.133343842238591 -0.133251421763203 -0.160688753270861 0.7363375507585 0.130157173195188 -0.041769663181741 0.627668198963443 0.0429042425254816
17.4290529793454 15.8244097187068 20.3412597650427 -0.123165869413039 -0.143689348036398 0.981928480019091 -0.963877768440996 -0.218139426809752 -0.152822897421556 -0.409146447584768 -0.523107039010087 -0.280480045200749 0.378931170617332 -0.358988982319678 0.352300868479054
17.0983948345257 15.522803244572 20.3783733404476 -0.282035188270487 0.480561483283476 0.830371491178266 -0.941451779387759 -0.305276206753015 -0.14309082667353 -0.241583341933413 0.549234945021305 -0.0366249855532639 0.485118191381161 -0.176425878393554 0.199141827383251
16.8223716975516 15.145949534269 20.6241886652355 -0.457668644666562 0.812779963430697 0.360455465674563 -0.845653428548023 -0.523128261801933 0.105863593784939 -0.0489077780301243 -0.287193262452693 -0.3635108687877 0.0646552648747354 0.15540286746609 0.527389782926387
16.4421159403631 14.8966743298903 20.9655218819663 -0.317896866125884 0.943793210892172 -0.0905315281058817 -0.945106651520922 -0.30782350087141 0.10962713880323 -0.679394924909846 -0.227871236426006 0.654966621452417 0.449440779711829 -0.199153571589777 0.203572383567516
16.1031200116676 14.8748008119445 21.2891352426317 -0.404564304590982 0.614533130279208 -0.677256786780355 -0.913560268416868 -0.305311657932159 0.26868648551949 -0.895923819740637 -0.210293033309733 -0.566730486664521 0.0352652615546658 -0.110148725024255 0.119322568187775
15.6224572795258 15.0113303242471 21.4885143247912 -0.14511850611909 0.0808351955962592 -0.9861066323348 -0.966031810459788 -0.226971012681797 0.123558490529717 0.167600618375569 0.129774997220998 0.286991074893522 -0.0528622531403356 0.191109622282456 -0.0137328162009855
15.4287402705767 15.2683721779027 20.4211639425865 0.023163737440648 -0.320459018268066 0.946979122725758 0.85125453457448 0.503034557579829 0.149405325363093 0.518631861891069 -0.0401981490066618 -0.848439643143634 0.717008201730022 -0.323899433492356 0.242390806485362
15.746490978421 15.6663038228538 20.5079536148422 0.168707174227376 -0.702654951267444 0.691240847189717 0.859725229916876 0.447902653039566 0.245470451265512 -0.234167103497999 -0.253909615509591 -0.378723665138638 -0.268279903182319 0.526189367716486 -0.176549252083
15.9961939176866 15.994133673929 20.8109878113262 0.379873136785619 -0.923052920454824 0.0605780982573169 0.847990759333894 0.373651234948808 0.37589416955515 0.16394394470556 0.270462123005377 0.211854173827785 -0.342009082528395 -0.225428220122027 -0.0422330227310034
16.3689740011608 16.071820326984 21.2363972900191 0.356165786771732 -0.77174722551159 -0.526832186040712 0.927388604006734 0.222896372359838 0.300445642916094 0.182174822822612 0.14549694874031 -0.438238375510755 -0.530488938526299 -0.141730907069188 -0.111711016907559
16.8254129060413 16.0117730827658 21.4522549974335 0.184963064543424 -0.403491143651083 -0.896093500562215 0.980829436010578 0.0188821378533077 0.193951236977909 0.164914751541624 0.290299916609279 -0.106923342827066 -0.47825320508666 0.295631689720133 -0.349084208180153
17.3364202275076 15.7601690272764 21.5077461950632 -0.0714155556838375 0.0043444705668578 -0.997437187988228 0.966326176184868 -0.247540658693517 -0.0702662330960755 -0.0804804280491224 -0.0446816989487565 -0.19962260671067 0.0968618736860477 0.101289377689199 0.249698299303277
17.6871867322494 15.4560456830864 21.3719156918698 0.134210953553661 0.675557591725706 -0.724989213856305 0.942109690789 -0.313841239460424 -0.118038158810623 0.795635445002525 0.202768071888563 -0.00369758347221987 0.247971937398775 -0.512680624533068 0.0768796957547784
17.9452540353097 15.1829701824336 20.9821347147827 0.307077006855223 0.951657923246183 0.0071350531602015 0.891754250698321 -0.285112886681108 -0.351404322981152 -0.56132573940656 0.451365963569375 0.0736066324736514 0.168180941725531 -0.119989657856503 -0.810001220481743
