t = 4043
b = 30 30 30
E = -0.869971030787705 -1.28314480789907 0.413173777111362
17.247965529727 16.3695501920192 20.0444807935241 0.728748808290334 -0.6278599223301 0.273344274399623 -0.669196651581903 -0.737641961405431 0.0897784956742164 -0.16308537976573 0.13366493048334 0.0335334476193607 0.0487204042083582 -0.0576933307153377 0.0569702197941428
16.9708453590342 15.8340339342335 19.8548923420856 0.607235576672643 -0.316552566556849 0.728738243149977 -0.503766272498617 -0.862664758198652 0.0450450624919986 0.590738320006064 0.150463565953316 -0.545558975352448 -0.30558027203746 0.341338991903647 0.186586919335337
17.0046084326467 15.2848319681567 19.9073619595965 0.074688096723427 0.268489938854367 0.960382653394892 -0.643363390411408 -0.722855074777772 0.252119195513472 0.577376590141565 0.106449631648997 -0.00604814769580314 0.0433451723339815 0.0977151027527412 0.234422978224494
16.7818308003941 14.8381043991838 20.1128239912751 -0.130723248254251 0.756808331294096 0.640431559223704 -0.687177668500835 -0.534795669938622 0.491711748210941 -0.366931103521784 -0.313932140148548 -0.301141922095659 -0.127167499116464 -0.392087060394496 -0.142174132200544
16.6057422651839 14.5996144832902 20.5837092815128 -0.341354801998381 0.938258298562246 0.0561093961090523 -0.752267464972999 -0.308502695886084 0.582168143901846 -0.343170958849489 -0.220508015191431 -0.205959159848226 0.862363012326678 0.441252025691336 0.39464219051952
16.4203886564675 14.5587874796742 21.1213322254122 -0.50643670203349 0.766625172755757 -0.394724855222788 -0.809726475397798 -0.265452282925149 0.523333660803214 -0.210851051769528 -0.0858955902432136 -0.380027971081068 -0.276342822994616 -0.403321971527876 -0.0669132824684904
16.0035801359667 14.709129680779 21.4412587542273 -0.510397202854404 0.209981598502615 -0.833907922740085 -0.797764974872211 -0.477645423112054 0.368002574239976 0.758121713978705 -0.342366268209381 0.565255270285399 -0.26312865557072 -0.122846779231408 -0.500281265214597
15.5529879306234 14.7047887367392 21.6158306526415 -0.0541110050115481 -0.478122211974169 -0.87662486250024 -0.873229277613738 -0.403134400678454 0.273775973576594 -0.0831314187160143 0.676389606373233 0.288604197204173 -0.497683417624415 0.469040158175749 -0.111123480336019
15.2781985637884 14.4411782148023 20.5153307992626 0.153896327228839 0.200844081775071 0.967459340376332 0.740363306764909 0.624978122313591 -0.24751670777043 -0.307350332491115 -0.679878418191557 -0.212064229296047 -0.214481239887061 0.384993218717549 -0.237610475676245
15.4475195744449 14.922155355665 20.4812317439924 0.521972855264678 -0.280923991229017 0.805373236157493 0.70962655932866 0.666909666216239 -0.227291978307002 0.144371491333929 -0.0364521019547395 -0.132153258641109 0.292780004786564 -0.432124050678573 0.314971094444647
15.7806325833245 15.4549174665698 20.5359608299747 0.534711111381965 -0.690439653581667 0.48721362062929 0.832435113167138 0.529566643056363 -0.163128639203635 0.3400051016807 -0.636260184646062 0.0568732609751193 -0.368605713792417 -0.789161918147573 -0.469022678392115
16.2272920086061 15.7304344146224 20.7619467818225 0.327760927630088 -0.92843016828714 -0.174900534399908 0.905956948152446 0.361377674185601 -0.220563334882543 0.260797783570949 -0.211711520611024 0.43879693748277 0.0650268660854945 0.486014191970314 -0.139719430524512
16.655418281282 15.7065240697933 20.9360810850934 0.0883383421469317 -0.698230563497923 -0.710401588894695 0.882915081769174 0.385063709424945 -0.268676195574585 0.00971634756945717 0.762570367040394 -0.0519192902174145 -0.472746121347349 -0.416787068237038 0.0570682680777778
17.1786153022056 15.7030679005533 20.9910251165948 -0.267592878120251 -0.335455868592132 -0.903251577250999 0.861808421615532 0.335909200112432 -0.380067433112027 0.24160275362595 0.436754021069764 -0.470318189234614 -0.466276982574215 -0.161224652987961 -0.116568673673272
17.7280267730148 15.725869455182 20.8657996676884 -0.636658067470285 0.13627941310527 -0.759008844934424 0.718258355115144 0.463022295396739 -0.519341206985181 -0.153553333345525 -0.571086899944878 0.665204260783326 0.124049975054871 0.357022613976057 0.518407160473292
17.9633252737125 15.5498816605281 20.4854335596544 -0.411184754828976 0.863935105684582 -0.290763186394031 0.812578173361 0.202841213170332 -0.546417564154823 -0.176478702709573 -0.419981905180269 -0.112939109870294 0.788988212637595 0.136541963344464 -0.320680512697131
