t = 1083007
b = 30 30 30
E = -0.896780178438508 -1.35981555131919 0.463035372880678
13.4071229427958 28.0293313702316 30.227099763665 -0.456277494286551 -0.619675990983194 0.638602000002018 -0.612531537571312 0.739293333865903 0.279732876119278 -0.0666586815888914 0.416809485601161 -0.143070976780967 0.441198909868712 -1.01854633508742 0.719691281675444
12.8973243952755 28.2171577285865 30.3093088118376 0.0440313068995933 -0.511275268012475 0.858288322378604 -0.781177568822286 0.517920856782416 0.348596603653415 0.265934469596273 -0.367481880767989 -0.413576881672206 -0.559724271641825 0.775617012189257 1.08665812007077
12.3570642272822 28.2397663557229 30.3544581750284 0.359703382581016 -0.110409616807183 0.926511302184836 -0.842951557443292 0.387290564016503 0.373414904399464 -0.349768418482151 0.325137710915198 -0.16813979339919 -0.547346224222236 -0.250827708754578 0.186604339733001
11.9328168945979 28.2835220908593 30.6051291592962 0.704904773431299 0.461892563988998 0.538297798365783 -0.709198472596313 0.471925134102042 0.523759672244663 0.0389542082338545 -0.0553844026058274 -0.323229644393776 -0.0544143314831599 -0.419584814278518 -0.144682858510016
11.7333375078085 28.2513464474946 31.0961147448641 0.559499095338556 0.819633921426656 0.123130001064409 -0.563382192840355 0.267126856030831 0.781820789936847 0.287623598840587 -0.0972957089738701 -0.256606907530315 -0.0105959458357757 0.54452218750374 0.252090111966528
11.5311819580583 28.398485465979 31.6172790195939 0.399303292029638 0.832944593178015 -0.38309292041201 -0.671771083561244 0.550171045619366 0.496019588174736 -0.117272921796913 -0.995092682865079 0.359395767984085 0.630246759611635 -0.459138939167366 -0.353617063160775
11.4508795001575 28.725863255283 31.9437325335642 -0.0401217283303877 0.6125366461678 -0.789423273040051 -0.599364797364232 0.617383957308159 0.509508477789183 -0.115053297520833 -0.153953309405664 0.122936340742562 0.454900977426541 -0.60476521810551 -0.30032922039519
11.4011421962494 29.2446829326815 32.1028598013669 -0.693098518950005 0.0195754963453253 -0.720577020846577 -0.57845616811585 0.58136563660099 0.572190928054821 0.0434257312564333 -0.388869820845626 -0.121396616045213 -0.218511932434406 -0.341935000779271 -0.0737593990497816
10.9228971324193 29.3683502141511 31.0165258802587 0.319324528998012 0.0108570753254988 0.94758322541905 0.792753614370663 -0.550913775952104 -0.260836574062084 -0.355417907803429 -0.0351079235074182 0.489667557732621 0.213114016175749 -0.618161828219178 -0.328915401888323
11.4613836471821 29.3802036005199 30.9861621730194 -0.0879497108433804 -0.506199161689387 0.857920309275583 0.895053832052588 -0.418164839586402 -0.154973561169798 -0.0387833574681363 -0.000668215423400363 0.203707132448569 0.487267242855237 1.06060214486756 -0.355994301102821
11.9773008338207 29.4189032528688 31.1321368289907 -0.356428916230759 -0.856390237231032 0.373569523984432 0.883413724721568 -0.439076622412754 -0.163682346709097 -0.392674873891228 -0.302522906344276 -0.524557622952584 0.227122571245457 -0.182942425097851 -0.0470335458734834
12.494114953036 29.1412075457235 31.2646674872436 -0.673026412172117 -0.728361950501743 -0.128546946988373 0.72442867276644 -0.614128754917023 -0.313127722276245 -0.252689327263305 -0.253066111989549 0.314596641951003 -0.480403500479955 0.4718897986529 -0.0494354241321872
12.7854411005061 28.7280385604022 31.4197893925306 -0.647773286908808 -0.327293414951411 -0.687945338887342 0.694615815703667 -0.62460851633004 -0.356893639481472 0.368844692268036 -0.092813386840972 -0.132418285656584 -0.48270733049111 -0.190211134151762 -0.04315362051009
12.8455409053252 28.2244193137651 31.4974246824074 -0.36013193860006 0.0529670134802342 -0.931396522584858 0.511631388116842 -0.823633605091189 -0.244665092030176 0.649397291702732 -0.430306599646168 0.234138966223223 0.276521217038241 0.0229092989654706 0.297307336841779
12.8963068621616 27.692043401335 31.4029908909916 0.0977277098884432 0.424430597494176 -0.900171074091289 0.533340335951 -0.785985538133781 -0.312689654277558 -0.157536947232749 0.095561861314528 0.20144975423406 0.0637061796813894 0.550316420315714 0.561200407716995
12.9914076938938 27.250708425178 31.1835194912182 0.515262473133404 0.672171505964923 -0.531686044907414 0.553680530386256 -0.734616325333524 -0.392143755304928 -0.312114855135508 -0.30577117378872 -0.167060042666704 0.283293343266749 0.112562191739674 0.0391624983907301
