t = 1000000
b = 30 30 30
E = -0.71200209756711 -1.11276847066622 0.400766373099108
17.7073036107901 28.1962899822294 36.6086348230528 -0.770208848272116 -0.60598030310151 -0.198912549368624 -0.574540107783605 0.523808648954771 0.628910298713729 0.0246124116936901 -0.0231992860030863 0.464962045816906 -0.108705165366567 -0.0389096199579883 -0.126884451632319
17.3381971379097 28.5046887115658 36.6737651270116 -0.384886237369409 -0.86347851541767 0.325986867366978 -0.494118293823802 0.491090041548975 0.717410400537991 0.0144359009372131 -0.310891542003241 -0.254090931214783 0.652199536088473 0.0442501414885065 -0.454174954922512
16.8530227194107 28.6522006233968 36.8541557509353 0.168250141796617 -0.800775019279124 0.574848900393775 -0.609803780128408 0.373631032139196 0.69895579371211 -0.149580356864071 -0.441458167083095 0.143162450455703 -0.368469747158956 -0.328274986194279 -0.479018428176425
16.4127267278323 28.5462414635031 37.1696829330113 0.709460450036454 -0.35549433712237 0.608514294086878 -0.624777807754647 0.0822296974539597 0.776460538465374 -0.0544281146612201 0.165970177164534 0.0714892091296743 0.198762018459272 0.141103461473809 0.165755239885348
16.0679879761985 28.3701726847233 37.5724829859275 0.835195853404288 0.242543803999802 0.493579162442601 -0.546031166414682 0.258729966541085 0.796811627498908 0.0312462715219514 -0.0757814135426932 -0.525698635867384 -0.403648683176642 0.157792010370811 0.112327203654848
15.950522002487 28.240249934551 38.0483983048727 0.697950861575979 0.643803397491964 0.31365870018727 -0.439276277289625 0.0389597730767243 0.897506817964278 0.192067444576518 0.0430734035009487 0.890042590562247 -0.387918064727546 0.150851541221104 -0.782822182247847
16.0188005705137 28.09118878076 38.5584663528967 0.26886535885369 0.961396156448636 0.0585563760345269 -0.344780490214251 0.0392989170042476 0.937860335385789 0.545436695875412 -0.0140131212760356 -0.22064440021806 0.18986227249184 0.340432801474094 0.206608864170302
14.7326892422607 28.290380092913 38.2313356332569 -0.181779353329976 0.533222632746206 -0.826214191738512 -0.975470702274039 -0.203861964968969 0.0830494325324256 -0.179106681135083 -0.11229981733289 0.195586421926835 -0.529377856171812 -0.249296060937829 -0.417744755903349
15.8615342372873 29.2303577569731 38.6250572079195 0.603329452022105 -0.269726213651056 0.750494065261156 0.780774265232733 0.00810048851785142 -0.624760697256213 0.476417103714718 0.208011278818956 -0.285700146626855 -0.0670858737130383 -0.188860757882847 -0.0737464085050956
16.3449768866109 29.278788877704 38.4264748311329 -0.223780005055849 -0.943044426769222 0.246149788699249 0.643137770177749 -0.332643228352891 -0.6897262436661 1.1712709210493 0.637163100908163 0.449217914724667 0.143132512516378 0.00410036686543492 -0.00836276278123038
16.7882730953159 28.9967830381638 38.390305239687 -0.747998540473892 -0.599269628159291 -0.285261452381408 0.537995884567739 -0.295773545715561 -0.789353176875215 0.404497553407523 -0.494864775560279 -0.615798952969148 0.991621262640364 -0.176508755029956 -0.431719770435944
17.0453813696538 28.5779696550971 38.1589157674627 -0.827252008992477 -0.227783305871563 -0.513584344761554 0.557938490828512 -0.225650191374846 -0.798615446622787 0.408011231570507 0.471559368475763 -0.282358299813483 -0.123702652983991 -0.661384997305628 -0.117845706193736
17.2192178288812 28.1798613962452 37.930036883685 -0.738765752388051 0.309493094844828 -0.598697909919398 0.503794411620162 -0.336474925229782 -0.795597772440255 -0.148172790446017 0.374971454542452 -0.292110009785836 0.291354189647178 0.455509551582737 -0.316205643530815
17.0785583233836 27.7787466554553 37.5689209495209 -0.171758290260993 0.78191183366764 -0.599260355853034 0.294438426634831 -0.539750196942763 -0.788654384265406 0.0757881578579974 -0.789658867939755 0.336400534813203 -0.351916830767322 0.31096807434743 0.0089047567899128
16.9305871125305 27.4747873076575 37.1709324425523 0.433110650961263 0.866542994599254 -0.248029035668892 0.413043052462015 -0.435396207662444 -0.799890979550336 0.302698376498274 0.267869653003827 0.268707656114817 -0.04427951599761 0.21328232533991 0.0686371154342597
17.7591507009482 27.2133467110701 36.7306602038712 0.426708098301453 0.250360255118707 -0.869045419699586 -0.90200149593871 0.187595320084176 -0.388846109928923 -0.512654391942533 0.260901397370413 0.0969994735077441 0.0271668180838539 0.23377350915489 0.316078753446722
