t = 2947
b = 30 30 30
E = -0.911755139440177 -1.33642535999055 0.424670220550376
4.76313268190949 17.7464742347626 16.2164237334615 -0.104357963872795 -0.816217573743103 -0.568241399133547 0.602504228781816 0.402693710028186 -0.689076505334326 -0.201290434965198 -0.598266545934409 0.107567803181363 -0.337629482110304 -0.71081496156147 0.0809246234970391
5.25961895168683 17.7007365106435 15.9736752895274 -0.575957230078711 -0.287134258471295 -0.765393484903155 0.654355279301629 0.399270128495381 -0.642185746448306 -0.512803419318632 -0.257865353732123 0.683023640953947 -0.181841822672288 0.0686138529620482 -0.0950889483753186
5.61652942123408 17.5459057282914 15.6295300146009 -0.765383120053215 0.438988393282068 -0.470614353904802 0.637007380978867 0.412546185952919 -0.651173741050838 0.179425628957214 -0.117941896004978 -0.431208136443784 0.159220435787231 -0.0236102602727613 -0.162835586365653
5.85247016358737 17.4602137989603 15.1477092248455 -0.671906797176071 0.651012390458279 -0.353163026629904 0.565996433580797 0.143790351954914 -0.811771132683653 -0.209777631266874 -0.384287924835439 0.0449802095096107 -0.161610775315258 -0.413224172321936 0.295147971606686
5.99525299231091 17.4583818021781 14.6096095194618 -0.387352747427887 0.91038235046281 0.145471045317876 0.517037798675244 0.345153667871048 -0.783288491104155 -0.339615924606881 -0.346634944034895 0.630988065901571 -0.21773403165595 0.152922144270459 -0.145366054521484
6.01686697618986 17.6907486825798 14.1256037772875 0.194416193791142 0.765540469770139 0.613310796200327 0.611807514660476 0.394089624389354 -0.685846143791471 0.0182426306374995 -0.570295555819508 0.353914207901102 -0.279087115638537 -0.00881102766834263 -0.635754768420418
6.05508806383846 18.0396639595622 13.7369920855495 0.490553236286248 0.412474662303657 0.767608087064339 0.522858125790477 0.565372371562509 -0.637944716859272 -0.0125189016288266 0.14036168728602 0.270209613765063 0.000733378851898236 -0.0277274479818884 -0.67118798534763
6.37477555804287 18.4917330173584 13.6068496438266 0.645802502946366 -0.302891751752167 0.700853560958856 0.75717354996841 0.372039634584315 -0.536912213985309 -0.302626017594467 0.737155087742014 -0.638824351068551 0.650709314542096 0.253926805708264 -1.11165383371806
7.0745999353666 18.1607524817114 14.3861765133156 -0.615446914016763 0.54857962424083 -0.56593771026062 -0.783402704130103 -0.346838447931888 0.515735682494278 0.174391130825406 0.16390112060956 -0.242574310714191 -0.0785479187234731 0.026613624938447 -0.0197735838803936
6.73625960030674 18.3817716815318 14.746473138152 -0.430333974537631 -0.236856447416907 -0.871040580958019 -0.812863510350678 -0.317914471939959 0.488040266854599 0.742802975278264 0.388210416166132 0.515775857710441 -0.746946750593109 0.223069572333321 0.153863499280327
6.22936456171692 18.5784251170258 14.8649942371003 -0.160856526894821 -0.760569126624988 -0.629014929377865 -0.845955846025362 -0.222048539190176 0.484822805588832 -0.0410428840122428 -0.107624732646897 0.796203360371373 -0.327439224742232 -0.465433610786147 -0.454027426224104
5.65256523282801 18.539344095319 14.8460009785114 0.277008589439752 -0.95350712508944 -0.118703006618492 -0.838011100417138 -0.300181114150936 0.455662917390432 0.427589065367296 0.430126447610763 -0.485084896436505 -0.339409944473016 0.427253825348777 -0.642203812332798
5.12102668198091 18.3296104713182 14.8818632600242 0.57813906092541 -0.811400444405196 0.0859333756542468 -0.764315907251755 -0.501683493962621 0.405135614094077 -0.344111301834157 0.646373857371412 -0.240958983344471 0.212195700597873 -0.072934199210294 0.0161643757026478
4.66866935908813 18.0060198815962 14.9974599310793 0.808647519933389 -0.322509595482464 0.492012956462852 -0.586288507678672 -0.51078880510508 0.628777052971276 0.358621946762234 -0.149226532411074 -0.294117327006499 -0.0471341372738402 -0.161966546726496 -0.176552118717429
4.4584542445212 17.5367633391622 15.1200904727785 0.722910475133353 0.0374576077588068 0.689925628284279 -0.488732699926233 -0.678109825229123 0.548914759275558 -0.270841727659114 0.0329546945246672 -0.102731707727123 -0.373145662496819 0.649914209752072 0.0282573446842931
4.54278469690419 17.0193284836948 15.3189912535976 0.0792708283485734 0.623219517129546 0.778019003136651 -0.427765709619831 -0.683696994692787 0.591248608557759 0.184283870592934 -0.18632020159918 0.216002565995769 0.136933142272842 -0.20484926012841 0.0118495232864893
