t = 5273
b = 30 30 30
E = -0.870304148029766 -1.25962055193338 0.389316403903616
5.22914018589742 16.2555394519341 14.3456469608021 0.527071941575405 -0.0960645988120183 -0.844373591047835 0.222777583006655 0.974461437647699 0.0281967205059544 0.0471725589097194 -0.0928483187021239 -0.643029361480684 0.459414219677989 -0.146482905767048 -0.121714066591978
5.66603180508956 16.5352446358257 14.3070909866822 -0.19012471443892 0.171620397150072 -0.966643177310826 0.324679969029131 0.940191824367844 0.103064305669353 -0.589062487931254 -0.178786174747449 0.527007140341673 -0.440659524920374 -0.367251964125153 0.256675315288295
6.0252582965377 16.8609334306023 14.1594940986362 -0.75373927430381 0.238983158326321 -0.612179839923155 0.32157074115589 0.946516664538978 -0.0264284351117955 -0.309263435785129 0.132872862247851 0.0722521032148394 -0.0786992437532435 0.107767194052695 0.315795524921623
6.23141090457131 17.2741488650321 13.8117270997462 -0.976489310379349 0.195587631749443 -0.0906316998710308 0.19586140974369 0.980613532191875 0.00595051723726222 -0.337569164079921 -0.26747214365361 -0.785749679850546 -0.273545785623992 0.0852198770259195 -0.26298756596543
6.29856086050023 17.6659917433909 13.4067489702343 -0.928867658807854 0.113368600128804 0.352636403290484 0.0207478957830007 0.966441236428627 -0.25604855272172 0.29631109321586 -0.0123915259071647 -0.453033424036981 -0.652559515424662 0.131035154472066 0.125690587397463
6.13460138162611 18.050871934844 13.1172080810498 -0.569332251221119 0.118154014538154 0.813572625257271 0.0502479845650159 0.99276925886241 -0.109015314084459 -0.0615380281564256 0.0119522958460168 0.319847525043613 -0.559657753089578 -0.731784470476106 -0.0721281046830782
5.87271332005725 18.4915908136853 12.8594437265468 0.0514971637531963 0.0930883366356891 0.994325200177377 0.191605279301411 0.976228541699833 -0.101317576532619 -0.167697031175506 -0.0650915153180018 -0.276373154327433 -0.0200614263519552 0.69798600263422 -0.179261357543723
5.6514063778473 18.9381576351264 12.9333080271583 0.775007461879784 -0.113862796322203 0.621609763150762 0.236009341269599 0.964613724705777 -0.117558295933282 -0.147260296893467 0.384284890899063 -0.579344961696835 0.550182636103693 0.356477961315335 -0.874988948158779
6.60707772030965 18.748051758714 13.7998926952992 -0.810361128016599 0.136363011488855 -0.569842058203284 -0.412922268698045 -0.822903673813505 0.390288026510545 -0.465180218260591 -0.124392946306589 -0.0657212290631942 0.197125050766917 -0.982015210296165 -0.207684621563857
6.09047518123948 18.5595500807174 14.0578300966597 -0.31716609528143 -0.0416525978169859 -0.947454869162131 -0.496629425789452 -0.843806725129952 0.203345577934473 -0.443696502608343 0.0735055526590815 0.0205158661633399 -1.0695722657476 -0.152448217257105 0.575132878407126
5.54885530014908 18.3612699592492 14.1027818737502 0.427718694870511 -0.33742296600474 -0.838571678552783 -0.513015275264156 -0.854440227316563 0.0821414955358073 -0.235661123649697 -0.0728626616085516 -0.269161400431676 0.0576307702471432 0.0713175937785817 -0.354317862246435
5.1982546531426 17.8823505220181 13.9412622075275 0.836582201301561 -0.277617231372996 -0.472291110767751 -0.250750195716619 -0.960529385860772 0.12044765770246 0.0520423133878283 -0.0204356816597803 0.0426622113502555 0.601080797531496 0.20900984752104 0.257621647297533
5.01618072668747 17.4310955143338 13.7266953642377 0.982778198280737 -0.166093262348266 0.0809940811824069 -0.164035757477476 -0.985952144352512 -0.0314744231952802 -0.254370426061703 0.100505273967991 0.0917111585840649 0.0729947546755384 -0.240451606256232 0.098768062985984
5.13031520346978 17.0778121827578 13.3246664970875 0.731543057204449 -0.113587284023919 0.672266825274042 -0.000301001343753971 -0.986078224778992 -0.166281821059623 -0.380205058298874 -0.250861664033939 -0.45948862419922 0.145088616300619 0.327655819852016 0.0741430034876209
5.28298771075573 16.5761132555544 13.1056150303981 0.276032914736482 0.0778489526104008 0.957990276860651 -0.0274784259471481 -0.99566785070416 0.0888283016927806 0.116093089621745 -0.314191541876344 -0.523364185160054 0.185275276821848 -0.251803820805043 0.0263951990349503
5.7058451452399 16.2552310751938 13.1406687816366 -0.6135466545473 -0.0718962502576122 0.786378682247116 0.0134716209985864 -0.99665464743559 -0.0806103540043666 0.305413565647282 -0.156157522415545 0.356143455791827 -0.00631333131506912 -0.541457461535386 -0.21439979034047
