t = 138697
b = 30 30 30
E = -0.682754568762531 -1.1579338440972 0.47517927533467
5.14071425938776 24.1482789001675 31.3519730925138 -0.442924099814134 0.785762353051558 -0.431735759847027 0.0410962785631173 -0.463247644968194 -0.885275502496078 -0.202084974506765 0.0946044215164052 -0.336080437918479 -0.448765673961543 -0.818092486800758 0.20891991322334
4.93409781732715 23.8571844730122 30.9978964393162 0.00280823373793319 0.878423323358131 -0.477875066103853 -0.419644070080782 -0.432727969213176 -0.797900594752712 -0.597430764124309 -0.676230346900786 -0.262990223067098 0.179572031399265 -0.873534592594401 -0.313996881266286
4.60546725834638 23.8748610775316 30.5157316147971 0.809706370850957 0.516894752822914 -0.277840615295035 -0.169816008255975 -0.246815392970998 -0.95406744265411 -0.701356287207202 -0.653469988186499 0.167495187951614 -0.500221554112837 -0.599614976316871 0.774532148953253
4.55162485938899 24.0520455360069 29.9578275606514 0.986345484689835 0.0396297381368362 0.15985014447026 0.164345695237571 -0.2995236896385 -0.939827671332462 -0.48190382662952 0.177352570718493 -0.347334831694099 0.290604142223466 0.259302427740432 0.653994786142218
4.7712785173021 24.2166644825416 29.5332225900708 0.665000000161034 -0.698539978854564 0.264228873758459 0.0789327616723899 -0.286075539490849 -0.95495047245382 0.508054965328019 -0.300345974367482 0.395096620266014 0.220535024368322 -0.187463569084403 0.118410381167803
5.05075159595571 24.1230591488401 29.1255566983118 0.322441750103839 -0.851917159491318 0.412636003221004 0.353802988444527 -0.295860309209641 -0.8872937071805 0.0313064641636351 -0.212019902837878 -0.344568831537576 0.135412957691209 0.337048041670292 -0.454410721143509
5.5135360141637 24.1957404246135 28.8683313458841 -0.293417540717082 -0.948158739979629 0.122070269106547 0.257358398919296 -0.201320247716883 -0.945112063389802 -0.0586877540168376 -0.505555918532601 -0.330558095609945 0.241638435193002 -0.0804770097217298 -0.315850629110863
5.69136137358773 23.9486768155272 28.4190840720454 -0.567455906630392 -0.762742989505237 0.310188532977705 0.149269348951527 -0.465764890894779 -0.872228025159321 -0.300362590732335 0.309929623069604 0.28705810879621 0.258410945742917 -0.387085715896511 -0.193347953987446
4.8342821410981 23.1900601467868 28.7429486778286 0.860758302311175 0.420429250575714 -0.286939697955455 0.248631815443211 0.144618822054998 0.957740892233831 0.519283107355702 0.0116480413208024 -0.43929684725313 0.0811077680398924 0.19237369049566 0.42955286623877
5.19154708158265 22.9957520657498 29.0587295504779 0.265643381919374 0.934901723736835 -0.235355817001248 0.193703786916046 0.187389650295581 0.962997384158685 -0.199585258049507 0.123126511694446 0.000379409604739439 -0.633101734213795 0.219098579772292 0.586819425885514
5.55691243801016 23.1098191751656 29.4464872312621 -0.519836320765462 0.83232981206457 -0.192346779441705 0.0844363869339679 0.274119465584749 0.957981740509214 0.309547806464187 0.502898992513979 -0.512887139172857 0.0611566975455884 -0.100646997169918 -0.321687556446393
5.65024463982549 23.5392413081085 29.9341757919891 -0.79205212466044 0.496418511496458 -0.355277487697339 -0.169825199845853 0.379831386541102 0.909333557774884 0.65033113828065 -0.479115706930009 -0.262339885591298 0.06758722188638 -0.0601038348433374 -0.132223442434751
5.71870426277159 24.1027890377819 30.1670921883202 -0.972547791405305 -0.124968145261813 -0.196300168371218 -0.232639527599781 0.502405379155769 0.832747071561071 -0.303534133543911 0.192280807089258 -0.0391227418062265 -0.236376332801394 0.298204956447699 0.10726596168981
5.43322375145226 24.596925836419 30.2382851618126 -0.864937179883552 -0.500980251919313 0.0300410060067143 -0.241704465589056 0.468263266191364 0.84988732479669 0.509170735521351 -0.757359636206507 0.236376996438422 -0.121683055001456 -0.702830829835132 0.134491697151719
5.22679094609413 24.8906008597957 30.3596695209854 -0.260301359525224 -0.773790928786273 0.577486623877484 -0.212533269951489 0.62935437674269 0.747490921442205 0.489164960783312 -0.762812594990472 -0.695982584612511 -0.538309571557704 -0.666074401566071 -0.129464795877044
4.81220311679104 25.1139358498173 30.7362629430855 0.422760361609398 -0.801942903850896 0.422091525163785 0.0224527906452721 0.474886283991937 0.879760700115997 -0.0501313193499091 0.14746443379194 0.43580859774058 -0.0151098284640057 0.193846301934427 0.211443356370917
