t = 976547
b = 30 30 30
E = -0.888514978748345 -1.34772697580681 0.459211997058468
-14.8913778913661 49.1230370111899 40.8148967157836 0.0468192272533917 -0.984867753776919 0.166863619551426 -0.177508831090171 0.156185049729272 0.971646460975423 0.362926301677747 -0.249574983429955 0.084490013308281 0.480205246053254 0.210356352169944 -0.276291324115487
-15.2437170470944 49.182991991293 41.1897365179189 0.419749353430445 -0.890126578701163 0.177440565216874 -0.550131763713527 -0.0940121967798496 0.829769094031636 -0.38507254149194 -0.142126793783208 -0.090315084243103 -0.208288065203264 0.289883422327429 -0.489077220627482
-15.6956088913039 48.9169136046678 41.4935616602032 0.887540518756439 -0.392033502742528 0.242036278877717 -0.285703297266215 -0.0561799221115547 0.956669975635662 -0.324691812423728 0.220314905423281 0.0124643359581467 -0.989706907903784 -0.298918416006904 0.268955291571045
-15.917684836561 48.618993269141 41.8449306176492 0.954538019215938 0.0815461881086413 0.286718309628605 -0.274712445397573 -0.132736982697888 0.952320306287717 -0.0642356421242368 -0.0278786426923697 0.116746272762057 0.19576817799936 0.278574932723326 -0.78604558956788
-15.9458522933059 48.3314070607719 42.2390722231948 0.677129182694808 0.661084102628511 0.323208723884334 -0.314797110732396 -0.136770105667715 0.939253276422375 -0.782247517916394 -0.498497308046848 0.0234530970851256 0.345992304663186 -0.537584848807215 -0.200003696628416
-15.9414173440264 48.1241426487079 42.6781125828648 0.511809530835201 0.821196063352768 0.252364874101277 -0.00732984894720633 -0.289570503285105 0.957128620897736 -0.0204603139965377 -0.116518021019568 -0.354801283921862 -0.214647372541093 -0.108730646042941 -1.05578793664026
-15.7952066875219 48.0054776801519 43.1280565886754 -0.0133059712254144 0.992181365647244 0.12409306504436 -0.0665907710548906 -0.124707820834628 0.989956377136386 0.363987459385408 0.480487071524267 0.437247421083431 0.156910869191713 0.0320728416080977 0.234440658689882
-15.5583706981807 48.1218200456199 43.6403824435797 -0.585635063376299 0.805578351753454 -0.0898615141783359 0.0161666261969313 0.122447696629348 0.992343288276569 0.466645305279085 0.556214468824028 -0.822589241773406 0.0366019045057448 0.29326204706829 0.651899728325393
-16.1471940550135 49.062407860967 43.5442695671619 0.735940023980895 -0.673777814444553 0.066451018542448 0.235321655384123 0.162527061971337 -0.958232055732972 -0.921566587027896 0.0999649120857347 0.395531309807114 0.13830441884992 0.246443195079616 -0.0179370315904785
-15.8453558406527 49.2145208987102 43.1915402125981 0.249476345498659 -0.968018503083507 -0.0264902005393835 0.213882380162367 0.0817598016333591 -0.973431899155231 -0.109115983511165 0.153873188218427 0.149139943535162 0.877058828478218 -0.0206089120029689 0.0908558053218986
-15.4398166679698 49.1775562351238 42.8843520491312 -0.480328096495961 -0.868536340999109 -0.122186513496563 0.238036903820587 0.00499347731823784 -0.971243274161411 -0.23808586324454 0.21558402277787 -0.0281569106730692 0.138091054073704 0.0958611551924801 0.246561687404087
-15.0105901810661 48.9900894374419 42.6373712725321 -0.809338893312887 -0.492905130912276 -0.31939800827716 0.438145089394202 -0.144519721943143 -0.887210758844386 0.0290049178018544 -0.759265031286712 -0.210938262098684 -0.21567037305217 0.0664765949541226 -0.219900274328888
-14.757361569673 48.7715858221124 42.1735989192881 -0.951073606763716 -0.17101228681872 -0.257320407808067 0.287024453200823 -0.180795347158836 -0.940707183830589 -0.231653140834809 0.345179968917029 -0.226117313480505 -0.1456511665076 -0.447945317333156 0.0607093489443181
-14.6975529915021 48.3993599436193 41.7915390264395 -0.879820046233844 0.417182916359538 -0.227761060198648 0.148810944227199 -0.213323892290841 -0.965581803813686 0.0139699258330487 0.388959396581228 -0.13335780081499 0.809048784757939 -0.31117961057554 0.425013509935132
-14.7951968582852 48.1242342559816 41.3752729782742 -0.465843064913712 0.873665490491421 -0.140352590272433 -0.0197725459554672 -0.168852251478793 -0.985443029097559 0.141080327743588 -0.415328886463927 0.890117619290061 -0.367691245675917 -0.323366286617608 0.335764263467359
-15.1120752062906 48.0163165190748 41.0225242763377 0.379461712241055 0.902674814677657 -0.202945775737626 0.121671218869813 -0.26613317193988 -0.956226567970133 -0.469079255788523 0.680891881707867 -0.133777702437567 -0.194789143851977 -0.193251714082871 -0.259931824449916
