t = 7673
b = 30 30 30
E = -0.970242379370313 -1.36930729199823 0.399064912627915
6.30087665722736 15.9631057184921 13.9919252954997 0.515885932655482 0.152690076634503 -0.842939763557001 0.202823390347085 0.934239760057405 0.293357704954197 -0.33882915205393 -0.349554954528817 -0.268348888720124 -0.280904173913905 -0.0163732614524901 0.143797895243793
6.645812557309 16.2615887029055 14.059806646764 -0.298955207506752 0.417620871390673 -0.858031812745587 0.271242971700009 0.899253191166094 0.343177721422796 -0.103749631189133 0.144057473570894 -0.396943092124549 0.27849409056616 -0.256336817549416 -0.562739820662435
6.93955071394238 16.6307407001502 13.9719721622921 -0.887732293890204 0.298045469849043 -0.350856483888919 0.117488550141547 0.883575271096801 0.453311350940879 0.344244128044971 -0.308045105089163 0.680265471584419 -0.619740939322486 0.00280529532697921 0.0558637898207482
7.1032116875494 17.2127917888893 13.8419500647879 -0.994863606771641 0.0663704767390997 0.0764288148458268 0.0960441904304647 0.857373046897795 0.505654992992002 0.0856392756873256 -0.649504617356689 0.216540066678283 -0.577016165980704 -0.0220390097205741 0.147710631101122
7.02273510957053 17.6744220665293 13.8086924181447 -0.816398828437449 -0.226706534721841 0.531128139002607 -0.0883073292915159 0.957913129369089 0.273137789724741 0.0285407298639359 0.151349210936754 -0.853327200695184 0.510504899951938 0.0319145552137426 -0.64859229413702
6.77545273442604 18.1211995055519 13.7253817123417 -0.444758222617373 -0.229655920453421 0.865706810424244 -0.275262469829672 0.954836416567048 0.111883825018044 -0.0523298925833502 0.0605492892485257 -0.469557806943342 0.151965950482777 0.234660222278509 0.46942114052279
6.36087354895373 18.5105874015987 13.7556620980033 0.226295623973206 -0.264483570305017 0.937463989500019 -0.0945472289202104 0.951921929926063 0.291385416294888 0.449047050111923 0.89094283502971 -0.0599601176802922 0.317793164368299 0.00930932182317239 -0.115545311018772
6.13576754517565 19.0391186877451 13.9822610074107 0.684357489929029 -0.349060998981831 0.640165013858031 0.0604326613728052 0.902097525796288 0.427279706271685 0.470772023557288 -0.284117047444309 0.448423045265032 0.0610670679557755 0.00938772395329611 -0.338470417888596
6.85644492300173 18.5385361018399 14.7953382578216 -0.821135469327472 0.341842129332647 -0.457034462186026 -0.130263613883491 -0.891900751878847 -0.433064013392889 0.250233518169116 0.106823209062533 0.0153680199817721 0.172064666379832 0.204871484393429 -0.0823171764826832
6.6031012276964 18.138378413487 14.8352553827718 -0.29997746675797 0.360915958158842 -0.883036347260835 -0.0492531716673971 -0.930291889220287 -0.363498453822927 0.291371650434874 -0.307924118127234 0.025020534051233 0.381517541329388 -0.475792478888048 -0.0203470631125754
6.31871039747425 17.769895108961 14.7719200399386 0.36915095258877 0.326610324587115 -0.870088081791666 -0.0901934138224092 -0.919203962815595 -0.383313478561814 -0.289654633432369 0.226377813702034 0.270109267862271 -0.307884604538934 0.311078325044851 0.0630308326974854
6.08617193526047 17.4305629945257 14.4516474161267 0.712377664404035 0.315526022247805 -0.626866327491532 -0.137719766994108 -0.813011188249525 -0.565726147142046 0.0821789241660766 -0.222282952614042 0.450914753610757 -0.363321680732337 0.895376508790475 -0.166747286839055
5.93289403117026 17.2423033295846 13.9371379835903 0.996534996476148 -0.00430034894278454 -0.0830632758639238 -0.041972304502717 -0.888181706416267 -0.457571395568196 0.0721024021768129 0.883437095442153 -0.114729093003459 0.482296123070656 1.12774740840554 -0.285610051888505
5.98893240040767 16.9886441156547 13.4482727978377 0.87810430302061 -0.190125073177046 0.439073216634889 0.0541428820736214 -0.872284349315573 -0.485992347943734 0.0958450735632564 -0.224906991968312 0.216198607271146 0.112868818842047 0.638309187145187 -0.201519128110389
6.24492110078487 16.6958608468778 13.0650453029137 0.342167552059873 -0.396846874045036 0.851724089642908 0.11313137357416 -0.882444888758475 -0.45660958226615 -0.17187596640127 -0.540741888564794 0.00165598495441904 -0.0747970062763166 0.084268522221893 -0.243009995650647
6.60358898248946 16.2693061306629 12.952504888325 -0.362153409714577 -0.414901142294002 0.834686737617919 0.0886302306698498 -0.906743239036095 -0.412263727089528 0.141785035874051 0.210664850994702 -0.14617460005329 0.22160669179244 -0.452124117550557 -0.327885745085924
