t = 3956
b = 30 30 30
E = -1.00762724472263 -1.38213068259407 0.374503437871443
4.43082544516921 18.5063063278027 15.2204185860647 -0.561752611647867 -0.549368315800924 -0.618569686374021 0.824214908679864 -0.436201767192098 -0.361106359135822 0.211952030245483 0.53882808397615 -0.294037077825603 -0.40328142720372 0.20992278959515 -0.102693269840012
4.69576705545358 18.0353324095514 15.1628755476584 -0.404712325392746 0.244783372003056 -0.881072661286237 0.810480024427993 -0.350175452280592 -0.469573511415711 -0.0225679545582003 -0.450958519637272 -0.0158932101112514 0.0304105787492034 -0.0275634672762073 0.189744905259443
4.94498669358131 17.7136169121657 14.8585493808031 -0.286430264006887 0.730956762944334 -0.619402869356349 0.693939414961764 -0.287480597426966 -0.660153765773973 -0.236671560796408 0.495478252735713 -0.960535331499194 -0.309122482954321 0.32494905202282 -0.101296465787453
5.17389883326342 17.5353305460306 14.3922136329952 -0.07298692377583 0.991120030426298 -0.111148523361823 0.618557587855761 -0.0424365358546056 -0.784592665611096 -0.116570153366963 0.523265412965704 -0.291657137374194 -0.253804587441356 -0.173714950917158 0.0503331659406058
5.3109301708136 17.5389216049414 13.8402410615011 0.0831321869468831 0.951006103713374 0.297785879774949 0.593382953232762 0.192832354872909 -0.78148087227196 -0.391154913063438 -0.772222721642189 0.694077996606916 -0.743828713644559 0.3660789644108 -0.00526029410759235
5.37749711719513 17.8478122704192 13.3895997621853 0.604953388881504 0.50004457187005 0.619666703498003 0.60335839621015 0.219964193505772 -0.766534017052126 -0.00726035718722939 -0.30556918010073 0.0908966514542997 0.116466348351753 -0.125728162468649 -0.153424326221369
5.57049365374523 18.0551843707426 12.9805371040372 0.631656779040133 0.127798293841964 0.764641948616299 0.696000568126758 0.340939551454833 -0.63193625582095 -0.0379898128675067 0.0502031917604209 -0.18450860766759 -0.00646027577500257 -0.0213494086240391 0.377182888534968
5.79516272270776 18.4716036336904 12.8757023474004 0.674490079830254 -0.669793814802897 0.310546901228084 0.665915901531854 0.370314829230803 -0.647628704844669 0.081663344961078 -0.113169234517655 0.167685785680909 -0.0343794053234475 -0.786146887938535 0.606305882568168
6.53344028801564 17.8495688317294 13.4872219649647 -0.517088821094058 0.659128596920583 -0.546048206499263 -0.709240775821 0.0271855734807065 0.70444195396594 0.200332572957335 0.0631018229651399 -0.561174256468635 -0.940456872081691 -0.448522520362154 -0.405825065869192
6.34236867912815 18.1791289442244 13.8727867928943 -0.655530384958146 0.0429073718652316 -0.753948852268007 -0.752640053760931 0.0445142058429083 0.656925745387497 -0.255748298437173 0.00128391192711054 0.261394124479037 0.70135941522289 0.224591321120562 0.234351522740336
6.01984712070456 18.4036067867716 14.1693910328557 -0.483288088833088 -0.405403323933765 -0.775938636836388 -0.865004563814915 0.084545381940044 0.494589913940819 -0.506473183855134 0.516511942642231 -0.303366618009102 -0.147867770153688 -0.333358705836493 0.176181790687781
5.57553744102527 18.620391591834 14.2560832562227 -0.134599553936365 -0.902468460328691 -0.409186556709882 -0.906645575264101 -0.0544664289801475 0.418362532940243 0.460268657506521 -0.249829392235902 0.136114113907274 0.30145847241631 0.100072325286061 0.200023014350217
5.08417704521543 18.68799766599 14.2323676533163 0.087128876891179 -0.980067384757864 0.178539855902151 -0.944003154991694 -0.02397680508905 0.32906406091132 0.383370924118628 -0.23938727891863 -0.684037197699069 0.0452529431707628 -0.0306434482916606 0.384922913943977
4.56412869126253 18.5365004623927 14.0622178478982 0.266763566213995 -0.649759707278676 0.71179317398942 -0.882121257125885 0.132873791879269 0.451892291545543 0.178838532748901 -0.423253833784767 0.353419878187691 0.128102575347894 0.513015705807905 0.210614990020489
4.11597777260885 18.2636072654966 14.0788975091681 0.443512962443454 -0.153089732610959 0.883096702470193 -0.884239484487165 0.0861439481000977 0.459020429043845 -0.32098027820058 -0.0650539632437121 0.0276474184187524 -0.348457185467934 0.327343207563034 0.353069602290136
3.75587674761176 18.0821916196946 14.4328407382564 0.56599366270258 0.560289590988262 0.604753460519842 -0.81798327100863 0.290251273296756 0.496646319526916 0.343639188170258 -0.197333523429471 -0.378865692264689 -0.214531032248452 -0.0381663986594603 -0.252924860090473
