t = 5414
b = 30 30 30
E = -0.905033912763876 -1.31390408871968 0.4088701759558
5.91009741646718 16.3203364801909 14.282731514891 0.164489106712136 0.0308603000551059 -0.985896026796716 -0.0833279268145292 0.996372251938559 0.0172856061413263 0.44618096000452 0.302891494979004 -0.0885268623221525 0.162078163294225 -0.190750316378047 0.398569406205729
6.13229119662857 16.7834227408368 14.2446344924357 -0.423279850300757 -0.170492569243513 -0.889812593843285 -0.149822651552296 0.981784321211944 -0.116844853135462 0.0505558695901032 -0.117318927618279 -0.287381099156089 -0.290739644721173 0.132825171642196 -0.51828067811938
6.36166386724809 17.1959420158383 13.8478672078316 -0.916495180561291 -0.0792560477111827 -0.392116134466731 -0.0582111906686728 0.996166871767271 -0.0652918132260268 -0.262088641735258 0.0255156455771991 0.0887746756745433 -0.143162023128173 0.353460866511191 0.197381378666175
6.3822854655516 17.5087467496656 13.4857968341008 -0.974747766205807 0.0492993048398557 0.217798922906192 0.0611413827658854 0.996975865800257 0.0479672213632303 0.0547425664262641 -0.31895997836963 -0.0318801941988673 0.340276039602816 -1.12874853018907 -0.68808117393111
6.25160625733803 18.0109541248731 13.1962062478693 -0.691707925436424 -0.0372239149722764 0.721217391666737 0.0722449660434863 0.990094355112284 0.120390335393515 -0.0876420160307662 -0.174937617141804 -0.89305319105147 0.337681212146744 -0.00371852082578875 0.12250528390131
5.96544430659963 18.414117230769 13.0476128139976 -0.104917795102028 0.036317343854395 0.993817542009746 -0.0704446804661135 0.996551234555873 -0.0438541206637614 -0.301890741244051 0.217610686333007 -0.00658074358192117 0.0563710314328588 0.383277936749724 -0.00537441360482019
5.65181207237549 18.9409742019548 12.9563927687218 0.283915545319722 -0.038405603814698 0.958079836298329 -0.0660879641889066 0.996037527175019 0.0595115572678291 0.0277236724607174 0.131425755173075 0.398211765619703 0.734735922980261 -0.393262519676715 -0.209173516104623
5.44326436576539 19.3323055290089 13.1478683557445 0.826540058117014 -0.105451277507361 0.552911892076842 0.0155841340654292 0.986205149647447 0.164792407514094 0.179040451230388 0.402329133327331 0.844213258348978 0.322090547511428 -0.563366345948455 -0.770142718904118
6.29075967454446 19.2656258497119 13.9117196009416 -0.887814903331947 0.00721507158280799 -0.460144151504422 -0.111696041827389 -0.973357623809578 0.200247173293045 -0.604291844133491 -0.0926618371600738 -0.488083957104359 0.0807583366186784 0.01083875090659 0.216144590242702
6.00282450229137 18.9249234040134 14.0836650901424 -0.150085237803024 -0.0450664538489708 -0.987645399994899 0.071619782198832 -0.996831631815834 0.0346020896648585 -0.396616354715357 0.171444086200849 0.302360619500093 -0.66193188586806 -0.259647311574293 0.234262775849176
5.70525070774588 18.4265943967971 14.1858673043568 0.286599878235651 0.0690593475571748 -0.955558117704144 -0.172534246795212 -0.977371025912235 -0.122383868994539 -0.0271875675444522 0.37594338496979 -0.0821447760064507 0.109237206012531 0.121975434360235 -0.16751424330566
5.39218219283284 17.9402645362311 14.0219745544977 0.71684802039758 0.105992692941743 -0.689125869994021 -0.105120207666406 -0.960649398236627 -0.257104017097698 0.445324772645094 -0.0745579456046096 0.260215639438945 0.226157799408004 -0.00618139696856001 0.147805614691042
5.22686271970197 17.5696134765147 13.7121033774229 0.97175982873521 -0.00122400588820148 -0.235968932417182 -0.0695984338525771 -0.956988537615309 -0.281654037567691 -0.33057348201342 -0.488100307619646 0.322100645158758 -0.0248867049378403 -0.308063776109671 0.367300820844912
5.30169500561559 17.0731697785938 13.3662175206161 0.888892460989444 0.0677588007473204 0.453077187372543 0.216778794783464 -0.933480468381295 -0.285694188395322 0.126148099184461 0.373833803242491 0.299334024583603 0.0327789954173501 0.0672254104021465 -0.39111096167015
5.66939956702675 16.6553652039207 13.1437029377988 0.484458465872493 0.134311226057313 0.864442299635698 0.324147148136741 -0.945367236452587 -0.0347766386646959 0.206869162367369 0.296496476634753 -1.02936295627066 0.602144567124398 -0.403048542015473 0.106551876057421
6.13787410420707 16.4433801503455 13.0792705467008 -0.108155271927207 -0.244031183199377 0.963717395703047 0.405341617479719 -0.895988617894796 -0.181390655056699 -0.0449836915440534 0.147879951572019 -0.529635212623159 0.666801215322688 -0.397479188834941 -0.0511763316477068
