t = 10740
b = 30 30 30
E = -0.918474889090212 -1.25076595572838 0.332291066638164
6.08237413968385 16.4167883169106 12.5280162874986 0.345946315318167 0.569343188426482 -0.745767712300657 -0.675970713710861 0.702467458717419 0.222717452500539 -0.403929986042125 0.395224198388522 -0.610814201829037 -0.485020037886875 0.0677917037700316 0.141664445508987
5.95378280812624 16.8752289371488 12.7171360961651 0.117747093424387 0.1843692372958 -0.97577846170587 -0.608590198395781 0.789855757518315 0.0758014032307745 -0.143915410993404 0.132936424429729 0.395927160838392 -0.054627109919399 0.251599682039794 -0.177062325559413
5.92147930479055 17.4572221529154 12.6647146609349 -0.281576268724886 -0.269091370914292 -0.921034548206758 -0.574258134290905 0.816253015248758 -0.0629174880144202 0.364126558237855 0.695727583405165 -0.280349578040547 -0.485123605322048 0.00795869473536559 0.108378091918271
5.75799623547769 18.0275943743597 12.4066335711011 -0.534617554496293 -0.676519213882202 -0.506464039861289 -0.744648122838453 0.66048603979754 -0.0962151983094318 0.66659539472924 -0.249118530415042 0.34417519217367 -0.245299134453914 0.284716022609584 0.106351428138736
5.46910311044738 18.4279008443749 12.1645169632713 -0.601242292426894 -0.798993430890277 -0.0108260422792065 -0.760763112168903 0.576513314396807 -0.298113880063116 0.168213255513242 -0.426543589600823 0.166990151413109 -0.761208511494449 -0.00556857013880895 -0.0913855630196292
5.10221429573911 18.5502130356077 11.7708240788162 -0.481669450514685 -0.644180944038086 0.594159449793637 -0.875156897780523 0.388988042667921 -0.287730267661496 0.085740761619337 0.0586851755145769 -0.515159418751218 0.306012709311108 0.186436497507491 -0.211476038540256
4.70659396289715 18.4241073925651 11.5044550504178 -0.370024935656844 -0.0125205234004354 0.928937448640071 -0.900026803204598 0.252692662673142 -0.355103043840051 0.31232403939905 0.329120447786092 0.228367013161982 -0.057225200972372 -0.419783570003582 0.0939486729429575
4.24183615906908 18.0944937214553 11.4744850471941 -0.317452147975536 0.373738335223203 0.871518095354486 -0.594138981115496 0.637906556249648 -0.489973567259244 -0.496742915439909 -0.400937135551332 0.676608761380464 -0.366981187375755 -0.161573916080708 -0.131759046005136
4.05190096040481 18.7886569685729 12.6163850219158 -0.000723904100009507 -0.424372711082151 -0.905487315235089 0.582556732052247 -0.736150132147074 0.344544100051718 -0.139496030869427 0.221592210586531 -0.0508410369944426 -0.220187301070225 -0.707402287198085 -0.309847238133164
4.3555398399813 18.2822055479906 12.7151438412594 0.0752882006438951 0.051464688876853 -0.99583285376744 0.691226668203775 -0.722483949697584 0.0149209782949159 -0.614252736373853 -1.08977295512579 0.215405372595109 -0.115282249009937 0.0277789823229712 -0.366008925925898
4.42459442864856 17.7998534985695 12.5206119580047 0.599988415126576 0.574798926898016 -0.556435167248435 0.697128623688606 -0.716858949871049 0.0111771205510401 0.204621554565953 -0.233204829239476 -0.495448997843848 0.0668139209392902 0.213675034637317 -0.108492251020281
4.72552527208381 17.3864568357237 12.2212537620394 0.630357561524906 0.774953563085982 -0.0457855838525269 0.768017270195137 -0.631137472974147 -0.1086966553755 0.270757771471393 -0.405162077132251 0.101781873586872 -0.0227721977168434 -0.12453278511065 0.550119978640447
5.11457476367494 17.1189538811675 11.9361014221448 0.53390525572359 0.808415776403767 0.247808616420462 0.837393413108835 -0.54613602186995 -0.0225325830300819 0.0492610891792323 -0.0691172293472826 -0.248117571692485 0.0389368713880121 -0.0248525500146085 0.0851441111974714
5.51226424381339 17.1742970131122 11.6176231162334 0.383067664051401 0.164681759532045 0.908921934401205 0.728600855088915 -0.658711488019634 -0.187723119286509 0.00626218943329273 0.510433752443741 -0.237821868004834 0.171185909824668 -0.262708832981076 -0.550011840858221
5.98626086792009 16.9313536833244 11.4938855919047 -0.0728791274252088 0.0363181440565889 0.996679299071682 0.767844601496708 -0.635707828014244 0.0793109409461843 -0.156018323816104 0.0877068057562603 -0.279437889669047 0.0440364955235163 0.276994433649195 -0.0559963085580516
6.46162796541196 17.0541368433902 11.6378453722498 -0.31717734227042 -0.614395783291679 0.722437786265142 0.855484364146439 -0.514144114685516 -0.0616630524317552 -0.0141120852136064 -0.178750322021485 -0.288989461608038 -0.26783192978291 -0.00639032019832316 0.531391129736686
