t = 10329
b = 30 30 30
E = -0.832632364598034 -1.22679531413387 0.39416294953584
5.10517656919311 17.1000599139776 13.0492339282743 0.387771481800863 0.453397303775142 -0.802536081949842 -0.869972830993761 0.467737759093655 -0.156104650958088 -0.541670536699707 -0.245095292599185 -0.927670044745284 -0.33066694922136 -0.321190237761461 -0.137967146761429
4.94352921469312 17.6045605633948 13.0099694185014 0.0540656887237844 -0.134454309762965 -0.989443752766666 -0.83810241340966 0.532561126164185 -0.118165102867272 0.246720539829624 -0.165221508956078 0.140789307091062 -0.00676215561676132 -0.288450318541507 -0.0977340852191084
4.77428174475785 18.0707634882133 12.8714107138449 -0.122134327575577 -0.553885073052738 -0.823586383979868 -0.688536673823538 0.644933660776061 -0.331629042754105 0.0835068186864115 0.699482720036468 -0.170926331650358 -0.722504113941476 -0.21053095192063 0.469303340918059
4.65170869691186 18.4054745616552 12.4888515674441 -0.568888287099526 -0.755291387802946 -0.325424394155806 -0.667391844001353 0.655198428295307 -0.353981844336454 -0.4208425102095 -0.111034468912629 0.353272477813003 0.0892579232432367 0.165993096507018 0.279361028800926
4.47254473258661 18.8336245456837 12.1223226098168 -0.656737391259042 -0.744645988392264 0.119156833180376 -0.665356895162699 0.497784770087426 -0.556336700864198 0.141417427918506 0.30124268193265 -0.400368811309045 -0.51058106354726 -0.21791123725782 0.00965448319231031
4.13987858127158 18.9386030749077 11.7473985269887 -0.572208610301566 -0.625850455844539 0.52998916330047 -0.780855553849994 0.218232831020199 -0.585353769515947 -0.182176158274033 -0.0669013411510607 0.788366783783279 0.163829131269247 -0.028528252234283 0.00763523414837562
3.75285061794545 18.9050175422281 11.4048039641352 -0.321322116683876 -0.015293096063791 0.946846459856386 -0.896500576443139 0.326974450306922 -0.298955557372005 -0.266387826987807 0.0373139613095097 -0.0253465564272545 -0.666014992353748 -0.218143798470836 0.706869871209932
3.21143975897349 18.9484410663239 11.2816424955011 -0.034950534090216 0.409046793117846 0.911843835975661 -0.927836696617118 0.325742338553515 -0.181689276745536 0.501951010137437 -0.484437232329676 -0.0277988271808108 -0.249130043991236 -0.114245379816427 0.0581226272995085
3.27024955835919 19.2447917961128 12.5078414605763 -0.336161706389414 -0.344610695134392 -0.876492313689257 0.640301664734183 -0.766106095646164 0.0556347764660294 -0.658326411220716 0.270615291202073 -0.0240857134093501 0.489515787007517 0.353181454263603 0.789857580338216
3.35840571115948 18.7265516165081 12.5189354035659 0.160225172630876 0.177803900386519 -0.970934429847225 0.644117440439554 -0.764186125842488 -0.0336494872390247 -0.316155273201274 0.361230686202477 0.0460248295143131 -0.636816911100898 0.149174938560375 -0.588515462397076
3.42513642547554 18.2457649190193 12.3201375152585 0.68156721545359 0.601784340877832 -0.41631927398702 0.67445152269768 -0.737321239483003 0.0383736020986721 -0.181650935690092 0.172017588571572 0.209048444865229 0.102976542104836 -0.470276579975289 0.325772694774575
3.68027829243606 17.9330432908165 12.0985446918765 0.727093963580542 0.65170482623245 0.215905506159683 0.660124371127618 -0.750041348655919 0.0409119780721745 -0.284505709008979 -0.0646708553880237 0.0419079682070263 -0.546765517500282 -0.0177281924148242 0.0172865851438955
4.02831103985325 17.5078166939394 11.9720810133749 0.486594242669429 0.759032262234158 0.432546029791809 0.837272726129468 -0.546516931605435 0.0171355054872933 -0.759636866394298 0.73818084763232 -0.120490779465942 0.188254246871515 0.310976937901639 0.66663461049707
4.51193416527684 17.3089194215091 11.9381262578578 0.128390481018219 0.500124934684346 0.856382469513995 0.930551127801573 -0.359341432558768 0.0703443913459947 0.101644975019457 -0.0305917909056778 0.121674565126899 0.0327708586043986 0.343461056203084 0.156369807256443
5.02148821158262 17.3489416197878 11.8928253043328 -0.0847325294429194 0.393820991266467 0.915273415593451 0.949515929164103 -0.246552289473862 0.193988321346479 0.109511895346012 0.191920858685024 -0.075981952277922 0.349137619033502 -0.0256128813241926 0.804252843791946
5.53391550879697 17.4335142090139 11.9700799565033 -0.283006801696919 -0.133455142831423 0.949787805272904 0.848684706590985 -0.496170512720078 0.183164109764096 0.0654135984191319 0.0742750633967495 -0.319674938734251 0.419982697157849 -0.0560214028549403 0.0140929020388958
