t = 268579
b = 30 30 30
E = -0.767018949414036 -1.19459311079572 0.427574161381686
7.14510841701898 39.0984462101898 19.9398367951958 -0.190778373043193 -0.39045703792889 -0.900636949003752 0.455026226875403 0.777788875462598 -0.433584591587546 -0.104616681052958 0.399266343092075 -0.185504684070078 0.889260473519587 0.121414097273715 -0.0519163849071525
7.6587705653565 39.2121444994764 19.631785065755 -0.573199235825378 0.11879885944867 -0.810758575065909 0.714081934687763 0.557718002782717 -0.423128372866457 -0.357997778722957 -0.288329260925761 -0.0853553011059159 -0.954611443103427 0.44956633234788 0.296692388818079
7.98845038590448 39.1744147177682 19.232084692602 -0.655442379873576 0.551184213825152 -0.516324751581412 0.741393544041519 0.339240618979959 -0.579008994133652 0.645790762864666 -0.0779017879622105 -0.293662574501486 0.11857449514976 -0.00220736257984427 -0.185440376206211
8.4093732219894 39.4176273706268 18.7023591952604 -0.769155190087839 0.632773207533221 0.0894335585171393 0.516775895200527 0.698183458086476 -0.495461938996412 0.644934187751691 0.589268332358105 0.188977147823452 -0.174834801174359 0.676707800073758 0.0381639388425703
8.45769771104578 39.5572434689919 18.0611109118883 -0.572697445547986 0.708162895043739 0.412944245566053 0.28690014636558 0.645021088693363 -0.708262734552822 -0.047842145269581 -1.06043190320919 -0.519961340049092 -0.331422434837478 0.484467745963905 -0.499590328765727
8.23322320849916 39.8532063437923 17.6952271527307 0.114455019028839 0.735815494494303 0.667439590286072 0.324728713643306 0.607236762626934 -0.725130868636769 0.0726084670210139 -0.242678868935802 0.121509967351634 0.171450061868803 0.297402215302379 -0.188456034215951
8.23114052724238 40.2967278677313 17.3229767690742 0.3794742198462 0.50193624235774 0.777212535333759 0.228962922891412 0.762968687929696 -0.604528544553388 -0.513219362832727 0.386735215996472 0.16949649063376 0.308105070880258 -0.246763698778733 0.148390968772076
8.20841366673878 40.8580425291679 17.2781840674832 0.814357868435083 -0.0447482217067091 0.578635341793034 0.377100429225265 0.798669964122791 -0.4689579455412 0.151798178900407 0.333318939800685 -0.30578009571316 0.0796767413287368 -0.111402259005021 0.110668494656286
9.19093935264129 40.873338683502 17.8908209188348 -0.85994994200308 -0.0256924910793686 -0.509731295047737 -0.311057106263793 -0.765425127798994 0.563354107446352 0.405202099552423 -0.437342672976924 0.306243550572033 0.0583611904084904 -0.035855123517024 -0.127747380754185
8.8641796008793 40.724417188141 18.2445639428822 -0.495532117600011 -0.375305994300398 -0.783321984288073 -0.55722497467797 -0.55443521464783 0.618143931745283 0.574695936610302 -0.523339464918127 0.389003384607572 0.607520512468863 0.393476653411655 -0.287361652665586
8.33249167670528 40.6811121546057 18.5118132845238 -0.215405471304071 -0.600162234023498 -0.770328355822514 -0.498977296775759 -0.610444725888295 0.615125104297933 -0.421947772848171 -0.28039318938063 -0.326145947731358 0.357096582413673 0.295136567926543 -0.185666863353317
7.90060820860225 40.4683929573411 18.6801426147653 0.318254528776606 -0.723827815389406 -0.612198781917894 -0.575697060179297 -0.660629575211671 0.48181060517236 0.245304925658164 -0.0257299587816821 -0.0365488471042004 0.04714855866754 -0.215439712430364 -0.13208973861181
7.46314129066223 40.1617125425077 18.7375836810155 0.797232657341507 -0.587787260904864 -0.137572620772231 -0.524339843604849 -0.787172601481126 0.324695278508717 -0.0183389337949767 -0.0925236181839675 -0.0899085641055533 0.687520257395885 0.312508026811766 0.833028735513196
7.22021449465679 39.8122831522422 18.5550619392888 0.596826122477346 -0.53287280008423 0.599870951504638 -0.723252805429358 -0.681001576717385 0.114639574087712 0.0800293696754397 0.761718229848513 0.0515723395789011 -0.125273795493692 0.00657343289316237 -0.314739984838055
7.04060259245257 39.2450061623708 18.5965416433791 0.398948202396162 0.0249435454512284 0.916634142580991 -0.588212727017677 -0.759901254378722 0.276687316962853 -0.0725859148911586 0.0938269362953308 -0.226628961520909 0.324819258554682 0.113031032784229 -0.3346270067656
7.01405783962477 38.73004550848 18.7510362169593 -0.0433449923904341 0.493698523955441 0.868552231635437 -0.482328986209877 -0.771682573266734 0.414565742890299 0.12362798963193 -0.846077116164512 0.845684301545615 -0.00086384835616312 0.00527697502366817 -0.0313085856400384
