t = 198064
b = 30 30 30
E = -0.760123527166253 -1.19502991724399 0.43490639007774
-6.96420907631284 5.40068006414226 17.5890457941153 -0.967230340748002 -0.0786512722417466 -0.24141136118925 0.0229186668922391 -0.973975010459188 0.225493711018575 -0.319531356898012 -0.430591348205564 0.371642653344739 0.889265179958726 -0.388432459192671 0.214282906906913
-7.08343466058233 4.99360357646018 17.8145366249006 -0.619870016425009 -0.0246113765775671 -0.784318457566962 0.030135920273716 -0.999517319095631 0.00754686273656943 0.19729446355753 0.169038896693896 -0.291088504690847 -0.033514169419466 -0.193436519591466 0.283349180689276
-7.3690506927942 4.58222471047803 17.8661137963405 -0.095406287195417 0.0662588659834404 -0.993230790421939 -0.299878988474144 -0.953342576921011 -0.034792575376753 0.0464664788931688 -0.21429141866632 0.161580169351843 0.115843284166869 0.629092392837143 0.0979973250545482
-7.78834581562818 4.25700576328289 17.789371475975 0.472851510443208 0.0217406548591508 -0.880873880301762 -0.413708396750293 -0.877178618925541 -0.24372737424881 0.171444035497202 -0.138623680119146 -0.308574626072345 0.199920816925808 -0.134801719901208 -0.186489886665512
-8.14557642824959 4.10445867755412 17.4404564821646 0.838967405372696 -0.431241691194655 -0.331910072907981 -0.501138351801947 -0.85000397061207 -0.16233792624325 -0.0794416321288523 -0.201605557971135 -0.453849730954243 0.204463930204644 -1.1274304138378 0.0861722644070611
-8.25867550989789 3.69380067869811 17.1587415346382 0.876214335612399 -0.446855060024442 0.180468815582777 -0.353159127835909 -0.850185774132785 -0.390464825417584 -0.699444760884476 -0.106712621295393 -0.493237880220895 -0.476323616121354 0.0348801117578013 -0.374530457668573
-8.12651798861542 3.2666750208567 16.6500482805991 0.613730533642667 -0.336254111690224 0.714330458853696 -0.313052523411937 -0.934249335647386 -0.170810703493287 0.0129512454830406 -0.676519426902976 0.154580539215234 0.704938672672505 0.393249319985425 0.14318998344916
-7.96472536152149 2.76277350161292 16.4447935447675 0.007537956796406 0.0624099005511647 0.998022135786844 -0.399395986240635 -0.914798409778332 0.0602222188390489 -0.399243113517817 -0.632334584978612 -0.229014242463471 0.0216196174501799 -0.686960241819082 -0.345867814601234
-7.83928774489745 2.76227639953489 17.5394968733263 0.0893306452480237 -0.0651457402178148 -0.993869241073014 0.118086511364528 0.99151331977999 -0.0543775002426327 -0.193426107812349 -0.0447831380830323 -0.135700939146207 0.635033807200756 0.0694718263006442 0.279468583618274
-7.48518873179477 2.99414115204301 17.5666853590209 -0.519383501668579 0.178421532971953 -0.835707206362595 0.286649414733845 0.957674170883439 0.0263115080419851 0.219996366457768 -0.423820535753382 -0.0758670167407689 -0.207621939289723 0.405865610773775 -0.0269800912611821
-7.16420429354367 3.21149192542596 17.2526854697866 -0.899178489816476 0.434947668756921 -0.0479433926029868 0.436336223160711 0.89948233477384 -0.0232858280429953 0.0646477790755572 0.221701196081442 0.260953617568422 0.00796244842406193 -0.342434180551026 -0.363807878624344
-7.08848829433553 3.74155652259843 16.9608893750592 -0.905652948488062 0.262250085961484 0.333193081122765 0.235929825738154 0.964588061396174 -0.117927898052786 0.312359643630353 0.139738881911504 -0.262943381393086 -0.127488967069284 0.0457313187118631 0.517900135670081
-7.14184151658857 4.23898975933569 16.7637871040734 -0.637480726712477 0.0366191076201447 0.769595584724337 0.0404349518490485 0.999083454979072 -0.0140450936629765 0.116504098402088 -0.558673159158272 0.262440107552773 -0.0507732780188636 -0.503160920734459 -0.408034229665467
-7.39678163363376 4.64433057712205 16.6196657973005 0.0460916186857217 -0.0732137872323408 0.996250623109479 0.0155310109960889 0.997242524695674 0.0725681378846383 0.10783167388852 0.51690824953474 -0.517141830268634 -0.328299447450376 -0.34699805987423 0.56149139419609
-7.6515316611409 5.07140288010634 16.7233512837524 0.633834682673294 -0.198053002959583 0.747682153765296 -0.00404450965472581 0.965799469475901 0.259258609696445 0.811070020295351 -0.0643682707611867 0.57306107944362 -0.126902699892606 -0.427324557626574 0.273735971183464
-8.11778832820401 5.48764362418271 17.0434138363352 0.854023221193235 -0.146480694965849 0.499187082830762 0.367584809515094 0.848914619604063 -0.379770162646161 0.956665983913092 -0.116633404400347 0.0046405382522811 0.469700513309861 -0.0914343767534814 0.548927344013698
