t = 974338
b = 30 30 30
E = -0.834343299206384 -1.23450726173894 0.400163962532556
41.7477996628592 -7.99588254424197 42.1588547617175 -0.91097258733387 0.211424706627745 -0.354158917088926 0.2448062689684 -0.413904484854815 -0.876785588437019 0.359857443152253 0.0454630343882059 0.24332038576108 0.271410148004668 -0.372386216510446 0.243191300452586
41.6474044480151 -8.40564310127051 41.7532478279061 -0.565118322274035 0.755255447641842 -0.332009774912566 0.213767539942617 -0.254640586037823 -0.943112724338499 -0.27763895783647 -0.30427707626737 -0.322723625246146 -0.769594823931045 -0.235695773263659 0.0915166772113466
41.2964348196775 -8.44765908805735 41.3740558521666 0.264518516444423 0.91656706609647 -0.299891259968246 -0.150171195315317 -0.268026389219113 -0.951635679648328 0.259058501896357 -0.406187593020581 0.111812689108603 0.348471244911907 -0.371111365392954 -0.19321973709238
40.9730685721991 -8.37128449972094 40.9176834319889 0.754401908702604 0.646493679191809 -0.113682377310257 -0.121345044903424 -0.0328503775321291 -0.992066647344517 0.676572091442618 0.131036535565321 -0.275377067213413 -0.221646848700344 0.298664631666034 0.0183878028098189
40.8053886644507 -8.18395059043558 40.4740971340873 0.953542064358935 0.299858823182492 -0.0290209865051111 -0.0926250570618141 0.200145704988129 -0.975378027012661 -0.272712381855477 -0.39484498334248 0.598824949338712 -0.439275711174465 0.0312688571316525 0.246149306318725
40.8018825375161 -7.78001876707341 40.2198163276876 0.928326889048755 -0.273411248289963 -0.251903704572988 -0.133470473819184 0.387301519306354 -0.912240738928861 -0.548146525641924 0.0615114737332842 0.338055692287475 -0.211987407990295 0.939384172798182 0.637469909916078
41.0206662053194 -7.45408570143797 39.9005017782695 0.458165431142821 -0.832969853160917 -0.310234848833588 -0.0305219831379666 0.334073826343161 -0.942052592532804 -0.626547482713867 -0.173429467545452 -0.369758731594057 0.153153781018863 -0.5028430220937 0.362821056780517
41.1882590479358 -7.23347693457207 39.3954580130168 0.474512150455594 -0.864142909069276 -0.16761638277713 0.16136130904218 0.272585357258216 -0.948503954104897 -0.0678999605546153 -0.468028523410752 0.0758873017877881 0.118985606499939 0.352575024447114 0.190681922790247
41.3236226060807 -8.39652441426783 39.211403692815 0.206684859866599 0.964423079740216 0.164831708012541 0.0957787947248392 -0.187603924920269 0.977563905755316 0.396243348135171 -0.222111532424966 -0.476545567925244 -0.374000277799852 -0.061685110615494 0.64337973939756
41.6263389377757 -8.42278700391598 39.6614032127412 -0.536183471748688 0.843606026841903 -0.0289163638715417 -0.00150509200969454 0.0333014302764808 0.999444220274248 0.215895776336089 0.370440233606712 0.0261836890468884 0.393234722683199 -0.158051046538814 0.406699477099678
41.9455999252876 -8.10677394591965 40.0068031596827 -0.920203997538682 0.358064751975017 0.158158895756477 0.132121793431393 -0.0962201009150601 0.986552342189897 -0.0991173700868737 -0.0544868591904856 0.0768936412315102 0.113225694485176 0.313548148737294 -0.450401028318966
41.9322362096879 -7.85488509140427 40.4739757983759 -0.983595684640488 -0.154688153247946 -0.0927960365605476 -0.124437752790678 0.209427724448295 0.969873844328635 0.302062270451765 -0.373290162857045 -0.119613189630188 0.474507863089949 0.586913620931399 0.653767008282666
41.7265588072215 -7.49277960311079 40.8057694871751 -0.610540692748281 -0.787798724216882 0.0813217844166939 -0.0291390741700179 0.124956019679826 0.991734292793329 -0.273046905482086 -0.133709522403258 -0.309826172841815 0.168369575562727 -0.801708068960324 -0.0403076000899356
41.4328568932889 -7.30174970461592 41.1707277097336 -0.0150420040831967 -0.986891708093248 0.160681344934469 -0.323467495725443 0.156861099845705 0.933147027302934 0.264325930294712 -0.274972138990883 0.437548491051114 -0.270569577269832 -0.00924859435846351 -0.316500601048119
41.049306807055 -7.43941811684245 41.5633941305858 0.532405330488031 -0.846284785778042 -0.0186178792709118 -0.447328980059701 -0.299954815230541 0.842569814566586 -0.0142661044570927 -0.0422558641960094 -0.246585820761958 0.124713866839578 -0.911651791706006 0.210652587034889
40.6587030614113 -7.71164479581978 41.7140326471696 0.932673948574875 -0.230359041916865 0.277586054146975 -0.336574385219157 -0.278929510624834 0.899397582450016 -0.170187735235752 0.0618263316094911 -0.296754776629596 -0.137795315512397 -0.0292487303071652 -0.808678553424625
