t = 586849
b = 30 30 30
E = -0.306118622577649 -0.551361636569053 0.245243013991404
-10.0141193109357 14.9314395947034 13.1722330664543 -0.493532055147738 -0.564595286912819 -0.661557459739881 -0.368539497484239 0.82474263200492 -0.428926834958686 0.0595921031456697 0.273328768606819 0.0162359085999295 0.448077341914477 -0.106850916646971 -0.344790187901148
-10.068587519864 15.6693010759379 13.3170408339383 -0.538271381599598 0.703003947445844 -0.464811111771635 -0.39685964144614 -0.697984762051652 -0.596086987724897 0.436032071342891 0.291807625533909 -0.316471930831251 0.624224977115001 0.0181582773930347 -0.0329458555672815
-8.96004810208228 15.9360823134403 13.4778568420188 0.460900429085859 -0.678317731506314 0.572237581422774 -0.389348714514355 -0.733996564976343 -0.556467987496982 0.141458867789485 0.146327969612229 -0.399153455354979 0.473562310211112 -0.0473401482297542 0.25255079590492
-8.62615416079404 16.5701132675292 12.9445322808712 0.892114670531746 -0.372728593185151 0.255352326099158 -0.090469718327231 -0.701100284915173 -0.707300233675663 0.471702176300057 -0.163219128701756 -0.0922034688944578 0.575499330851787 -0.35988750188208 -0.279089566634414
-8.44618738926631 16.43979402607 12.5487180574071 0.0363811351301122 -0.866980892834064 0.497011614016531 -0.160584098822755 -0.495949656287277 -0.853373708075099 -0.488365122758509 0.246721872811961 -0.0432729201627013 0.113357716511572 0.180260469581272 -0.154959569311632
-8.35818890626633 15.9200398760265 12.3010313595198 -0.688815358576269 -0.345090638095964 0.637531060645654 -0.305232292762469 -0.659617633436074 -0.686831729840107 -0.204538219935386 -0.00732807227715206 0.0788388011110828 -0.296535128350297 0.47116105243708 0.0051913601553769
-8.31665145808446 15.4385219798528 12.1555097887424 -0.949746601428069 0.270146866681256 0.158120408227806 -0.303200774822414 -0.668422532718802 -0.679176418834504 -0.259317827357867 -0.187543876118334 -0.250860269130573 -0.0235398147093389 0.155159083399107 -0.433252510474954
-8.15872685694222 15.3016392727595 12.9632275564392 -0.0925341515202155 -0.704430756634747 0.703714956434393 0.836907418864403 0.327884832037579 0.438266481914156 0.401078809476342 -0.0691220585218133 0.25707143113068 0.124834704576205 0.0477455697050957 -0.23345517601145
-11.9347898949092 19.7608128682798 12.4688269807415 -0.581806062014351 0.797271149280211 -0.160811755567642 -0.798093713582751 -0.521549330617195 0.301716290697831 -0.0744535152528951 0.0337008831290793 0.115000401858973 -0.116414654724481 -0.662850323171807 0.0041726685693527
-12.2493478829969 19.6066218036561 12.8090090190733 -0.421050524189544 0.298893550748698 -0.856375560954748 -0.80123657282158 -0.565087630804585 0.196712795427273 0.0482875438376288 0.228265601157191 -0.0256317028636997 -0.243781917460982 0.273151513446386 0.362235354119201
-12.7137485730072 19.6463713186042 12.9002423737161 0.166926363848332 -0.569367401349583 -0.804957359946951 -0.720274007388051 -0.627936270698184 0.294790424238685 -0.319319751265338 0.45152026149645 0.0763729188670443 0.125888449367153 0.135025363856984 0.239548822903277
-13.0599183678334 19.4519478571745 12.8682273195366 0.528599175624391 -0.847512976149729 0.0480069451956136 -0.807360564949766 -0.484476556279989 0.336825451204427 0.20880438433845 0.0520975014670772 -0.44420603463595 -0.0763097262980914 -0.443221370347356 -0.234401919669166
-13.4823340229366 19.1812028367736 12.7523628600777 0.674883039663174 -0.503078364513325 0.539856501242318 -0.736692240526769 -0.501596566535806 0.453525552959427 0.43142946526332 0.236349289408896 -0.124189665613197 -0.052748778505842 0.39417262223147 0.290648365065148
-13.5576725211501 19.5497825098215 13.9686070055351 0.945778764391536 0.269143112921076 0.181836502367371 -0.307870182070774 0.921246690603276 0.237740375292438 -0.469926792231791 0.213754456565473 0.0756065218219033 -0.154843742720765 -0.0994873202588419 -0.163829957593862
-14.5830053667432 18.8204078398046 13.725394265745 0.502784227835245 -0.377386506697027 0.77768081164648 -0.286148700988649 0.776276987077624 0.561705403442205 -0.499160845350504 -0.13579533132735 0.383238358577151 0.734100602953905 -0.280219814765152 0.0404063868082274
-14.7963083063167 18.9880137623413 14.1391238099884 0.947326036386769 -0.0964932608020463 0.305388983762546 -0.113639133283062 0.790218841426959 0.602196255418864 -0.3289744229409 0.136387335900577 -0.375857710538631 -0.373344938199979 -0.0523261634687485 -0.00599228165387847
