t = 549755
b = 30 30 30
E = -0.358018558335726 -0.699041207555943 0.341022649220217
30.5366805976848 29.3497913060009 29.3915272702172 0.977371587101213 0.0899865879379687 -0.191434570332886 -0.159268199847163 -0.282518438315791 -0.945947658451059 0.572892874941215 0.441527233182406 0.159984695362728 0.442552431163562 -0.18292271730202 0.250373436293319
30.5525185100198 29.6031699651509 28.9394319820406 0.763964106014749 -0.640987388919664 -0.0741216025665785 -0.25469250647266 -0.194006954271822 -0.947361086830601 0.247576817188701 -0.291192001003919 0.281518395193814 0.514671390284667 0.0922970308441549 -0.664276815283776
29.7122516566604 30.2540561842259 28.7739849990023 0.24904838179559 -0.706416393916425 -0.662533608152167 -0.868987119904858 -0.465020600047327 0.169166270193238 0.171882328502579 -0.2676571787364 -0.0895013221343292 0.281845797646078 -0.040032078781116 0.474906139576231
29.2951616894493 30.1601499845076 28.5908349339011 0.473922873872231 -0.878385716198313 -0.0619325697793252 -0.879762464615903 -0.469313033176793 -0.0759162877342527 0.522578408381149 -0.533734400793402 0.285551707356628 -0.229644905254948 0.0215378518263988 -0.00142629730552252
28.980607493488 29.775115422923 28.34787765399 0.427648653687985 -0.517014138897179 0.74149376880676 -0.850013815787659 -0.509097709920509 0.135262835708104 -0.0248468595159348 -0.501764707846035 0.194560558606708 0.222304965075075 -0.226469055786408 0.510100904268886
28.7373163317366 29.3164515572346 28.3752060127912 0.278909940583016 0.308551365798897 0.909398317409714 -0.77119167507302 -0.492337281846375 0.40356833523236 -0.38849830692469 0.13820046230647 0.136266980247419 0.235779970476153 -0.515855683464658 -0.498422506789654
28.9127503017236 28.9985061869727 28.446080389344 0.525707218279508 0.0470473191216976 0.849363567862588 0.640373265986217 -0.679139662825248 -0.358735833988958 -0.0884379887185928 0.381753840271221 0.828116854215688 0.134656608064835 -0.0638599885336423 0.207901672340223
27.9024579906287 28.3851236502615 29.280492727134 -0.937741165615148 0.17345508326286 0.300923313156399 -0.346384897723136 -0.531049615753429 -0.773307059477334 0.659154776481732 -0.0678408281674657 -0.0965932086363288 -0.223144622978868 0.249465095648602 0.0645487906853288
24.3690404154574 31.5962829404018 27.7202028884884 -0.228104455759863 0.862420801918974 -0.451883522248751 0.669698859544558 0.475865671088909 0.570136212324585 -0.266359398464136 -0.424978335682049 -0.018430940670407 -0.384263753276902 0.615160327078785 0.0705037706016231
24.7355087553658 31.922772617076 27.5926617438778 -0.591715790594834 0.598660822979615 0.539886693844261 0.805166548483473 0.405871721235715 0.432406030374646 -0.414544278182184 -0.433110051786666 -0.033694131787146 0.36972890922352 -0.384049513237043 -0.326678101580159
24.9528602292088 32.3483841714851 27.6289395210168 -0.422708952967074 0.0467336698747404 0.905059724648882 0.797546209361317 0.49345821493464 0.347014457979647 0.615315059903076 -0.0721115994596152 0.123862761381918 0.0730295130661965 -0.135133408819263 -0.494858950371536
25.0698590203897 32.8086936081548 27.7628383853763 0.22001834277589 -0.552548107496509 0.803916984361064 0.796384149858738 0.577668134896393 0.179086045740849 -0.131898393723889 0.296938128965138 -0.102820578218525 -0.0785372412555351 -0.25342707854457 0.144087119471787
25.2025596075369 33.0614940078478 28.1275388547386 0.748167671581605 -0.658226494174437 -0.0835644515747855 0.655192163808404 0.713027096692648 0.249630903267441 -0.189521373741134 -0.072930211403448 0.065794433392648 -0.0878371744606347 -0.522437653381497 0.0410684667377964
25.4885433054278 33.2101808025361 28.5171488353349 0.518435392774406 -0.324568192089997 -0.791125926892985 0.658046871172097 0.742238174398217 0.126715460014274 -0.623995330498725 -0.0445638206531633 -0.323895160744242 0.165914038947871 0.362974962520477 0.203767297048269
25.1255733507106 34.4174037639725 27.8310398116166 0.514951277140785 0.0102017541569669 -0.857158740481135 -0.513497539035291 -0.797001075060317 -0.317977300695188 -0.0252070010665524 -0.448069157439321 -0.0160069048219001 -0.596194521952253 0.214484553856073 0.619793346298007
24.569479976405 34.8506693247299 28.7161971315781 0.392252492127209 -0.0396708679390976 0.919001743554901 0.22093659796253 0.973886955958362 -0.0522610437600459 0.33812406189472 0.624778937955404 0.150744589842682 -0.116525910617264 -0.426235932147965 -0.0027368664874278
