t = 530686
b = 30 30 30
E = -0.349796840065143 -0.654831580644712 0.305034740579568
-18.3093835873648 25.651200734402 33.3596953316627 -0.906824108830978 -0.358154991957367 0.222249943484553 0.117389828666618 -0.721001569264959 -0.682917539123914 0.370429856111091 -0.279369521547679 -0.459365386491999 -0.419149850757716 -0.527370494094422 0.603968400857303
-18.2538929538185 25.1671666423352 33.0944302403741 -0.994943379409236 0.0480088711854367 0.0882202927745213 -0.0943428159496883 -0.748038353181408 -0.656915561734049 0.00750867510111479 -0.477122208167343 0.079875314597965 0.00867813393138737 -0.339790324930515 -0.0587104062316131
-18.4347614921859 24.6865847024189 32.897010963418 -0.807410451142647 0.488617428176083 -0.330668069623063 -0.17686954241106 -0.735145995073992 -0.654429164153013 -0.431743956556961 -0.36242024742352 0.403409205807292 -0.210947590470594 0.0349290937949629 0.22679443929082
-18.8056386116781 23.9206676764718 32.5510731966194 -0.57600151211538 -0.80620019420288 -0.135142535524825 -0.742130400324424 0.446419428809494 0.499952160207084 -0.469328658591092 -0.0668152526895981 0.286175322644471 -0.00875270196266916 -0.234181949234837 -0.115078131677519
-19.2360900723933 24.1877906172561 32.6538001766528 -0.237052341513637 -0.966916064119524 -0.0942311643271695 -0.958187128863488 0.216701495860097 0.186863286314769 0.13746848882767 -0.225878610263761 -0.187954830360235 -0.0168784622756269 -0.170798596895749 -0.0348632696471696
-19.7469241908232 25.3234976809269 32.4966865601665 -0.686478073883057 0.697831249990896 0.204400099349231 0.449715894282581 0.186552685062542 0.87347221485609 0.344443775492544 -0.0056627289142676 -0.126942812986229 -0.344587870973657 -0.364121264599183 0.119571756361598
-19.5045036986117 25.7308182707122 32.7388872599799 -0.819716990372236 -0.310359952589961 0.481394594406052 0.518496564907949 -0.0449786306254972 0.853895915768221 -0.127614316965012 -0.148744418721333 -0.431424750186905 -0.222511840371655 -0.0314708221794045 -0.212618887298695
-19.9632005858257 25.9642304209369 31.628461034119 -0.544031710332501 0.836917954666516 0.0599819582000974 0.703643463257473 0.494001956840563 -0.510732751302204 -0.0157480801448204 -0.436254338747902 0.201404036229331 -0.0800565099538658 -0.21821733035573 0.564314855170734
-20.5410058530449 31.2383300983087 31.8414631968435 0.173698651913152 0.525906959032713 0.832616747828487 -0.158986645671294 -0.81940318937348 0.550728299384245 -0.0729460416645979 -0.135126046573227 -0.147180350665492 -0.386893662485872 -0.655235063265699 -0.29715904791045
-20.3390693432506 30.8555991190145 32.0545521057096 -0.508619665244349 0.504765572232155 0.697508245984107 -0.210272045260105 -0.858414200192084 0.467878967138624 -0.264054751406743 -0.0203443896956593 -0.0790583442297328 0.510675079400418 0.569110566043444 -0.147120165630502
-21.3974296208585 30.2643043497384 31.7969199893385 -0.486979970095385 0.162411459771054 0.858180066455162 0.103342483206738 0.986371528154052 -0.128029448220981 -0.0134723345998031 -0.0230738750992889 -0.138784786454559 0.3645046813407 -0.232940848813692 0.0954950350398409
-21.5413133724765 30.7108585701823 31.8051417580852 0.354086089724843 -0.01036116444815 0.935155434852734 0.329560673262024 0.937177786326479 -0.114400871741738 0.787102975683241 0.304592746114056 -0.0191566112245426 -0.0494658580701805 0.214929917600021 -0.0216643901337794
-21.6171706335017 31.2443508960502 31.957398585542 0.779917111336881 -0.374565337993766 0.501428067640409 0.400909352961949 0.914194557380859 0.0593296044383597 0.48453127164267 0.264648455598454 0.237861853476007 -0.48961816497694 0.225187308201293 0.455925385845866
-21.6406162017085 31.6577365436504 32.1577943484997 0.917270777368358 -0.344340531097499 -0.200109768950906 0.346191399749509 0.937780789362674 -0.026808689669858 0.644860104622711 0.327278579797695 0.369537776124063 -0.148866638745239 0.177463054234867 0.0311859784804131
-21.2469343321485 31.8680053091356 32.4096213646144 0.577857764465243 -0.0885691010488115 -0.811317396822374 0.445397609022958 0.867230122370561 0.222559845277064 -0.121803693928188 0.93811258627416 0.233758795668787 -0.233693937542196 0.0678784491171601 0.232707514025229
-20.8878639297526 31.9299526718976 32.6090274779433 -0.0881862281632089 0.486071976736466 -0.869458005077824 0.619374217205162 0.710361751878475 0.334307882840992 -0.490824330374981 -0.0856170508496312 0.651597581538877 0.199146066979624 0.132360624867046 -0.102703916934885
