t = 545592
b = 30 30 30
E = -0.173168272310751 -0.566678980789237 0.393510708478486
10.0821104052803 -24.415552104805 42.277519830235 -0.581829925606629 -0.811217320545115 0.0583129189479158 -0.631861710670878 0.40571805964808 -0.660411716025314 -0.216219723359862 -0.0886119336205706 -0.24005575993242 -0.353786212333271 0.403549165568082 -0.0073051675034124
9.89067435772886 -24.4500268233353 41.8662821263631 -0.735335487438739 -0.027514822370869 0.677144486400933 -0.57265282467074 0.55956730865254 -0.599127006138072 0.125576301456098 0.488834589557047 0.686674064118649 0.216213132902874 0.0836541726833121 -0.653084358635865
10.6248554046027 -24.6078833525574 40.9008794698908 0.503120242103345 0.746903310370694 -0.434747589922224 0.840152835127743 -0.304832925555591 0.448575635901063 -0.485330429317056 0.00652469278028226 -0.28498074533074 -0.396293931744323 -0.0594364267093577 -0.412997961652814
10.1231367652841 -25.5745450454752 40.913609753457 0.090231492942935 -0.616767263282209 0.781956789486889 -0.945320446894113 -0.300127570009327 -0.127642839219963 0.494052867997914 -0.268321137898724 0.273711157021387 0.192279266331107 0.279285798482002 -0.0353648091129845
9.76165452194116 -24.1879967706157 40.9347962632655 0.170457740471594 0.907182676820128 0.384660564122152 -0.879196545407069 0.316290613964799 -0.356333666753532 -0.12208323538154 0.183503906250992 -0.105048511080895 -0.0837457737379285 -0.491321074660631 -0.0808019291857191
9.31093005197479 -23.7864362779241 40.8666358401341 0.680607054201362 0.729924059568283 0.0631261042256036 -0.613762145831129 0.615096374940252 -0.49492673991217 0.203398237070265 -0.0836989089550805 -0.211373393773226 0.506146255353201 0.551542552930207 -0.0466430427968895
8.98183746753307 -23.4826075137494 40.7951167169547 0.811850014884269 0.568203840659029 -0.134327766276095 -0.583787899033846 0.793730302611842 -0.170832946639038 0.548832259129137 -0.230646638669904 0.358873743979016 0.178491745462762 0.132735663654902 0.187859428941612
8.84026671488123 -23.0768591397662 40.9862335691501 0.490264390147018 0.31715943599435 -0.811819388727249 -0.655009112586598 0.748551009409571 -0.103123463578454 0.150386267588942 -0.379535481389454 -0.239280874265699 0.17464085196202 0.175196569007653 0.600066483584848
14.7110531688972 -22.308951598478 38.1888741822165 -0.194928895285238 0.699493977522474 0.687539745173103 -0.781500815851111 0.312812166589214 -0.539819435791045 0.152295932196281 -0.0458992129671391 0.377108930249193 -0.274078442879315 -0.921824830229712 0.0771048631696939
14.2222558807044 -22.2257171026053 38.2195080969518 0.546911179499692 0.827916706912973 -0.124266198753598 -0.569156366481004 0.258839484781627 -0.780424981412142 -0.327773994868142 -0.238162360376769 0.0860034036669304 -0.0160149818800997 0.0497062189306938 0.211561295524912
13.9703321650987 -21.8804702830749 37.8923075421054 0.845150343040216 0.431997493384042 -0.314800037117193 -0.51676550374208 0.509776740697672 -0.687808904264724 0.0925267205490711 0.42129590578548 -0.536120097822895 -0.315954258920669 -0.381174803261924 -0.158492475460473
13.7827983697605 -21.458642257742 37.6408100641933 0.703375465825251 -0.503545996291628 -0.501701488630193 -0.391450642174658 0.3147373085389 -0.864700422894978 -0.303984784737424 0.578836753054079 0.76230931519549 0.385617452092417 0.184749440721442 -0.182956075172295
13.7096833022085 -21.1973710726919 37.2317322448306 -0.144861063537963 -0.970715421253968 -0.191642488009276 -0.675984497290979 0.238530529933533 -0.697243247161211 -0.231299907483784 -0.697901512305912 -0.154642536684198 0.408032987199322 0.0122657756043983 0.239627757412215
12.719529064055 -21.4296719448203 36.880451999644 0.0839878302273757 -0.990705199176795 -0.107001180824068 -0.136622844760173 -0.117815260504453 0.98359227461481 0.700111912016438 0.491010281690178 0.160570404233827 -0.242377795445663 0.372331737001659 0.350383515385672
12.4027812721185 -21.6367062116302 37.3453589505377 0.754287636551111 -0.656352358854635 0.0158663912753254 -0.0157797929830628 0.00603581888628811 0.999857273326442 0.0683892108774749 0.634207841556483 0.0755360483821901 0.53700524960724 -0.549233935576393 0.0836243186630233
12.2422797246076 -21.5496469462661 38.5504013502718 0.311185053763971 -0.0892072380325578 0.946153228074878 -0.625929563322081 0.729904878540743 0.27468354526966 0.113041201421081 0.23067855275568 -0.462570821680253 -0.211257419749513 -0.819961431040042 0.699119902732906
