t = 1023288
b = 30 30 30
E = -0.00711101848669482 -0.320746597330362 0.313635578843667
-19.7107002672873 -17.8498499323918 -9.39755363925065 -0.200875363111439 -0.657636280491014 0.7260603357 -0.976904522568801 0.0793632225061742 -0.198391110431059 -0.149458231892862 -0.142638792246008 0.312639083225558 0.157953980830888 0.528338106386882 -0.0513437301839586
-19.0168797504008 -17.1090340321272 -8.65001615170319 0.783377795451194 0.184316956037972 0.593587810952118 -0.390898940893356 0.888604371188308 0.23995893297289 -0.198309025183644 0.129498143799896 0.10226713536583 0.304922847643741 0.387079995870336 -0.262891442691873
-19.1750825129458 -16.7748939934245 -8.29542119175797 0.892057411797917 0.374226332088546 -0.253353954829907 -0.37422404706985 0.925982958171366 0.0501190958705319 -0.350669052420131 0.367006600705794 -0.565890323838039 0.393494802300713 0.0243451068445678 0.135410587462568
-19.2396409605458 -16.3312256815657 -8.05909130450352 0.33598818983116 0.300861298190851 -0.892521381001541 -0.373861132210189 0.912360894791729 0.166809626452881 0.779900994870922 0.49886821270275 -0.197895122381825 0.0712692384504267 0.195052117085028 0.346461305207393
-19.0515548843936 -15.8351269353853 -8.01476539944333 -0.609828628049921 -0.0154998029951808 -0.792381726516868 -0.562999086813735 0.712157052242557 0.419361849943562 0.0295953250277678 -0.113360496730827 -0.175814039284415 0.131548482371869 -0.115036370027541 -0.47735013354101
-19.3143556560167 -15.4006093769112 -8.01361888407021 -0.853065188588159 -0.466482087870403 -0.233825246102971 -0.521749860433579 0.756066645703177 0.395145935563919 0.321205301817117 0.0979167588495241 0.238084309579717 -0.230502045742232 0.340542636539269 0.0723474546974075
-19.6782160709565 -14.9225101485796 -7.98598799449187 -0.643219449128217 -0.709143696807677 0.288762804982106 -0.640844525979914 0.704987639355662 0.303826795851368 -0.714762417775225 0.224074485027439 0.408152939540072 0.224475706243693 0.0234748034130414 -0.300221640522829
-19.601524913429 -13.881444348403 -7.11631496937774 -0.21632907315101 0.970854647818836 -0.103164843421552 -0.696978766338326 -0.0795742231509314 0.712662993485302 0.268836584967992 0.0505126307161047 0.431116282093365 0.15427794245823 0.435939988686014 -0.17478521371717
-20.7965483248929 -19.3228617586362 -14.0829714393998 0.475664183395677 -0.551189046217633 0.685517483339568 -0.464246123933141 -0.819256453703341 -0.33659233425389 -0.760574720298408 -0.643645269455707 -0.509862275159492 -0.0660125865859225 0.184485222919549 -0.209745620421826
-20.9767686854743 -18.5821927867375 -13.8902387278801 0.526658496606572 0.178750377072938 0.831071074366319 -0.850006322350575 0.0981316851294518 0.517551373621695 -0.530223891809842 -0.154628279741251 0.155156255768357 -0.1634891343218 -0.462526871098895 -0.348454392507655
-21.9146240272799 -18.2284781309395 -13.6985580683463 0.170531446144697 -0.937052655432084 0.304715189682878 0.24918347441686 0.340204536305692 0.906735060287497 -0.00779699584401235 -0.300032695791491 -0.208861603939771 0.372999240177987 -0.0154652273622566 -0.455806847682086
-22.1409007280839 -18.4670051005169 -14.8691476489812 -0.842755724166098 -0.538169195334246 -0.0116921588497068 -0.502069487731819 0.793687372936736 -0.343491751763414 0.034380756846382 -0.669934261136643 -0.226827356607519 0.232238829937802 0.0204371932887388 -0.125395717945943
-22.3801973920478 -17.9872631744358 -15.1907577906227 0.848583481267887 0.462900584909155 -0.256181817875591 0.488284577602437 -0.871654035276675 0.0423959203403372 -0.454259432198729 -0.131213380442111 -0.150618994432386 -0.24548110659406 -0.109811446970269 -0.143671158749915
-23.5009109835078 -18.3782901452724 -14.6379924542412 -0.901641128568052 -0.360754781480547 -0.238535663818757 0.373454549402775 -0.371279903827577 -0.850107600568397 -0.233518162431601 -0.0843643474816027 -0.146061820455041 -0.262382302478856 -0.08085084414688 -0.354831872890274
-22.993650780114 -17.0691557620311 -14.0261582427169 0.999323775659646 0.0362490533140614 0.00616421407634415 -0.00795068799126914 0.376705470137132 -0.926298966494737 -0.123999440205731 -0.217773198366605 -0.0906022349222346 -0.490340484415576 0.833935249337997 0.323331544581775
-22.6381898154476 -17.5308546048915 -13.6449482627108 0.315684811215927 -0.128545971494218 0.940116499791477 0.944756736222 0.134669648436025 -0.298829040009972 -0.0746558627043679 -0.370038807742104 0.0461683043911314 -0.0200990147891264 0.424344172660296 -0.490181087228748
