t = 1826907
b = 30 30 30
E = -0.0685565451793154 -0.396392408156463 0.327835862977147
44.2779716246352 51.8673596203584 -10.8772706191925 -0.409839561403008 -0.288429860558881 -0.865355273542012 -0.168490980001613 0.95630337825555 -0.238944843834657 0.142993495163719 0.0362170130817595 0.437471357583172 -0.455363188186768 0.0836566659356528 -0.254476754973328
44.1470290303319 51.9898496327228 -11.3590687846082 -0.5216103915865 -0.66566889799358 -0.533673605898767 0.0362882717723623 0.607632784120441 -0.793388656960667 0.535925755381134 -0.0778379747041131 0.0398240547489281 -0.14704489726331 -0.068117446306742 -0.0292912216157406
44.6465083442456 52.5027813043852 -12.0690897866106 -0.387326562524866 0.53972932437257 -0.74744256660628 0.407596141718962 0.827438884510422 0.386277462008791 0.0622526155638407 0.203726186736081 -0.357671317724694 0.290812825867295 -0.0745018021891261 0.592191603314513
44.9570908822312 52.6901081799209 -12.1174100058968 -0.738012191472685 0.624118799831737 0.256541865850835 0.673734248108634 0.660298695751249 0.331794809053186 -0.761819162510572 0.328303145583093 -0.497831091177098 0.433503988111077 -0.262827717865773 0.737051353462645
45.9300225897249 51.6353489596268 -11.6934568177743 0.150311570720292 -0.17029665561927 0.973861119868984 -0.101092104023201 -0.982536837312943 -0.15621059447826 0.0557979396188852 -0.112254744842057 0.20505256994009 -0.405513713098606 0.147570750823458 -0.337581022254834
46.0440685381199 51.1218319426737 -11.8351074935548 -0.413758673389013 -0.0339925924761229 0.909751759466356 -0.070484284230308 -0.995107034599693 -0.0692383951772966 -0.4695922927738 0.530423021997397 0.334463529745406 -0.321615082546641 -0.564402038650468 0.774280655963107
45.4463574181873 51.0621248180103 -13.1059638752104 0.675340880473919 -0.549390267771354 -0.492021370307071 0.229133830026235 -0.477825725922449 0.848044965543786 -0.351310985609865 0.400502630891128 0.0208597073535882 0.0582172933707309 -0.458237229263556 0.174389185467151
45.3586016978549 52.2566429900436 -13.0166565595059 -0.0524128246938156 -0.187657374844467 -0.980835157136063 -0.192293489191853 -0.961907582416279 0.194311648916113 0.475144343164888 -0.175792114590734 -0.19472398198845 0.0822946694033793 -0.473673435720027 -0.145499175335411
46.1511937147671 46.2058905831331 -12.26414685035 0.511292857974218 -0.411536341322088 -0.754465011220375 0.84824466884167 0.100628797770319 0.519956562455937 0.20378137438111 -0.178409982185918 0.0550677591801639 -0.318982104586474 0.0597351763287402 0.456682129323345
46.4773257528148 45.9448140085784 -12.0020907073575 0.426933870160972 0.190844618606689 -0.883915042330562 0.899773984413933 0.00783701235002044 0.436285867533317 -0.0892061944581221 -0.0909264497429939 0.162128592732041 -0.414702230399393 0.116165490008722 0.33290344705688
46.8717749690928 45.7580197366216 -12.1767002662984 0.278418381696931 0.924085306861206 -0.261819690582026 0.894686893805388 -0.150388091799231 0.420617146462012 0.451565052601901 -0.504356238312713 -0.130809966389089 0.633178317737711 -0.723664370336646 0.167587529615451
47.3499241817326 45.7720819613673 -12.251039470913 -0.193258988644364 0.855438779434999 0.480495013446443 0.828449758202164 -0.12010405517349 0.547033832651707 0.0830297053414995 -0.218696803735923 0.548526564460477 -0.185464141311028 0.0300660735539499 -0.0390728189765994
47.757713269481 45.8944879708878 -12.1026081579936 -0.57533314117005 0.423612034605319 0.699674653541883 0.795871395940042 0.0926618770533582 0.598333099256113 -0.303530237691315 -0.518578388230862 -0.118052751240621 -0.0833911650502971 0.0847528253475282 -0.161558723166387
48.1459736162377 45.804372025648 -12.4782658754964 0.0417423592010299 -0.810643988731473 -0.584049568942458 0.649456693641028 0.466229605824736 -0.600696227503866 -0.0810595569073526 -0.00294232690718947 0.649319881005856 0.196127071478715 0.422365934240983 -0.187558195332639
47.5507771673073 46.6942593408453 -13.4291869247355 0.0787634631222182 0.200129317836112 -0.976598470723489 0.195043421815478 -0.96380251901722 -0.181776698018713 0.424452423026221 0.16852295935915 0.320599077427289 0.0418490384374491 -0.11066537808282 0.142640854245368
48.4072928789791 46.7277861453868 -13.8712694314627 -0.438676598430641 0.363663832472637 -0.8217733622725 -0.506174497125509 0.655603003152492 0.560332116442708 0.0258765911380841 0.184503976768027 -0.13826527024441 0.0232774670404608 -0.36833262408353 -0.277983481910204
