t = 411500
b = 30 30 30
E = -0.0798412404261855 -0.410688502482499 0.330847262056313
10.583566155191 20.2725030070587 30.1482939340566 0.119618701706898 -0.337859749051918 -0.933564221771871 -0.823742330564201 -0.558668010433402 0.096636571519444 -0.0901187161191199 -0.309668563262542 0.0774117278160863 0.78213352694233 -0.19658899593358 -0.169383067743101
10.1074119911217 20.068717878159 30.0982037660382 0.470000046531661 -0.569083549528235 -0.674717622355148 -0.844511995137894 -0.512241113730124 -0.15623229971017 0.348469026125183 0.353390960253531 0.329706291632836 -0.271779192535747 0.0344540192987212 -0.691257084165324
9.87558465865432 20.2369001877774 31.3290219309477 0.831199006623461 -0.456460543854755 0.317414529112954 0.385450786546346 0.0616788750409957 -0.920664655303154 0.103748240177422 -0.26844706674957 -0.0159007932273505 -0.191100627587975 -0.0786447627417549 0.0518345210135355
8.4272206386737 19.9985445607122 30.3561382317253 -0.861483355279616 0.507729200594606 -0.00758204719897634 0.430308089863295 0.722029731459002 -0.541763799720359 -0.397711439871271 0.0285189958014868 -0.24735109846298 0.422308347386042 -0.385735212704557 -0.537812531890494
8.61187780548653 20.3890474041131 30.0167158077522 -0.837670826963951 0.401539486855613 0.370234555585036 0.186288936999756 0.84726976366071 -0.497423742434772 -0.130763981451478 -0.0673584372155334 0.309759547295171 0.0395713314571245 0.719936096956625 0.0835110625147623
9.64672301312087 19.5191518290265 29.4912791688816 0.915484314711984 0.0672101983707817 -0.396700464773232 0.300280087757067 -0.770377127210417 0.562450842978859 0.260457603817688 -0.376829899464773 0.244644057274685 0.326018929495033 0.311788784083624 0.3995917762937
9.51747153108559 18.8851284714666 28.9841843229384 -0.321009654604226 -0.58355835582355 -0.745930591274671 -0.422517246010356 0.793132880883802 -0.4386563690234 0.0846782777310042 -0.479248955616983 0.438909348127608 0.0059279988200977 0.0505384416669003 -0.13702907512675
9.89983861727226 18.8334776311385 29.0709460030128 -0.844185084560415 0.329405206751844 -0.422899222948558 -0.0318559364861778 0.756692573053889 0.652994294918169 0.344961949297864 -0.157142140296831 0.52881111453543 -0.875168437067298 -0.416251232788259 -0.36048938468943
14.1188124493727 20.4697367859082 26.4576781424517 -0.671063622657125 -0.652117350051566 0.352727339609521 -0.741394749790577 0.591997634220996 -0.316026305961536 -0.370237570755457 0.251084093611873 -0.683584807737265 -0.0843822398699963 -0.248413605992254 -0.057201925365817
13.7159597777658 20.4212639108823 26.1467602395347 -0.520586698871691 0.0554904415663307 0.852003697088604 -0.766000047508937 0.410424941100911 -0.494767920280426 0.501436369523438 0.550725428424858 -0.376266656149586 -0.103098949748963 0.0222003121236722 0.0140893141688379
13.636320007634 20.0038472533055 25.0336967925177 -0.248518346700799 -0.906031533897461 0.342557281248712 -0.917022581022185 0.333966249160508 0.218027820053054 0.13066719607529 -0.283132134802463 -0.0220066143533992 0.163984758432421 0.0553190459739783 0.390155402629123
13.1538453938243 20.0355056173144 24.9898044086527 0.0552383821528126 -0.419146162694934 0.906236842903233 -0.950996709505134 0.254459627508902 0.175657497643648 -0.339083896635753 -0.524884315354095 -0.327312886140345 -0.358005426908328 0.0859294679460174 0.00155062006943118
12.8068227331675 19.7335371126862 24.983053661993 -0.000745176075973209 0.480507433271463 0.876990337052514 -0.97351559172604 0.200148550281113 -0.110489594472384 0.0566143202615394 -0.28943343509595 0.187306956344419 0.0544063137203326 -0.321975338317347 0.422552534592901
12.238428870734 19.7255367127911 25.0956889975067 0.410472814269669 0.767301365619265 0.492707502545229 -0.896390714786301 0.438674851572196 0.0636243745983519 0.288662944445065 -0.417672039058673 -0.157040563680794 -0.238715690932232 0.232791222990411 -0.605125584575186
12.1495641922088 20.0660422004636 24.0157532005536 0.674553264679282 0.22291738237562 0.703765396808704 0.668259612595623 -0.589485149848165 -0.453802102553569 0.0197648653942402 -0.238468415949608 -0.0195680346717744 -0.634602729122038 0.409719412880162 0.345064698546927
11.1959148183052 19.0317839085816 23.1262640653562 -0.0479273582645602 0.181773868858595 -0.982171690148905 0.551681411356876 -0.814897170441948 -0.177736383357461 0.529560878798403 0.13954749153532 -0.211720728851225 0.126405637615189 -0.168258664796812 -0.202269042345898
