t = 6234
b = 30 30 30
E = -0.915419514925581 -1.24783524848205 0.332415733556469
4.48521265904792 18.4541193408217 14.6629066579841 0.769262486819443 -0.345301051470982 -0.537589443930401 0.617776176559239 0.616694048976958 0.487894502564084 -0.343310640944463 0.0129302574019046 -0.132159714520848 -0.182674451675227 0.546296347319972 -0.0308288244334531
4.80041493065615 18.6360909172179 15.0658912646859 0.278735152143503 -0.000154133561809442 -0.960367997802083 0.718611157899784 0.663431781449625 0.208461687378072 0.27722657063313 0.290709307049052 0.293584543030955 -0.0146831061550374 -0.152648117856628 0.0678413498086832
5.31503868811071 18.747095468187 15.060040002442 -0.449017844363047 0.439913533356677 -0.777726853473122 0.545993884723799 0.824085763258789 0.150908358411308 -0.249608946110172 0.626996670810174 0.418501539282647 -0.627511955847567 -0.233466619481265 -0.336355435555644
5.79099174359493 19.1570828534151 14.9535107428921 -0.681210465981812 0.310717938323467 -0.662877563235367 0.328873301749637 0.938838259662853 0.102103249652087 0.167289806236705 0.5423655017022 -0.102767900314194 -0.238062825950243 0.134019625171088 -0.484816978606871
6.04032208925268 19.5176283376521 14.6994716066225 -0.937740292451305 0.336011790088865 0.0879728414604004 0.335772713817292 0.941772035559824 -0.0179476375400471 -0.423245948379097 0.00584366978754318 0.243937767864603 0.266335459353894 -0.0572960087838119 -0.165412332918966
6.12132750229865 20.1319355685101 14.7337784411334 -0.965475442762845 -0.0274620290903746 0.259042479875647 -0.00949664787348631 0.997477074568162 0.0703512572034754 0.150013380588951 0.198869421362727 0.535768429298057 -0.228423637751869 0.00217577214014761 0.205333732130138
5.88330837825875 20.5565098727542 14.5116180021583 -0.413437516887847 -0.179926919781976 0.892578132808207 -0.101951474748347 0.983264792777605 0.150984251101396 -0.122459790325053 0.321813136335645 0.110957182705383 0.354623841056724 -0.242819353770779 -0.548475810605252
5.6342909491083 21.0242956735684 14.5225958002612 0.162709057393485 -0.248646096519581 0.954830289280611 0.146717605925613 0.963064573221913 0.225788777215235 -0.72226320776743 0.186794790028412 -0.461165878247174 -0.0234407826315735 0.0959297065228577 0.179232403924128
5.53713607853403 20.7877733054689 15.603967434586 -0.0282151183985657 0.265962949296664 -0.963570244816209 -0.261931027597687 -0.932238946450638 -0.249645115117872 0.365769876070275 0.140252133291594 0.350562670290802 -0.0967623216707331 -0.458291145621073 0.0641344604647117
5.21254957502545 20.4705602941497 15.4408276108306 0.65299570185344 0.0947177286198723 -0.751415441181526 -0.180193314761461 -0.944228405462539 -0.275614019296821 0.0614726295366718 0.0491302014304204 0.616784350690605 0.0942956128783481 0.374310258195005 0.140942706380967
5.00522653804231 20.0827110358682 15.082365826975 0.851577723704051 0.100438335324784 -0.514516784262877 -0.175183447354607 -0.870528442159335 -0.459881496871311 -0.690379630568336 -0.300703129148961 0.115070243778874 0.367239336125221 0.591397162470747 -0.153814316455591
4.85659773802938 19.9072959159185 14.6483371864709 0.978638915763331 -0.196513203483841 0.0604022632861206 -0.134814293611807 -0.835238209656225 -0.533106217716702 -0.543558492401217 0.0863224032317541 0.853803360598649 0.018033951319474 0.101931329619133 0.130212541456281
4.96265683443887 19.5656226978588 14.1838150183307 0.714512597346334 -0.38653616100585 0.583147961042702 -0.298255041348535 -0.922272576854545 -0.245880508158461 -0.0122408823652859 0.325656626159965 -0.304926264127574 -0.448485425422004 0.357072104310833 0.27833016257534
5.04698147858157 19.1167642058194 13.9804733011847 0.242567212136713 -0.188359753155257 0.951673132429154 -0.133442428921858 -0.978123982421357 -0.159582559121058 0.290592192558876 -0.208261784521213 0.0366691992964195 0.357416153389226 0.264324355792154 0.191344417565949
5.22078855899299 18.5907499471024 13.9066643874455 -0.304417070568566 0.0569719284515392 0.950833553528151 -0.275522687033328 -0.960806096982068 -0.0306413598265371 0.58738205192726 0.186442566282512 0.154205818777798 -0.152524599856987 0.0271218457251512 -0.0783617328867321
5.47141097237683 18.046138861269 13.9961784468747 -0.74313229968204 0.261946217012284 0.615742287456558 -0.38068405027356 -0.922267710721278 -0.0670963756715515 -0.100547883805928 -0.263895554884272 -0.615311661929491 0.149986307531723 -0.464674858878661 0.738348056023906
