t = 1000
b = 30 30 30
E = -0.994113352405847 -1.30080924859282 0.306695896186973
-1.29765126202864 20.1210194275643 20.1915162439772 0.850139839178752 0.477377403141459 0.222200514875736 0.163145841884597 -0.640023455227798 0.750835142380827 0.1401680926399 -0.222223379122188 0.0629844419116488 0.0874616394523244 -0.114983225212419 -0.0815962754316599
-1.02641237848047 19.7317475259495 20.2790380258715 0.317888089967402 0.710023878846691 0.628341669575062 0.0511396223166516 -0.674593474398894 0.736415903771597 -0.204975082361078 -0.175162863857024 0.616598485833309 -0.112066712721429 0.460176760404887 -0.0678026351838029
-0.788709188952673 19.4248754166838 20.5579579079836 -0.140934421561462 0.728008766814748 0.670925274721415 0.316506389518577 -0.608991899009191 0.72729125688069 0.480711772418262 0.523580253139259 -0.472151687178189 0.606861371603827 0.494029304173866 -0.151699427871847
-0.407755347636463 19.3047954744689 20.8353295716355 -0.64530868822859 0.470245886926302 0.602034469715474 0.351680380753144 -0.516736643477593 0.780579368854209 -0.000481788863351618 0.356269395971986 -0.409187637177347 -0.564524439726089 -0.371079724346331 0.329721436015344
-0.175200583699588 19.3414420243811 21.3456125091626 -0.952530670180725 0.109372913831746 0.284117736308405 0.202657637075994 -0.46863477097203 0.859832154301505 -0.836672883385159 0.0777600455651819 -0.437721371457107 -0.231603928683571 -0.160844350985992 0.0707537540262377
-0.196937895907208 19.3554704892021 21.9464811144247 -0.920875220088914 -0.275258039906506 -0.276083031881756 -0.066022981582755 -0.587825757282612 0.806288933930044 -0.154773817969188 0.0596368540632641 -0.417429895778678 0.190643924214345 0.362195607799359 -0.0990420464989876
-0.446798417977377 19.1363359474378 22.4344220222653 -0.468326312757971 -0.546267788850741 -0.694450838895486 0.0207094924474024 -0.792543737874833 0.609463321683888 -0.381511929876151 0.432113234198825 0.0983674556216089 -0.408897811001261 -0.579380439324201 -0.0663885076522565
-0.689823487878169 18.8471283528564 22.6899205721564 0.462872392360236 -0.577824162350973 -0.672211563270157 -0.00572721621359667 -0.760273738053929 0.649577587528964 0.211211400805992 -0.0360831627277302 0.0452906011605029 -0.691576917289188 -0.373307610289958 -0.153688560953444
-0.86589504208202 18.1987370974413 22.0367511915312 -0.142516024010904 0.676768965578197 0.72226930582044 0.0175827029425818 0.731333778336253 -0.681793042808192 -0.113132741410514 0.376405682967997 0.378772045524409 0.0701151059511651 0.198312404124459 -0.316157434644903
-1.16452185576641 18.5633986818625 21.8295959446478 0.60942990338897 0.637023263058419 0.472013299789016 -0.221579151980005 0.7084697291757 -0.670054715862467 0.293451865231465 0.888261148006222 0.55670379904067 0.343538869449336 -0.436577888024604 -0.389411783753888
-1.26582670826182 18.9726182754864 21.5866426476141 0.89375058277453 0.310682495742381 0.323552596388089 -0.153818498613718 0.889844065032273 -0.42955489685378 -0.239641847364544 -0.0883786135959579 0.159229750776969 -0.0165681637233335 -0.0457040376196445 -0.269593049028144
-1.31523846815366 19.4337505728327 21.6326055880241 0.897160559562476 -0.182977001862438 -0.402022819196844 -0.0492915801067286 0.86300327683167 -0.502787911855867 0.0161257955827595 -0.450152620517886 -0.224978216296003 0.372602794856229 -0.0957383980097965 -0.203062429871376
-1.1317703728301 19.9171499162409 21.5944899586514 0.535364957686825 -0.503226122334101 -0.678341972666861 0.0829609373312635 0.830578563616874 -0.550687508971512 -0.426715482390842 -0.163002856655998 0.103312511147407 -0.0320742591611965 0.102851528244656 0.183883294753018
-0.840208357526965 20.254866637424 21.4014270151884 0.0180081329629575 -0.618360283216753 -0.785688403431848 -0.00133963648815922 0.785800203260312 -0.618478977759254 0.109013956762576 0.0970548814020642 -0.161294109969033 -0.090872657954156 -0.22079100913905 -0.145739149888773
-0.555770347951785 20.555838875307 21.0827401521652 -0.489073497138677 -0.601256011937769 -0.631900563779804 0.0392153251027716 0.708565470836212 -0.704554562695993 -0.156384205020193 -0.117238055284849 0.0257417751183622 -0.282798516802119 0.390236222942707 -0.309239013670997
-0.367149795308734 20.7442637818471 20.4885061914015 -0.763235004925666 -0.540070289003229 -0.354677896396276 -0.00784568714167819 0.556640327432308 -0.830716552783998 0.433507120988101 0.189559363182982 0.348646266721914 -0.329230701534236 0.0386550245821793 0.0318960721646745
t = 2000
b = 30 30 30
E = -0.994113352405847 -1.30080924859282 0.306695896186973
-1.29765126202864 20.1210194275643 20.1915162439772 0.850139839178752 0.477377403141459 0.222200514875736 0.163145841884597 -0.640023455227798 0.750835142380827 0.1401680926399 -0.222223379122188 0.0629844419116488 0.0874616394523244 -0.114983225212419 -0.0815962754316599
-1.02641237848047 19.7317475259495 20.2790380258715 0.317888089967402 0.710023878846691 0.628341669575062 0.0511396223166516 -0.674593474398894 0.736415903771597 -0.204975082361078 -0.175162863857024 0.616598485833309 -0.112066712721429 0.460176760404887 -0.0678026351838029
-0.788709188952673 19.4248754166838 20.5579579079836 -0.140934421561462 0.728008766814748 0.670925274721415 0.316506389518577 -0.608991899009191 0.72729125688069 0.480711772418262 0.523580253139259 -0.472151687178189 0.606861371603827 0.494029304173866 -0.151699427871847
-0.407755347636463 19.3047954744689 20.8353295716355 -0.64530868822859 0.470245886926302 0.602034469715474 0.351680380753144 -0.516736643477593 0.780579368854209 -0.000481788863351618 0.356269395971986 -0.409187637177347 -0.564524439726089 -0.371079724346331 0.329721436015344
-0.175200583699588 19.3414420243811 21.3456125091626 -0.952530670180725 0.109372913831746 0.284117736308405 0.202657637075994 -0.46863477097203 0.859832154301505 -0.836672883385159 0.0777600455651819 -0.437721371457107 -0.231603928683571 -0.160844350985992 0.0707537540262377
-0.196937895907208 19.3554704892021 21.9464811144247 -0.920875220088914 -0.275258039906506 -0.276083031881756 -0.066022981582755 -0.587825757282612 0.806288933930044 -0.154773817969188 0.0596368540632641 -0.417429895778678 0.190643924214345 0.362195607799359 -0.0990420464989876
-0.446798417977377 19.1363359474378 22.4344220222653 -0.468326312757971 -0.546267788850741 -0.694450838895486 0.0207094924474024 -0.792543737874833 0.609463321683888 -0.381511929876151 0.432113234198825 0.0983674556216089 -0.408897811001261 -0.579380439324201 -0.0663885076522565
-0.689823487878169 18.8471283528564 22.6899205721564 0.462872392360236 -0.577824162350973 -0.672211563270157 -0.00572721621359667 -0.760273738053929 0.649577587528964 0.211211400805992 -0.0360831627277302 0.0452906011605029 -0.691576917289188 -0.373307610289958 -0.153688560953444
-0.86589504208202 18.1987370974413 22.0367511915312 -0.142516024010904 0.676768965578197 0.72226930582044 0.0175827029425818 0.731333778336253 -0.681793042808192 -0.113132741410514 0.376405682967997 0.378772045524409 0.0701151059511651 0.198312404124459 -0.316157434644903
-1.16452185576641 18.5633986818625 21.8295959446478 0.60942990338897 0.637023263058419 0.472013299789016 -0.221579151980005 0.7084697291757 -0.670054715862467 0.293451865231465 0.888261148006222 0.55670379904067 0.343538869449336 -0.436577888024604 -0.389411783753888
-1.26582670826182 18.9726182754864 21.5866426476141 0.89375058277453 0.310682495742381 0.323552596388089 -0.153818498613718 0.889844065032273 -0.42955489685378 -0.239641847364544 -0.0883786135959579 0.159229750776969 -0.0165681637233335 -0.0457040376196445 -0.269593049028144
-1.31523846815366 19.4337505728327 21.6326055880241 0.897160559562476 -0.182977001862438 -0.402022819196844 -0.0492915801067286 0.86300327683167 -0.502787911855867 0.0161257955827595 -0.450152620517886 -0.224978216296003 0.372602794856229 -0.0957383980097965 -0.203062429871376
-1.1317703728301 19.9171499162409 21.5944899586514 0.535364957686825 -0.503226122334101 -0.678341972666861 0.0829609373312635 0.830578563616874 -0.550687508971512 -0.426715482390842 -0.163002856655998 0.103312511147407 -0.0320742591611965 0.102851528244656 0.183883294753018
-0.840208357526965 20.254866637424 21.4014270151884 0.0180081329629575 -0.618360283216753 -0.785688403431848 -0.00133963648815922 0.785800203260312 -0.618478977759254 0.109013956762576 0.0970548814020642 -0.161294109969033 -0.090872657954156 -0.22079100913905 -0.145739149888773
-0.555770347951785 20.555838875307 21.0827401521652 -0.489073497138677 -0.601256011937769 -0.631900563779804 0.0392153251027716 0.708565470836212 -0.704554562695993 -0.156384205020193 -0.117238055284849 0.0257417751183622 -0.282798516802119 0.390236222942707 -0.309239013670997
-0.367149795308734 20.7442637818471 20.4885061914015 -0.763235004925666 -0.540070289003229 -0.354677896396276 -0.00784568714167819 0.556640327432308 -0.830716552783998 0.433507120988101 0.189559363182982 0.348646266721914 -0.329230701534236 0.0386550245821793 0.0318960721646745
t = 3000
b = 30 30 30
E = -0.994113352405847 -1.30080924859282 0.306695896186973
-1.29765126202864 20.1210194275643 20.1915162439772 0.850139839178752 0.477377403141459 0.222200514875736 0.163145841884597 -0.640023455227798 0.750835142380827 0.1401680926399 -0.222223379122188 0.0629844419116488 0.0874616394523244 -0.114983225212419 -0.0815962754316599
-1.02641237848047 19.7317475259495 20.2790380258715 0.317888089967402 0.710023878846691 0.628341669575062 0.0511396223166516 -0.674593474398894 0.736415903771597 -0.204975082361078 -0.175162863857024 0.616598485833309 -0.112066712721429 0.460176760404887 -0.0678026351838029
-0.788709188952673 19.4248754166838 20.5579579079836 -0.140934421561462 0.728008766814748 0.670925274721415 0.316506389518577 -0.608991899009191 0.72729125688069 0.480711772418262 0.523580253139259 -0.472151687178189 0.606861371603827 0.494029304173866 -0.151699427871847
-0.407755347636463 19.3047954744689 20.8353295716355 -0.64530868822859 0.470245886926302 0.602034469715474 0.351680380753144 -0.516736643477593 0.780579368854209 -0.000481788863351618 0.356269395971986 -0.409187637177347 -0.564524439726089 -0.371079724346331 0.329721436015344
-0.175200583699588 19.3414420243811 21.3456125091626 -0.952530670180725 0.109372913831746 0.284117736308405 0.202657637075994 -0.46863477097203 0.859832154301505 -0.836672883385159 0.0777600455651819 -0.437721371457107 -0.231603928683571 -0.160844350985992 0.0707537540262377
-0.196937895907208 19.3554704892021 21.9464811144247 -0.920875220088914 -0.275258039906506 -0.276083031881756 -0.066022981582755 -0.587825757282612 0.806288933930044 -0.154773817969188 0.0596368540632641 -0.417429895778678 0.190643924214345 0.362195607799359 -0.0990420464989876
-0.446798417977377 19.1363359474378 22.4344220222653 -0.468326312757971 -0.546267788850741 -0.694450838895486 0.0207094924474024 -0.792543737874833 0.609463321683888 -0.381511929876151 0.432113234198825 0.0983674556216089 -0.408897811001261 -0.579380439324201 -0.0663885076522565
-0.689823487878169 18.8471283528564 22.6899205721564 0.462872392360236 -0.577824162350973 -0.672211563270157 -0.00572721621359667 -0.760273738053929 0.649577587528964 0.211211400805992 -0.0360831627277302 0.0452906011605029 -0.691576917289188 -0.373307610289958 -0.153688560953444
-0.86589504208202 18.1987370974413 22.0367511915312 -0.142516024010904 0.676768965578197 0.72226930582044 0.0175827029425818 0.731333778336253 -0.681793042808192 -0.113132741410514 0.376405682967997 0.378772045524409 0.0701151059511651 0.198312404124459 -0.316157434644903
-1.16452185576641 18.5633986818625 21.8295959446478 0.60942990338897 0.637023263058419 0.472013299789016 -0.221579151980005 0.7084697291757 -0.670054715862467 0.293451865231465 0.888261148006222 0.55670379904067 0.343538869449336 -0.436577888024604 -0.389411783753888
-1.26582670826182 18.9726182754864 21.5866426476141 0.89375058277453 0.310682495742381 0.323552596388089 -0.153818498613718 0.889844065032273 -0.42955489685378 -0.239641847364544 -0.0883786135959579 0.159229750776969 -0.0165681637233335 -0.0457040376196445 -0.269593049028144
-1.31523846815366 19.4337505728327 21.6326055880241 0.897160559562476 -0.182977001862438 -0.402022819196844 -0.0492915801067286 0.86300327683167 -0.502787911855867 0.0161257955827595 -0.450152620517886 -0.224978216296003 0.372602794856229 -0.0957383980097965 -0.203062429871376
-1.1317703728301 19.9171499162409 21.5944899586514 0.535364957686825 -0.503226122334101 -0.678341972666861 0.0829609373312635 0.830578563616874 -0.550687508971512 -0.426715482390842 -0.163002856655998 0.103312511147407 -0.0320742591611965 0.102851528244656 0.183883294753018
-0.840208357526965 20.254866637424 21.4014270151884 0.0180081329629575 -0.618360283216753 -0.785688403431848 -0.00133963648815922 0.785800203260312 -0.618478977759254 0.109013956762576 0.0970548814020642 -0.161294109969033 -0.090872657954156 -0.22079100913905 -0.145739149888773
-0.555770347951785 20.555838875307 21.0827401521652 -0.489073497138677 -0.601256011937769 -0.631900563779804 0.0392153251027716 0.708565470836212 -0.704554562695993 -0.156384205020193 -0.117238055284849 0.0257417751183622 -0.282798516802119 0.390236222942707 -0.309239013670997
-0.367149795308734 20.7442637818471 20.4885061914015 -0.763235004925666 -0.540070289003229 -0.354677896396276 -0.00784568714167819 0.556640327432308 -0.830716552783998 0.433507120988101 0.189559363182982 0.348646266721914 -0.329230701534236 0.0386550245821793 0.0318960721646745
t = 4000
b = 30 30 30
E = -0.994113352405847 -1.30080924859282 0.306695896186973
-1.29765126202864 20.1210194275643 20.1915162439772 0.850139839178752 0.477377403141459 0.222200514875736 0.163145841884597 -0.640023455227798 0.750835142380827 0.1401680926399 -0.222223379122188 0.0629844419116488 0.0874616394523244 -0.114983225212419 -0.0815962754316599
-1.02641237848047 19.7317475259495 20.2790380258715 0.317888089967402 0.710023878846691 0.628341669575062 0.0511396223166516 -0.674593474398894 0.736415903771597 -0.204975082361078 -0.175162863857024 0.616598485833309 -0.112066712721429 0.460176760404887 -0.0678026351838029
-0.788709188952673 19.4248754166838 20.5579579079836 -0.140934421561462 0.728008766814748 0.670925274721415 0.316506389518577 -0.608991899009191 0.72729125688069 0.480711772418262 0.523580253139259 -0.472151687178189 0.606861371603827 0.494029304173866 -0.151699427871847
-0.407755347636463 19.3047954744689 20.8353295716355 -0.64530868822859 0.470245886926302 0.602034469715474 0.351680380753144 -0.516736643477593 0.780579368854209 -0.000481788863351618 0.356269395971986 -0.409187637177347 -0.564524439726089 -0.371079724346331 0.329721436015344
-0.175200583699588 19.3414420243811 21.3456125091626 -0.952530670180725 0.109372913831746 0.284117736308405 0.202657637075994 -0.46863477097203 0.859832154301505 -0.836672883385159 0.0777600455651819 -0.437721371457107 -0.231603928683571 -0.160844350985992 0.0707537540262377
-0.196937895907208 19.3554704892021 21.9464811144247 -0.920875220088914 -0.275258039906506 -0.276083031881756 -0.066022981582755 -0.587825757282612 0.806288933930044 -0.154773817969188 0.0596368540632641 -0.417429895778678 0.190643924214345 0.362195607799359 -0.0990420464989876
-0.446798417977377 19.1363359474378 22.4344220222653 -0.468326312757971 -0.546267788850741 -0.694450838895486 0.0207094924474024 -0.792543737874833 0.609463321683888 -0.381511929876151 0.432113234198825 0.0983674556216089 -0.408897811001261 -0.579380439324201 -0.0663885076522565
-0.689823487878169 18.8471283528564 22.6899205721564 0.462872392360236 -0.577824162350973 -0.672211563270157 -0.00572721621359667 -0.760273738053929 0.649577587528964 0.211211400805992 -0.0360831627277302 0.0452906011605029 -0.691576917289188 -0.373307610289958 -0.153688560953444
-0.86589504208202 18.1987370974413 22.0367511915312 -0.142516024010904 0.676768965578197 0.72226930582044 0.0175827029425818 0.731333778336253 -0.681793042808192 -0.113132741410514 0.376405682967997 0.378772045524409 0.0701151059511651 0.198312404124459 -0.316157434644903
-1.16452185576641 18.5633986818625 21.8295959446478 0.60942990338897 0.637023263058419 0.472013299789016 -0.221579151980005 0.7084697291757 -0.670054715862467 0.293451865231465 0.888261148006222 0.55670379904067 0.343538869449336 -0.436577888024604 -0.389411783753888
-1.26582670826182 18.9726182754864 21.5866426476141 0.89375058277453 0.310682495742381 0.323552596388089 -0.153818498613718 0.889844065032273 -0.42955489685378 -0.239641847364544 -0.0883786135959579 0.159229750776969 -0.0165681637233335 -0.0457040376196445 -0.269593049028144
-1.31523846815366 19.4337505728327 21.6326055880241 0.897160559562476 -0.182977001862438 -0.402022819196844 -0.0492915801067286 0.86300327683167 -0.502787911855867 0.0161257955827595 -0.450152620517886 -0.224978216296003 0.372602794856229 -0.0957383980097965 -0.203062429871376
-1.1317703728301 19.9171499162409 21.5944899586514 0.535364957686825 -0.503226122334101 -0.678341972666861 0.0829609373312635 0.830578563616874 -0.550687508971512 -0.426715482390842 -0.163002856655998 0.103312511147407 -0.0320742591611965 0.102851528244656 0.183883294753018
-0.840208357526965 20.254866637424 21.4014270151884 0.0180081329629575 -0.618360283216753 -0.785688403431848 -0.00133963648815922 0.785800203260312 -0.618478977759254 0.109013956762576 0.0970548814020642 -0.161294109969033 -0.090872657954156 -0.22079100913905 -0.145739149888773
-0.555770347951785 20.555838875307 21.0827401521652 -0.489073497138677 -0.601256011937769 -0.631900563779804 0.0392153251027716 0.708565470836212 -0.704554562695993 -0.156384205020193 -0.117238055284849 0.0257417751183622 -0.282798516802119 0.390236222942707 -0.309239013670997
-0.367149795308734 20.7442637818471 20.4885061914015 -0.763235004925666 -0.540070289003229 -0.354677896396276 -0.00784568714167819 0.556640327432308 -0.830716552783998 0.433507120988101 0.189559363182982 0.348646266721914 -0.329230701534236 0.0386550245821793 0.0318960721646745
t = 5000
b = 30 30 30
E = -0.994113352405847 -1.30080924859282 0.306695896186973
-1.29765126202864 20.1210194275643 20.1915162439772 0.850139839178752 0.477377403141459 0.222200514875736 0.163145841884597 -0.640023455227798 0.750835142380827 0.1401680926399 -0.222223379122188 0.0629844419116488 0.0874616394523244 -0.114983225212419 -0.0815962754316599
-1.02641237848047 19.7317475259495 20.2790380258715 0.317888089967402 0.710023878846691 0.628341669575062 0.0511396223166516 -0.674593474398894 0.736415903771597 -0.204975082361078 -0.175162863857024 0.616598485833309 -0.112066712721429 0.460176760404887 -0.0678026351838029
-0.788709188952673 19.4248754166838 20.5579579079836 -0.140934421561462 0.728008766814748 0.670925274721415 0.316506389518577 -0.608991899009191 0.72729125688069 0.480711772418262 0.523580253139259 -0.472151687178189 0.606861371603827 0.494029304173866 -0.151699427871847
-0.407755347636463 19.3047954744689 20.8353295716355 -0.64530868822859 0.470245886926302 0.602034469715474 0.351680380753144 -0.516736643477593 0.780579368854209 -0.000481788863351618 0.356269395971986 -0.409187637177347 -0.564524439726089 -0.371079724346331 0.329721436015344
-0.175200583699588 19.3414420243811 21.3456125091626 -0.952530670180725 0.109372913831746 0.284117736308405 0.202657637075994 -0.46863477097203 0.859832154301505 -0.836672883385159 0.0777600455651819 -0.437721371457107 -0.231603928683571 -0.160844350985992 0.0707537540262377
-0.196937895907208 19.3554704892021 21.9464811144247 -0.920875220088914 -0.275258039906506 -0.276083031881756 -0.066022981582755 -0.587825757282612 0.806288933930044 -0.154773817969188 0.0596368540632641 -0.417429895778678 0.190643924214345 0.362195607799359 -0.0990420464989876
-0.446798417977377 19.1363359474378 22.4344220222653 -0.468326312757971 -0.546267788850741 -0.694450838895486 0.0207094924474024 -0.792543737874833 0.609463321683888 -0.381511929876151 0.432113234198825 0.0983674556216089 -0.408897811001261 -0.579380439324201 -0.0663885076522565
-0.689823487878169 18.8471283528564 22.6899205721564 0.462872392360236 -0.577824162350973 -0.672211563270157 -0.00572721621359667 -0.760273738053929 0.649577587528964 0.211211400805992 -0.0360831627277302 0.0452906011605029 -0.691576917289188 -0.373307610289958 -0.153688560953444
-0.86589504208202 18.1987370974413 22.0367511915312 -0.142516024010904 0.676768965578197 0.72226930582044 0.0175827029425818 0.731333778336253 -0.681793042808192 -0.113132741410514 0.376405682967997 0.378772045524409 0.0701151059511651 0.198312404124459 -0.316157434644903
-1.16452185576641 18.5633986818625 21.8295959446478 0.60942990338897 0.637023263058419 0.472013299789016 -0.221579151980005 0.7084697291757 -0.670054715862467 0.293451865231465 0.888261148006222 0.55670379904067 0.343538869449336 -0.436577888024604 -0.389411783753888
-1.26582670826182 18.9726182754864 21.5866426476141 0.89375058277453 0.310682495742381 0.323552596388089 -0.153818498613718 0.889844065032273 -0.42955489685378 -0.239641847364544 -0.0883786135959579 0.159229750776969 -0.0165681637233335 -0.0457040376196445 -0.269593049028144
-1.31523846815366 19.4337505728327 21.6326055880241 0.897160559562476 -0.182977001862438 -0.402022819196844 -0.0492915801067286 0.86300327683167 -0.502787911855867 0.0161257955827595 -0.450152620517886 -0.224978216296003 0.372602794856229 -0.0957383980097965 -0.203062429871376
-1.1317703728301 19.9171499162409 21.5944899586514 0.535364957686825 -0.503226122334101 -0.678341972666861 0.0829609373312635 0.830578563616874 -0.550687508971512 -0.426715482390842 -0.163002856655998 0.103312511147407 -0.0320742591611965 0.102851528244656 0.183883294753018
-0.840208357526965 20.254866637424 21.4014270151884 0.0180081329629575 -0.618360283216753 -0.785688403431848 -0.00133963648815922 0.785800203260312 -0.618478977759254 0.109013956762576 0.0970548814020642 -0.161294109969033 -0.090872657954156 -0.22079100913905 -0.145739149888773
-0.555770347951785 20.555838875307 21.0827401521652 -0.489073497138677 -0.601256011937769 -0.631900563779804 0.0392153251027716 0.708565470836212 -0.704554562695993 -0.156384205020193 -0.117238055284849 0.0257417751183622 -0.282798516802119 0.390236222942707 -0.309239013670997
-0.367149795308734 20.7442637818471 20.4885061914015 -0.763235004925666 -0.540070289003229 -0.354677896396276 -0.00784568714167819 0.556640327432308 -0.830716552783998 0.433507120988101 0.189559363182982 0.348646266721914 -0.329230701534236 0.0386550245821793 0.0318960721646745
t = 6000
b = 30 30 30
E = -0.994113352405847 -1.30080924859282 0.306695896186973
-1.29765126202864 20.1210194275643 20.1915162439772 0.850139839178752 0.477377403141459 0.222200514875736 0.163145841884597 -0.640023455227798 0.750835142380827 0.1401680926399 -0.222223379122188 0.0629844419116488 0.0874616394523244 -0.114983225212419 -0.0815962754316599
-1.02641237848047 19.7317475259495 20.2790380258715 0.317888089967402 0.710023878846691 0.628341669575062 0.0511396223166516 -0.674593474398894 0.736415903771597 -0.204975082361078 -0.175162863857024 0.616598485833309 -0.112066712721429 0.460176760404887 -0.0678026351838029
-0.788709188952673 19.4248754166838 20.5579579079836 -0.140934421561462 0.728008766814748 0.670925274721415 0.316506389518577 -0.608991899009191 0.72729125688069 0.480711772418262 0.523580253139259 -0.472151687178189 0.606861371603827 0.494029304173866 -0.151699427871847
-0.407755347636463 19.3047954744689 20.8353295716355 -0.64530868822859 0.470245886926302 0.602034469715474 0.351680380753144 -0.516736643477593 0.780579368854209 -0.000481788863351618 0.356269395971986 -0.409187637177347 -0.564524439726089 -0.371079724346331 0.329721436015344
-0.175200583699588 19.3414420243811 21.3456125091626 -0.952530670180725 0.109372913831746 0.284117736308405 0.202657637075994 -0.46863477097203 0.859832154301505 -0.836672883385159 0.0777600455651819 -0.437721371457107 -0.231603928683571 -0.160844350985992 0.0707537540262377
-0.196937895907208 19.3554704892021 21.9464811144247 -0.920875220088914 -0.275258039906506 -0.276083031881756 -0.066022981582755 -0.587825757282612 0.806288933930044 -0.154773817969188 0.0596368540632641 -0.417429895778678 0.190643924214345 0.362195607799359 -0.0990420464989876
-0.446798417977377 19.1363359474378 22.4344220222653 -0.468326312757971 -0.546267788850741 -0.694450838895486 0.0207094924474024 -0.792543737874833 0.609463321683888 -0.381511929876151 0.432113234198825 0.0983674556216089 -0.408897811001261 -0.579380439324201 -0.0663885076522565
-0.689823487878169 18.8471283528564 22.6899205721564 0.462872392360236 -0.577824162350973 -0.672211563270157 -0.00572721621359667 -0.760273738053929 0.649577587528964 0.211211400805992 -0.0360831627277302 0.0452906011605029 -0.691576917289188 -0.373307610289958 -0.153688560953444
-0.86589504208202 18.1987370974413 22.0367511915312 -0.142516024010904 0.676768965578197 0.72226930582044 0.0175827029425818 0.731333778336253 -0.681793042808192 -0.113132741410514 0.376405682967997 0.378772045524409 0.0701151059511651 0.198312404124459 -0.316157434644903
-1.16452185576641 18.5633986818625 21.8295959446478 0.60942990338897 0.637023263058419 0.472013299789016 -0.221579151980005 0.7084697291757 -0.670054715862467 0.293451865231465 0.888261148006222 0.55670379904067 0.343538869449336 -0.436577888024604 -0.389411783753888
-1.26582670826182 18.9726182754864 21.5866426476141 0.89375058277453 0.310682495742381 0.323552596388089 -0.153818498613718 0.889844065032273 -0.42955489685378 -0.239641847364544 -0.0883786135959579 0.159229750776969 -0.0165681637233335 -0.0457040376196445 -0.269593049028144
-1.31523846815366 19.4337505728327 21.6326055880241 0.897160559562476 -0.182977001862438 -0.402022819196844 -0.0492915801067286 0.86300327683167 -0.502787911855867 0.0161257955827595 -0.450152620517886 -0.224978216296003 0.372602794856229 -0.0957383980097965 -0.203062429871376
-1.1317703728301 19.9171499162409 21.5944899586514 0.535364957686825 -0.503226122334101 -0.678341972666861 0.0829609373312635 0.830578563616874 -0.550687508971512 -0.426715482390842 -0.163002856655998 0.103312511147407 -0.0320742591611965 0.102851528244656 0.183883294753018
-0.840208357526965 20.254866637424 21.4014270151884 0.0180081329629575 -0.618360283216753 -0.785688403431848 -0.00133963648815922 0.785800203260312 -0.618478977759254 0.109013956762576 0.0970548814020642 -0.161294109969033 -0.090872657954156 -0.22079100913905 -0.145739149888773
-0.555770347951785 20.555838875307 21.0827401521652 -0.489073497138677 -0.601256011937769 -0.631900563779804 0.0392153251027716 0.708565470836212 -0.704554562695993 -0.156384205020193 -0.117238055284849 0.0257417751183622 -0.282798516802119 0.390236222942707 -0.309239013670997
-0.367149795308734 20.7442637818471 20.4885061914015 -0.763235004925666 -0.540070289003229 -0.354677896396276 -0.00784568714167819 0.556640327432308 -0.830716552783998 0.433507120988101 0.189559363182982 0.348646266721914 -0.329230701534236 0.0386550245821793 0.0318960721646745
t = 7000
b = 30 30 30
E = -0.994113352405847 -1.30080924859282 0.306695896186973
-1.29765126202864 20.1210194275643 20.1915162439772 0.850139839178752 0.477377403141459 0.222200514875736 0.163145841884597 -0.640023455227798 0.750835142380827 0.1401680926399 -0.222223379122188 0.0629844419116488 0.0874616394523244 -0.114983225212419 -0.0815962754316599
-1.02641237848047 19.7317475259495 20.2790380258715 0.317888089967402 0.710023878846691 0.628341669575062 0.0511396223166516 -0.674593474398894 0.736415903771597 -0.204975082361078 -0.175162863857024 0.616598485833309 -0.112066712721429 0.460176760404887 -0.0678026351838029
-0.788709188952673 19.4248754166838 20.5579579079836 -0.140934421561462 0.728008766814748 0.670925274721415 0.316506389518577 -0.608991899009191 0.72729125688069 0.480711772418262 0.523580253139259 -0.472151687178189 0.606861371603827 0.494029304173866 -0.151699427871847
-0.407755347636463 19.3047954744689 20.8353295716355 -0.64530868822859 0.470245886926302 0.602034469715474 0.351680380753144 -0.516736643477593 0.780579368854209 -0.000481788863351618 0.356269395971986 -0.409187637177347 -0.564524439726089 -0.371079724346331 0.329721436015344
-0.175200583699588 19.3414420243811 21.3456125091626 -0.952530670180725 0.109372913831746 0.284117736308405 0.202657637075994 -0.46863477097203 0.859832154301505 -0.836672883385159 0.0777600455651819 -0.437721371457107 -0.231603928683571 -0.160844350985992 0.0707537540262377
-0.196937895907208 19.3554704892021 21.9464811144247 -0.920875220088914 -0.275258039906506 -0.276083031881756 -0.066022981582755 -0.587825757282612 0.806288933930044 -0.154773817969188 0.0596368540632641 -0.417429895778678 0.190643924214345 0.362195607799359 -0.0990420464989876
-0.446798417977377 19.1363359474378 22.4344220222653 -0.468326312757971 -0.546267788850741 -0.694450838895486 0.0207094924474024 -0.792543737874833 0.609463321683888 -0.381511929876151 0.432113234198825 0.0983674556216089 -0.408897811001261 -0.579380439324201 -0.0663885076522565
-0.689823487878169 18.8471283528564 22.6899205721564 0.462872392360236 -0.577824162350973 -0.672211563270157 -0.00572721621359667 -0.760273738053929 0.649577587528964 0.211211400805992 -0.0360831627277302 0.0452906011605029 -0.691576917289188 -0.373307610289958 -0.153688560953444
-0.86589504208202 18.1987370974413 22.0367511915312 -0.142516024010904 0.676768965578197 0.72226930582044 0.0175827029425818 0.731333778336253 -0.681793042808192 -0.113132741410514 0.376405682967997 0.378772045524409 0.0701151059511651 0.198312404124459 -0.316157434644903
-1.16452185576641 18.5633986818625 21.8295959446478 0.60942990338897 0.637023263058419 0.472013299789016 -0.221579151980005 0.7084697291757 -0.670054715862467 0.293451865231465 0.888261148006222 0.55670379904067 0.343538869449336 -0.436577888024604 -0.389411783753888
-1.26582670826182 18.9726182754864 21.5866426476141 0.89375058277453 0.310682495742381 0.323552596388089 -0.153818498613718 0.889844065032273 -0.42955489685378 -0.239641847364544 -0.0883786135959579 0.159229750776969 -0.0165681637233335 -0.0457040376196445 -0.269593049028144
-1.31523846815366 19.4337505728327 21.6326055880241 0.897160559562476 -0.182977001862438 -0.402022819196844 -0.0492915801067286 0.86300327683167 -0.502787911855867 0.0161257955827595 -0.450152620517886 -0.224978216296003 0.372602794856229 -0.0957383980097965 -0.203062429871376
-1.1317703728301 19.9171499162409 21.5944899586514 0.535364957686825 -0.503226122334101 -0.678341972666861 0.0829609373312635 0.830578563616874 -0.550687508971512 -0.426715482390842 -0.163002856655998 0.103312511147407 -0.0320742591611965 0.102851528244656 0.183883294753018
-0.840208357526965 20.254866637424 21.4014270151884 0.0180081329629575 -0.618360283216753 -0.785688403431848 -0.00133963648815922 0.785800203260312 -0.618478977759254 0.109013956762576 0.0970548814020642 -0.161294109969033 -0.090872657954156 -0.22079100913905 -0.145739149888773
-0.555770347951785 20.555838875307 21.0827401521652 -0.489073497138677 -0.601256011937769 -0.631900563779804 0.0392153251027716 0.708565470836212 -0.704554562695993 -0.156384205020193 -0.117238055284849 0.0257417751183622 -0.282798516802119 0.390236222942707 -0.309239013670997
-0.367149795308734 20.7442637818471 20.4885061914015 -0.763235004925666 -0.540070289003229 -0.354677896396276 -0.00784568714167819 0.556640327432308 -0.830716552783998 0.433507120988101 0.189559363182982 0.348646266721914 -0.329230701534236 0.0386550245821793 0.0318960721646745
t = 8000
b = 30 30 30
E = -0.994113352405847 -1.30080924859282 0.306695896186973
-1.29765126202864 20.1210194275643 20.1915162439772 0.850139839178752 0.477377403141459 0.222200514875736 0.163145841884597 -0.640023455227798 0.750835142380827 0.1401680926399 -0.222223379122188 0.0629844419116488 0.0874616394523244 -0.114983225212419 -0.0815962754316599
-1.02641237848047 19.7317475259495 20.2790380258715 0.317888089967402 0.710023878846691 0.628341669575062 0.0511396223166516 -0.674593474398894 0.736415903771597 -0.204975082361078 -0.175162863857024 0.616598485833309 -0.112066712721429 0.460176760404887 -0.0678026351838029
-0.788709188952673 19.4248754166838 20.5579579079836 -0.140934421561462 0.728008766814748 0.670925274721415 0.316506389518577 -0.608991899009191 0.72729125688069 0.480711772418262 0.523580253139259 -0.472151687178189 0.606861371603827 0.494029304173866 -0.151699427871847
-0.407755347636463 19.3047954744689 20.8353295716355 -0.64530868822859 0.470245886926302 0.602034469715474 0.351680380753144 -0.516736643477593 0.780579368854209 -0.000481788863351618 0.356269395971986 -0.409187637177347 -0.564524439726089 -0.371079724346331 0.329721436015344
-0.175200583699588 19.3414420243811 21.3456125091626 -0.952530670180725 0.109372913831746 0.284117736308405 0.202657637075994 -0.46863477097203 0.859832154301505 -0.836672883385159 0.0777600455651819 -0.437721371457107 -0.231603928683571 -0.160844350985992 0.0707537540262377
-0.196937895907208 19.3554704892021 21.9464811144247 -0.920875220088914 -0.275258039906506 -0.276083031881756 -0.066022981582755 -0.587825757282612 0.806288933930044 -0.154773817969188 0.0596368540632641 -0.417429895778678 0.190643924214345 0.362195607799359 -0.0990420464989876
-0.446798417977377 19.1363359474378 22.4344220222653 -0.468326312757971 -0.546267788850741 -0.694450838895486 0.0207094924474024 -0.792543737874833 0.609463321683888 -0.381511929876151 0.432113234198825 0.0983674556216089 -0.408897811001261 -0.579380439324201 -0.0663885076522565
-0.689823487878169 18.8471283528564 22.6899205721564 0.462872392360236 -0.577824162350973 -0.672211563270157 -0.00572721621359667 -0.760273738053929 0.649577587528964 0.211211400805992 -0.0360831627277302 0.0452906011605029 -0.691576917289188 -0.373307610289958 -0.153688560953444
-0.86589504208202 18.1987370974413 22.0367511915312 -0.142516024010904 0.676768965578197 0.72226930582044 0.0175827029425818 0.731333778336253 -0.681793042808192 -0.113132741410514 0.376405682967997 0.378772045524409 0.0701151059511651 0.198312404124459 -0.316157434644903
-1.16452185576641 18.5633986818625 21.8295959446478 0.60942990338897 0.637023263058419 0.472013299789016 -0.221579151980005 0.7084697291757 -0.670054715862467 0.293451865231465 0.888261148006222 0.55670379904067 0.343538869449336 -0.436577888024604 -0.389411783753888
-1.26582670826182 18.9726182754864 21.5866426476141 0.89375058277453 0.310682495742381 0.323552596388089 -0.153818498613718 0.889844065032273 -0.42955489685378 -0.239641847364544 -0.0883786135959579 0.159229750776969 -0.0165681637233335 -0.0457040376196445 -0.269593049028144
-1.31523846815366 19.4337505728327 21.6326055880241 0.897160559562476 -0.182977001862438 -0.402022819196844 -0.0492915801067286 0.86300327683167 -0.502787911855867 0.0161257955827595 -0.450152620517886 -0.224978216296003 0.372602794856229 -0.0957383980097965 -0.203062429871376
-1.1317703728301 19.9171499162409 21.5944899586514 0.535364957686825 -0.503226122334101 -0.678341972666861 0.0829609373312635 0.830578563616874 -0.550687508971512 -0.426715482390842 -0.163002856655998 0.103312511147407 -0.0320742591611965 0.102851528244656 0.183883294753018
-0.840208357526965 20.254866637424 21.4014270151884 0.0180081329629575 -0.618360283216753 -0.785688403431848 -0.00133963648815922 0.785800203260312 -0.618478977759254 0.109013956762576 0.0970548814020642 -0.161294109969033 -0.090872657954156 -0.22079100913905 -0.145739149888773
-0.555770347951785 20.555838875307 21.0827401521652 -0.489073497138677 -0.601256011937769 -0.631900563779804 0.0392153251027716 0.708565470836212 -0.704554562695993 -0.156384205020193 -0.117238055284849 0.0257417751183622 -0.282798516802119 0.390236222942707 -0.309239013670997
-0.367149795308734 20.7442637818471 20.4885061914015 -0.763235004925666 -0.540070289003229 -0.354677896396276 -0.00784568714167819 0.556640327432308 -0.830716552783998 0.433507120988101 0.189559363182982 0.348646266721914 -0.329230701534236 0.0386550245821793 0.0318960721646745
t = 9000
b = 30 30 30
E = -0.994113352405847 -1.30080924859282 0.306695896186973
-1.29765126202864 20.1210194275643 20.1915162439772 0.850139839178752 0.477377403141459 0.222200514875736 0.163145841884597 -0.640023455227798 0.750835142380827 0.1401680926399 -0.222223379122188 0.0629844419116488 0.0874616394523244 -0.114983225212419 -0.0815962754316599
-1.02641237848047 19.7317475259495 20.2790380258715 0.317888089967402 0.710023878846691 0.628341669575062 0.0511396223166516 -0.674593474398894 0.736415903771597 -0.204975082361078 -0.175162863857024 0.616598485833309 -0.112066712721429 0.460176760404887 -0.0678026351838029
-0.788709188952673 19.4248754166838 20.5579579079836 -0.140934421561462 0.728008766814748 0.670925274721415 0.316506389518577 -0.608991899009191 0.72729125688069 0.480711772418262 0.523580253139259 -0.472151687178189 0.606861371603827 0.494029304173866 -0.151699427871847
-0.407755347636463 19.3047954744689 20.8353295716355 -0.64530868822859 0.470245886926302 0.602034469715474 0.351680380753144 -0.516736643477593 0.780579368854209 -0.000481788863351618 0.356269395971986 -0.409187637177347 -0.564524439726089 -0.371079724346331 0.329721436015344
-0.175200583699588 19.3414420243811 21.3456125091626 -0.952530670180725 0.109372913831746 0.284117736308405 0.202657637075994 -0.46863477097203 0.859832154301505 -0.836672883385159 0.0777600455651819 -0.437721371457107 -0.231603928683571 -0.160844350985992 0.0707537540262377
-0.196937895907208 19.3554704892021 21.9464811144247 -0.920875220088914 -0.275258039906506 -0.276083031881756 -0.066022981582755 -0.587825757282612 0.806288933930044 -0.154773817969188 0.0596368540632641 -0.417429895778678 0.190643924214345 0.362195607799359 -0.0990420464989876
-0.446798417977377 19.1363359474378 22.4344220222653 -0.468326312757971 -0.546267788850741 -0.694450838895486 0.0207094924474024 -0.792543737874833 0.609463321683888 -0.381511929876151 0.432113234198825 0.0983674556216089 -0.408897811001261 -0.579380439324201 -0.0663885076522565
-0.689823487878169 18.8471283528564 22.6899205721564 0.462872392360236 -0.577824162350973 -0.672211563270157 -0.00572721621359667 -0.760273738053929 0.649577587528964 0.211211400805992 -0.0360831627277302 0.0452906011605029 -0.691576917289188 -0.373307610289958 -0.153688560953444
-0.86589504208202 18.1987370974413 22.0367511915312 -0.142516024010904 0.676768965578197 0.72226930582044 0.0175827029425818 0.731333778336253 -0.681793042808192 -0.113132741410514 0.376405682967997 0.378772045524409 0.0701151059511651 0.198312404124459 -0.316157434644903
-1.16452185576641 18.5633986818625 21.8295959446478 0.60942990338897 0.637023263058419 0.472013299789016 -0.221579151980005 0.7084697291757 -0.670054715862467 0.293451865231465 0.888261148006222 0.55670379904067 0.343538869449336 -0.436577888024604 -0.389411783753888
-1.26582670826182 18.9726182754864 21.5866426476141 0.89375058277453 0.310682495742381 0.323552596388089 -0.153818498613718 0.889844065032273 -0.42955489685378 -0.239641847364544 -0.0883786135959579 0.159229750776969 -0.0165681637233335 -0.0457040376196445 -0.269593049028144
-1.31523846815366 19.4337505728327 21.6326055880241 0.897160559562476 -0.182977001862438 -0.402022819196844 -0.0492915801067286 0.86300327683167 -0.502787911855867 0.0161257955827595 -0.450152620517886 -0.224978216296003 0.372602794856229 -0.0957383980097965 -0.203062429871376
-1.1317703728301 19.9171499162409 21.5944899586514 0.535364957686825 -0.503226122334101 -0.678341972666861 0.0829609373312635 0.830578563616874 -0.550687508971512 -0.426715482390842 -0.163002856655998 0.103312511147407 -0.0320742591611965 0.102851528244656 0.183883294753018
-0.840208357526965 20.254866637424 21.4014270151884 0.0180081329629575 -0.618360283216753 -0.785688403431848 -0.00133963648815922 0.785800203260312 -0.618478977759254 0.109013956762576 0.0970548814020642 -0.161294109969033 -0.090872657954156 -0.22079100913905 -0.145739149888773
-0.555770347951785 20.555838875307 21.0827401521652 -0.489073497138677 -0.601256011937769 -0.631900563779804 0.0392153251027716 0.708565470836212 -0.704554562695993 -0.156384205020193 -0.117238055284849 0.0257417751183622 -0.282798516802119 0.390236222942707 -0.309239013670997
-0.367149795308734 20.7442637818471 20.4885061914015 -0.763235004925666 -0.540070289003229 -0.354677896396276 -0.00784568714167819 0.556640327432308 -0.830716552783998 0.433507120988101 0.189559363182982 0.348646266721914 -0.329230701534236 0.0386550245821793 0.0318960721646745
t = 10000
b = 30 30 30
E = -0.994113352405847 -1.30080924859282 0.306695896186973
-1.29765126202864 20.1210194275643 20.1915162439772 0.850139839178752 0.477377403141459 0.222200514875736 0.163145841884597 -0.640023455227798 0.750835142380827 0.1401680926399 -0.222223379122188 0.0629844419116488 0.0874616394523244 -0.114983225212419 -0.0815962754316599
-1.02641237848047 19.7317475259495 20.2790380258715 0.317888089967402 0.710023878846691 0.628341669575062 0.0511396223166516 -0.674593474398894 0.736415903771597 -0.204975082361078 -0.175162863857024 0.616598485833309 -0.112066712721429 0.460176760404887 -0.0678026351838029
-0.788709188952673 19.4248754166838 20.5579579079836 -0.140934421561462 0.728008766814748 0.670925274721415 0.316506389518577 -0.608991899009191 0.72729125688069 0.480711772418262 0.523580253139259 -0.472151687178189 0.606861371603827 0.494029304173866 -0.151699427871847
-0.407755347636463 19.3047954744689 20.8353295716355 -0.64530868822859 0.470245886926302 0.602034469715474 0.351680380753144 -0.516736643477593 0.780579368854209 -0.000481788863351618 0.356269395971986 -0.409187637177347 -0.564524439726089 -0.371079724346331 0.329721436015344
-0.175200583699588 19.3414420243811 21.3456125091626 -0.952530670180725 0.109372913831746 0.284117736308405 0.202657637075994 -0.46863477097203 0.859832154301505 -0.836672883385159 0.0777600455651819 -0.437721371457107 -0.231603928683571 -0.160844350985992 0.0707537540262377
-0.196937895907208 19.3554704892021 21.9464811144247 -0.920875220088914 -0.275258039906506 -0.276083031881756 -0.066022981582755 -0.587825757282612 0.806288933930044 -0.154773817969188 0.0596368540632641 -0.417429895778678 0.190643924214345 0.362195607799359 -0.0990420464989876
-0.446798417977377 19.1363359474378 22.4344220222653 -0.468326312757971 -0.546267788850741 -0.694450838895486 0.0207094924474024 -0.792543737874833 0.609463321683888 -0.381511929876151 0.432113234198825 0.0983674556216089 -0.408897811001261 -0.579380439324201 -0.0663885076522565
-0.689823487878169 18.8471283528564 22.6899205721564 0.462872392360236 -0.577824162350973 -0.672211563270157 -0.00572721621359667 -0.760273738053929 0.649577587528964 0.211211400805992 -0.0360831627277302 0.0452906011605029 -0.691576917289188 -0.373307610289958 -0.153688560953444
-0.86589504208202 18.1987370974413 22.0367511915312 -0.142516024010904 0.676768965578197 0.72226930582044 0.0175827029425818 0.731333778336253 -0.681793042808192 -0.113132741410514 0.376405682967997 0.378772045524409 0.0701151059511651 0.198312404124459 -0.316157434644903
-1.16452185576641 18.5633986818625 21.8295959446478 0.60942990338897 0.637023263058419 0.472013299789016 -0.221579151980005 0.7084697291757 -0.670054715862467 0.293451865231465 0.888261148006222 0.55670379904067 0.343538869449336 -0.436577888024604 -0.389411783753888
-1.26582670826182 18.9726182754864 21.5866426476141 0.89375058277453 0.310682495742381 0.323552596388089 -0.153818498613718 0.889844065032273 -0.42955489685378 -0.239641847364544 -0.0883786135959579 0.159229750776969 -0.0165681637233335 -0.0457040376196445 -0.269593049028144
-1.31523846815366 19.4337505728327 21.6326055880241 0.897160559562476 -0.182977001862438 -0.402022819196844 -0.0492915801067286 0.86300327683167 -0.502787911855867 0.0161257955827595 -0.450152620517886 -0.224978216296003 0.372602794856229 -0.0957383980097965 -0.203062429871376
-1.1317703728301 19.9171499162409 21.5944899586514 0.535364957686825 -0.503226122334101 -0.678341972666861 0.0829609373312635 0.830578563616874 -0.550687508971512 -0.426715482390842 -0.163002856655998 0.103312511147407 -0.0320742591611965 0.102851528244656 0.183883294753018
-0.840208357526965 20.254866637424 21.4014270151884 0.0180081329629575 -0.618360283216753 -0.785688403431848 -0.00133963648815922 0.785800203260312 -0.618478977759254 0.109013956762576 0.0970548814020642 -0.161294109969033 -0.090872657954156 -0.22079100913905 -0.145739149888773
-0.555770347951785 20.555838875307 21.0827401521652 -0.489073497138677 -0.601256011937769 -0.631900563779804 0.0392153251027716 0.708565470836212 -0.704554562695993 -0.156384205020193 -0.117238055284849 0.0257417751183622 -0.282798516802119 0.390236222942707 -0.309239013670997
-0.367149795308734 20.7442637818471 20.4885061914015 -0.763235004925666 -0.540070289003229 -0.354677896396276 -0.00784568714167819 0.556640327432308 -0.830716552783998 0.433507120988101 0.189559363182982 0.348646266721914 -0.329230701534236 0.0386550245821793 0.0318960721646745
