t = 241753
b = 30 30 30
E = -0.890919824632237 -1.33104945993311 0.440129635300878
4.90097262040035 30.8101192127574 21.3067986213338 -0.446699235453384 -0.466338698909636 0.763536515789938 0.37163204262908 0.679593444071742 0.632489032051982 0.185515119607339 0.0940612777669179 0.333380920448714 0.174717748988356 -0.00940054698156572 -0.337959816378135
4.97344418664867 31.2104580390994 21.6907358158045 0.122185615763942 -0.905101857852983 0.40726073001392 0.561661203265649 0.401366060566763 0.723492901258399 -0.101918139797097 -0.309179971959065 -0.200969268400299 0.238240198916266 -0.0675535456641814 -0.00542291224932924
4.97521487944211 31.3647901847962 22.1389571595171 0.600165846519949 -0.788268747564884 -0.135769430592752 0.525191478757612 0.260321166925817 0.810189361008139 0.255918186791738 0.459033853658031 0.356619436369652 0.270296918391785 0.374506494989059 -0.0471125819944429
5.20306937973425 31.2961764671924 22.6291930985308 0.634874261967938 -0.447534791884664 -0.629799397858872 0.685839336434534 -0.0488925429328944 0.726108754832636 -0.108376209142287 -0.275951065510241 -0.12565926938399 0.123386947672659 -0.318498901989101 0.14693144252371
5.53965500410143 31.0251431683924 22.9985251604934 0.607485791105133 0.236742135567015 -0.758230950866921 0.792524317414576 -0.116307304852865 0.598646654667371 -0.0699104151316092 -0.131932683110206 0.261310144338893 -0.0276770325867755 0.677238368849809 -0.201973330856927
6.05279975113109 30.8711641992175 23.2264957242805 0.133575396477359 0.731110631198784 -0.669055198323763 0.873600289347201 0.231909912068429 0.427832124947295 -0.842839477454892 0.604455104249526 0.438558576454502 -0.504019843670076 0.102350702917904 -0.567091150632911
6.62253262100232 30.9044686942413 23.2046348680458 -0.286033887781698 0.877287380386096 -0.385423750248722 0.814333092709836 0.434543210170223 0.384751624574321 -0.211028185371009 -0.187257267772286 -0.00705979635239579 -0.179081680625823 -0.619878830332594 0.0729483035148159
7.04931221758475 31.0142185459033 22.983663078155 -0.3572367511224 0.833050813147048 0.422384003440654 0.933797013734925 0.308802663871073 0.180731989215671 -0.0196923095547257 0.457089271785043 -0.247547967782934 -0.742104507343244 0.396406212094883 -0.19697659773053
6.65744952150546 32.0832729542523 23.1489983526118 0.312237056956682 -0.923618426963449 -0.222344376219881 -0.936259015015758 -0.259503655104312 -0.236805637156735 -0.0872513737857326 -0.920349655822985 0.656861609087674 0.130903021241777 -0.911643648620773 0.181077955042412
6.44234819720264 31.9619496395785 22.7023066885317 0.0502246838809029 -0.870150816349557 0.490219377355975 -0.854248094812806 -0.291725174246617 -0.430298286331091 -0.375199068142505 -0.302501906651567 0.467189852574722 0.540613587850714 0.680620879475031 0.0584778119920273
6.2640697105643 31.6711389784033 22.3796817115326 -0.316639803760558 -0.521600485402292 0.792257640103633 -0.716767493505457 -0.415486538559807 -0.560013657449103 0.102945893846285 -0.342396930493113 -0.456943297885 0.00395095484432764 0.659314687891198 0.51135244325107
6.2449442763884 31.1967264811054 22.1087553926196 -0.603743059927332 -0.175977191476175 0.777512923152886 -0.633907101461622 -0.485424694708616 -0.602100201364838 0.634349747269691 0.536189509378627 0.371264884321077 0.428945096173108 -0.469317252933764 0.239368489469897
5.99468594263298 30.7265568559367 21.9423949829632 -0.662718025153078 0.436040450968588 0.608829651262416 -0.734283884506514 -0.538035590811236 -0.413938256234467 -0.214303598307906 -0.508824072650948 0.141909710928441 -0.0906195579577683 -0.512240551569715 0.034221457670618
5.64329335579359 30.3253056120922 22.0395600781444 -0.522118404188306 0.847297661617371 0.097360385299128 -0.838343825880263 -0.488887431970774 -0.241181899133097 -0.028383177830488 -0.245752452095971 -0.134102571572207 -0.276706282009655 -0.851968176586991 -0.190537557626656
5.14008826102237 30.1271718149627 22.2085628976534 -0.173327024910752 0.865141259031291 -0.470625482052715 -0.857664002720246 -0.367487134014435 -0.359674387150006 -0.330108129304025 -0.235356108910285 0.341091980412447 -0.138241813161846 0.271068086952314 0.495422949486409
4.6352216712982 30.0877946805802 22.1203828382082 0.310547557450054 0.669587936639058 -0.674694160097196 -0.832668471169725 -0.150741450505069 -0.532860424707563 -0.461081919767048 0.11599541061027 0.0668362887481282 0.177762256064404 -0.748697193463297 0.313115500559414
