t = 5284
b = 30 30 30
E = -0.934934594535092 -1.3442222360459 0.409287641510809
5.05505636272531 16.558767865018 15.8711202616295 0.729257803840417 -0.210051884452919 -0.651199862849827 0.0999820758577423 0.974211435105705 -0.20227620773699 -0.0111639377901442 0.403920920040772 -0.0252005102904016 0.160328028716071 -0.291465004296476 0.0637010288452606
5.42436840344612 16.8769194734314 15.9713380506849 0.17217177873617 -0.238447814261817 -0.955771687423612 0.243841929822072 0.950380762837545 -0.193177428518378 -0.124788294900508 0.0671565238180709 -0.468385502036546 -0.295510751421193 -0.440066038222161 -0.326528612497599
5.9007266274975 17.1155979641011 15.8562832329903 -0.404408886653926 -0.00672671652481749 -0.914553554298555 0.382964140348147 0.906839328926897 -0.176013916264623 0.36774761205103 -0.0713709227659099 -0.480772336987783 0.270290840579637 -0.533229181265297 -0.0474972395795454
6.24384667641128 17.3320799827996 15.6329682790967 -0.823297218923874 0.136699869877254 -0.550903652999102 0.319967945592088 0.913432431838441 -0.251518799017649 -0.626862552048899 0.260655105543316 -0.0485595053142943 0.0299034611843583 -0.511183209474761 0.410690714397473
6.42299794079221 17.6301332484635 15.2053028988629 -0.92079587278394 0.381482928239982 -0.0812756797911662 0.38502315813907 0.855659594563546 -0.345837860749762 -0.04223467868939 0.190874247780391 -0.185359490655645 0.636666893192907 0.543558714041268 -0.0458907159143606
6.41813992643872 18.0514747279703 14.8319091194638 -0.757038437758346 0.322759942190532 0.568083465235141 0.309446517438044 0.942885031896526 -0.123331542887254 -0.0496093541793557 -0.688532339948629 0.113207626954357 -0.0579058974904528 0.0600467793699668 -0.35030885914194
6.32922012521858 18.5037281592397 14.5563088673975 -0.353759340643202 0.134564478776309 0.925606141919642 0.194465249733607 0.978553815186631 -0.0679389242609855 -0.603568085472615 0.177150997947166 0.356347820421541 -0.215405947706102 -0.167897276027136 -0.614596565470238
6.21808517415556 19.0638841776263 14.4685152211246 0.165110901133702 -0.176953149129789 0.970271082399075 0.399567889603148 0.911425801538103 0.0982268287623203 -0.268749000110107 0.828724240992764 0.17488982490727 0.339983421786887 -0.130534350280349 -0.757700843835031
6.42727974607746 18.8864516833513 15.6424749099219 -0.399909072295455 0.386379618078741 -0.831133878884208 -0.697988405637625 -0.716103021000288 0.00294090287317484 -0.16857802820278 -0.496124908820178 0.29029355546204 -0.0185373146473244 -0.118912570774508 0.220732216839396
5.96994879849952 18.7145129284838 15.6619024636379 0.236349132868702 -0.173601231449915 -0.956034361218931 -0.504568413685574 -0.862781103506979 0.0319293492276707 0.429809346733056 0.162594136803486 0.0116984455644267 -0.264621680824856 0.629646253103857 -0.177289555430579
5.56608314851744 18.4587690746628 15.4972813318444 0.72943920335188 -0.362646680430003 -0.58000502910446 -0.473446223806872 -0.879650533171691 -0.0454270035746491 0.105845565139202 -0.194856896553696 0.169379198469513 0.0164461588965609 0.264462121347832 -0.363703112397793
5.27070557604817 18.1129904247166 15.148331941221 0.900094099612264 -0.425359381651119 0.0943398552286727 -0.405469158306553 -0.89702147548652 -0.175918259933876 -0.356348153109672 -0.56674297967144 0.667326685583863 -0.522892275402393 -0.101773720935173 -0.0819913719466849
5.22959151663652 17.601473922545 14.9169999345703 0.862462226077055 -0.195817956511295 0.466705727946375 -0.176050515095 -0.980608402797865 -0.0861009668761857 0.173925367748798 -0.0130483009181303 0.0873086910351707 -0.933341927214235 0.741257619531865 -0.424403124998499
5.39911408559573 17.185686198947 14.7251314985062 0.327460698612305 -0.0897128342562411 0.940596139814569 -0.0594366002833195 -0.995466544954905 -0.0742539454999522 0.536993603608311 -0.727071526228645 -0.157087838441196 0.190126176743564 0.409643566125575 0.317383821142747
5.63788149674503 16.6489815622239 14.76703231973 -0.300976624372264 0.172988436534899 0.937810253946232 0.137930242657974 -0.965171973706594 0.222302292681911 0.223646839915209 0.388353828543899 -0.469026038762269 -0.384141776503952 -0.2085588147431 -0.251500686203648
5.84084191249117 16.1733969134028 15.0595775217435 -0.660478472730602 0.394589922534107 0.63880120545752 0.044801294923624 -0.828549886231556 0.558119996057156 0.376692216598054 -0.0450284930282477 0.173566048324231 -0.356179910997672 -0.508661497059208 0.291420398863524
