t = 6916
b = 30 30 30
E = -1.01609550550968 -1.44183794293406 0.425742437424379
5.9419605665433 15.8867749118592 13.1889635315344 0.430618474562013 0.455108550794869 -0.779386897733908 -0.0133540555587904 0.866672340900437 0.498699030195855 -0.170485122225031 -0.254703678377244 -0.378253792691337 -0.665941905818311 -0.378762515212288 0.0869706899350919
6.21612630511326 16.3045266175602 13.4081008190819 -0.213844783890579 0.368946893310719 -0.904515670576888 0.0486861172420563 0.928809304049124 0.36734580261611 -0.0636021523888973 -0.854988142319024 0.502971853643276 -0.0346373759479509 0.251990210835178 -0.589375197217245
6.41810408542203 16.8372865114893 13.4544943619814 -0.660243067451168 0.169097254193606 -0.731768549820808 0.0350628587354361 0.980202227917277 0.194869670095951 -0.00337813654785042 0.125875556932592 -0.190731100349818 0.106603595531585 0.0376166112763241 0.339697670705598
6.57396389942678 17.3494223209881 13.2536379504836 -0.989360693619207 -0.0665343892698215 -0.129377714332145 -0.0826310518865468 0.988920958567281 0.123318477814477 -0.200631568176566 -0.0887852721205085 0.400351108674799 0.374500091540888 0.257403933038929 0.244736530309441
6.4904047240138 17.8706585931951 13.2085129617455 -0.917352136778995 -0.380566063715724 0.116766982897277 -0.387473281948062 0.920889897194638 -0.0427346817145638 -0.607108837007704 -0.0610177679206704 -0.148897811008202 0.345843106349628 0.252464255905955 -0.403214732876474
6.21445459042939 18.2222045822144 12.9451837787467 -0.488982460538393 -0.286908405846275 0.823759503702723 -0.412885481891845 0.907998806383893 0.0711600059609404 -0.257879728361469 0.0564338256838963 -0.0863687257325033 0.397489056351323 0.342045662250522 -0.0260552909142869
5.74226831231659 18.5044357955366 12.9546842643353 0.24222252402469 -0.06572126116967 0.967992233793943 -0.476418499935243 0.86107845975787 0.177677514223018 -0.197579730295184 0.540290097105977 -0.0864605427219749 -0.298290252698528 0.276182891623192 0.465646912303155
5.26881071660251 18.7618785012544 13.1183882765475 0.581283561177698 -0.0794446327536795 0.809813541397782 -0.554537475482588 0.689644479136741 0.465702352024991 -0.728813151794233 0.631035006732336 0.0213332935835812 -0.930455810296501 0.276563358140765 0.608434780413851
5.89833532686773 18.7247756303352 14.1120812179398 -0.758696249925852 -0.0631414047299613 -0.648377331001915 0.316099853502039 -0.905952342578232 -0.281658011767816 0.0557437159470044 0.0232396427264059 -0.203432905687117 -0.823460325311108 -0.5960343441887 0.4885108317637
5.89967142425203 18.2614070415596 14.1075119879799 -0.0957258319937383 0.224905055036049 -0.969667098188002 0.277086518456017 -0.929617472237038 -0.242969991154344 -0.119947759044309 -0.09778161971325 0.122290495445232 -0.327360721974421 -0.0677308867115495 0.193795480314018
5.62244139804052 17.893415447356 13.9347764282426 0.493898647603791 0.274460946036611 -0.825066854864404 -0.000322750901813476 -0.948818860375795 -0.315820623181946 0.25324946485527 -0.421545463826308 -0.18938401735593 0.771532911365756 -0.221328152614856 -0.256933521775426
5.3807758518587 17.4733890644112 13.5361029263736 0.890122140413919 0.292354553541956 -0.349587457109412 0.121586512857295 -0.891651498652616 -0.436089812815829 0.100625394250591 0.320356866190895 -0.369360712938869 -0.361723462429074 0.225439322682361 0.301984955105728
5.37190905293202 17.2763714779297 13.0425179475924 0.973175116358064 -0.00955220036984347 0.229867240749036 0.0953857096245708 -0.892465774657162 -0.440915419853988 -0.107401606095142 -0.530556105157046 -0.0616238762231146 0.0531536055792966 -0.40745006864019 -0.412019397140829
5.57090535544209 16.9922842585443 12.6109466984662 0.68049326037673 -0.139560353492933 0.719341247472135 0.338775043028859 -0.810555013062332 -0.477736371883413 0.329707874269481 0.320965909225679 -0.868732470526725 0.60385596711507 -0.0898317945077994 -0.508826607653906
5.95435988518198 16.7657197244365 12.3011061447521 0.218338105999129 -0.356332307339515 0.908490923573164 0.456313057543843 -0.7856296612577 -0.41780908183894 0.42930291006015 -0.0778447372354333 -0.575232407499137 0.0538817426259727 -0.640760795684149 0.195475471405082
6.43158197207878 16.4720932286579 12.2138154337131 -0.296443476831316 -0.423528340865984 0.856005262558284 0.512576390514567 -0.82682312072318 -0.231579297271246 0.125770863128431 0.343116368710056 -0.432962407020997 0.334390182346717 0.124210075055392 0.105071912197036
