t = 3044
b = 30 30 30
E = -0.909774016202539 -1.24370429802134 0.3339302818188
4.82983594064376 17.7344952534796 15.6625903190188 -0.0636473485031114 -0.746506942437982 -0.662326505524591 0.540313440745263 0.532211190263423 -0.651776522059828 0.16236459816554 -0.285479386264716 -0.134860907519679 -0.311636162613491 -0.496284806679645 -0.061868047599329
5.18625177455227 17.8333224508847 15.475831224717 -0.585468729808498 -0.277614560672341 -0.761680065459981 0.599589510409751 0.484073845891318 -0.637310701879845 -0.605488034198656 -0.0243055610671132 -0.118486251691953 -0.302212482003526 -0.0530082148281794 -0.19639953980481
5.5784891301081 17.772657227118 15.1073924509715 -0.731484612872789 0.356983482618848 -0.580941523965762 0.681706933321683 0.400810951468149 -0.612067184420422 0.208108659241918 -1.00754330567836 -0.0089371714491372 0.0428972475254089 0.0317734109084295 -0.219390844581014
5.75416673672205 17.5403424528531 14.6146229317263 -0.502527534528888 0.851404773787999 -0.150253080538539 0.728969141681618 0.323827358981135 -0.603108474531132 -0.228719010776285 -0.226103939786056 0.140140028885829 -0.493268318813791 -0.0690951278264318 0.110953580608185
6.02330651164228 17.7185309083267 14.1386609022906 -0.465377931421539 0.842772778675517 0.270476291880376 0.395618700702464 0.471419930522876 -0.788193563003594 0.154675979435805 0.131594940678626 0.253132939596726 0.00410610391749151 0.157773817369856 -0.0251831474185873
6.02312684215861 17.9789396640045 13.6521834920981 0.0163185711374346 0.660852254044142 0.750338591944205 0.539653432359289 0.625928798211222 -0.56301626309787 -0.184956604970575 -0.0944347683158134 -0.119467948536551 -0.252110402824743 0.51266220435612 -0.240201155031609
6.08323520434655 18.4378441965023 13.4941693702031 0.717805080547857 -0.0283319192237116 0.695667426787248 0.63111054236401 0.448439918103561 -0.632930583214526 -0.0531788353466354 0.4487105397069 -0.0685146300387723 0.136920488913582 -0.0116555152633513 -0.31191456196507
6.4217634038217 18.6858077799469 13.1494408637668 0.47960381703173 -0.263239424557213 0.837069402168893 0.779090086528486 0.566653005132891 -0.268184654383709 -0.118805813039858 0.554075655735086 0.400702353784408 -0.460066475631009 -0.0995621008100841 -0.56419295257393
6.93626924263709 18.8161255466032 14.0248312896133 -0.763865141424457 0.496413465887406 -0.412412071358543 -0.634910348692054 -0.692640444648202 0.342254384283506 0.0333336027374244 0.391504736962881 -0.347387525064492 -0.0576133498833545 -0.39357546678226 0.109780390126915
6.56424148686313 18.8327736431874 14.3724914999307 -0.549752206317892 -0.250288852157422 -0.796949184160658 -0.610078643286038 -0.531389317966778 0.587732457634485 -0.589758198387568 0.185983945514514 -0.0987480298029393 0.388272871398533 -0.675465312527748 -0.403556094169277
6.05954308982662 18.7505260297285 14.5371572798245 -0.0931985609491301 -0.566311105023656 -0.818905220745292 -0.772723838460437 -0.477524132618684 0.418172897545679 -0.369692459987219 0.408445651636353 -0.322517590432038 -0.467640526733995 0.780929149653852 -0.199697898083425
5.5779757081054 18.7490895596758 14.5127432998769 0.29084123829313 -0.898501729423854 -0.328794793648669 -0.772442010707923 -0.423290404642295 0.47345387677287 0.216480160145992 -0.473097102914569 0.0802676587130927 0.293938481443116 0.330974990062402 0.453777467671472
5.13414767502117 18.5370194279393 14.436086850173 0.498117048337408 -0.832953130686677 0.240974040583001 -0.84330124412035 -0.400681931474684 0.358185708054897 -0.174134550029039 0.198191363055869 0.553523018016585 -0.342258333040518 0.21207524627484 0.384149269259033
4.73462581505774 18.2023480803096 14.3617059046333 0.645825770967108 -0.403217142330932 0.648324771765836 -0.737956705743076 -0.547422407132333 0.394649982412608 0.120313387079765 0.355143179829864 -0.51856719598451 0.568731761854195 -0.207330203473329 0.256658865573658
4.36094539107513 17.8437929162826 14.5658841551993 0.682210474007117 0.080821305019902 0.726675158382253 -0.444795336434234 -0.742932656780039 0.500208132856816 0.268645113162589 0.0631036040926198 -0.253894985556617 -0.124606889163921 0.781009326333129 -0.0957744288916184
4.43589201012064 17.3672509972842 14.7706711842262 0.110894667891527 0.515478299962277 0.849696707597027 -0.412696603709902 -0.753884405616806 0.511214061088017 -0.105984663980823 0.453577414992283 -0.200937233527309 0.196637938988976 -0.0143347956808311 0.353971626586324
