t = 6456
b = 30 30 30
E = -0.907600607808175 -1.2283315849944 0.320730977186227
5.2722758779382 16.8127468579255 14.1959405139136 0.680216741476925 0.48632374534545 -0.548447262120703 -0.465239703316178 0.864625498070904 0.18967015195839 0.370654516224695 -0.727541602250174 -0.595258756968303 -0.0368201579642474 -0.385841090133084 0.202167630026844
5.21612651045938 17.3076311435225 14.4830046915227 0.411484661007023 0.202998093560129 -0.888522452033084 -0.302509716689666 0.950034553117995 0.0769559561712496 0.114747848103832 -0.117032653723831 0.176756046690912 -0.307953354932594 -0.142347711576108 0.278256267263624
5.3722354095579 17.8156631149796 14.527297302724 -0.253429240152641 -0.104985015299234 -0.961640144127873 -0.296922472851988 0.954548640939749 -0.0259603003745663 -0.291360129868806 0.135413967973625 0.921310725447663 -0.0197676109270545 0.528081044184976 -0.185025495908834
5.63302775462111 18.3609946157633 14.3386547940887 -0.753347125208116 -0.227138323869786 -0.61715175667764 -0.209822115295412 0.972428782793236 -0.101769063709094 0.275839374563377 0.504566733067247 -0.356018918664722 0.137244477340414 0.363864390970279 0.23915780291822
5.62097683388047 18.7844167441893 13.9989865441517 -0.959838474220772 -0.254713575953611 -0.117605687066818 -0.203538901916925 0.920719639187647 -0.332937323561987 0.332079917049417 -0.0350823297807625 0.0620614413795076 0.686744656155767 0.0877633056679342 -0.514378767919471
5.39414372750254 19.0166574027398 13.552918655337 -0.848597107994808 -0.184102382876364 0.495973044551916 -0.372797291267943 0.873281861556503 -0.313689288787006 0.14360971235719 0.395345901539708 0.0431436307283343 0.104465937588099 -0.099861485813319 0.262161701838592
5.03391841371396 19.302290820109 13.2266007951178 -0.20227607828122 0.175464507507725 0.963481496843735 -0.332550222448908 0.913054385112391 -0.236097520902284 -0.0401005733215966 -0.123124051465375 -0.175676015640311 0.455507930733035 0.164762656935769 -0.591164870556715
4.63187080824649 19.5824898596619 13.0896589635938 0.425842347987338 0.396840254748345 0.81312736202387 -0.197634412276526 0.917780358399362 -0.344412329657993 -0.16898685486286 0.383043188326855 -0.521468351516037 0.227293432585005 0.245448517162318 -0.950464086725508
4.91517426408966 19.7771504586337 14.2652464076215 -0.237332937396411 0.099445035333283 -0.966324873825752 -0.259796694281052 -0.965010483096599 -0.0355027485457454 0.0868787245848944 -0.120687675743273 -0.168925961184354 0.207199696298598 -0.692656476227965 -0.171559949869798
4.5221868501645 19.4325094394928 14.2976377253787 0.483255585196789 -0.0684518694384991 -0.872799164153179 0.011911624711429 -0.996332269061742 0.0847356054029917 -0.259951880927346 -0.0763784867400759 0.290582690967282 -0.00181093411434858 -0.0435281422094741 -0.164638371649234
4.35944660984421 18.999541771707 14.080161432003 0.940842703063834 -0.0759481409393978 -0.330222482546828 -0.0307819766946787 -0.989684659920431 0.139916917593806 0.245019654167278 0.511449339083879 -0.106889240355275 0.101040908078091 0.34436142791485 0.45167867682256
4.45694356587078 18.4533502141612 13.9640881479555 0.880117688225103 0.442898424898496 0.170979063325695 0.361111847049952 -0.858320028168308 0.364533898513334 -0.182726536796258 -0.425840399354407 0.274623059500805 -0.0602020767111497 -0.333845582079094 0.155511266636285
4.6797753968103 18.0701028567834 13.6445181578094 0.783797877211987 0.202598998150725 0.587038783749681 0.202696978953251 -0.97697820462924 0.0665396303164739 0.0687870530079303 0.380686452498457 0.312949294933011 0.122458622304591 -0.222229281402224 0.0778798254089003
4.97816679126181 17.7878692720553 13.4043360925605 0.401387100436673 -0.0408515996268401 0.91499701770605 0.536723084413293 -0.799013057324434 -0.271120757012348 -0.0715225973426529 -0.0778010847122697 -0.4347625012115 0.123529939289214 -0.153487174807555 0.504973079780721
5.54576916588653 17.589291778773 13.3530825895281 -0.105565292435528 -0.275847981458919 0.955386759463434 0.506177346820176 -0.841879551810886 -0.187145167740944 -0.298662752507311 -0.155600934330997 -0.31908510221379 -0.0900453333996008 -0.183736373011908 0.179797686360172
6.03240679571446 17.3065102270576 13.4647587338678 -0.682963904072523 -0.465888388173194 0.562590717573084 0.460278474882551 -0.872533579095423 -0.163795234700877 -0.268441960486007 -0.346156595279404 -0.24987103430558 0.366483866495001 0.286882869298166 0.43594257857928
