t = 661372
b = 30 30 30
E = -0.857745924436765 -1.23393590774605 0.376189983309282
-9.39074474296745 33.7748280648451 61.498008925415 -0.282603608570572 0.0258470246553775 -0.958888487645648 0.756569650312513 0.62053483453273 -0.206249565714558 -0.175028589928183 0.404359884802784 0.448134319224402 -0.209780823111942 0.114981687788383 -0.17493501754037
-8.95186911023518 33.9033597840376 61.1853957006483 -0.707656654644167 0.254010663035391 -0.659318316295059 0.65161278578508 0.595398563295472 -0.470001413005423 -0.907603388478404 0.152734557377775 -0.698529103390578 -0.218020030382125 0.454391451805948 -0.180549003927264
-8.64144476220052 33.9030401962627 60.7229425461964 -0.745989556526852 0.62873153599872 -0.219536414276907 0.621505487684086 0.538858408463483 -0.568649755479387 0.0809121836517772 -0.357641062523277 0.351929236236673 0.115243861730972 0.252812941785661 -0.156673700201984
-8.66923528342264 33.9715802587131 60.2325877942707 -0.184631861358219 0.931308282481814 0.313968085563129 0.699570588354054 0.348916487467006 -0.623585019611318 -0.39193884355191 0.0992265251931958 -0.00738755419456508 -0.337913747632534 0.132798379258801 0.127487786422308
-8.28797507706256 34.349608137329 60.0094306503742 -0.452413746576006 0.781866757529627 0.428959409943618 0.514435144778363 0.621706418184669 -0.590624763623109 -0.0843965261863641 0.0214291729456805 0.00249679260170568 -0.433199011625481 -0.117585897601429 -0.557266645586167
-8.18949126238029 34.7111104943556 59.6118423202298 -0.0635178039092855 0.466309511781837 0.882338329558635 0.606720180892687 0.720017039059914 -0.336847273346445 -0.304014859670403 0.131854699349563 0.199226900284674 -0.226464604434915 0.615144977556983 -0.141785057753031
-8.11414784963471 35.2186520169926 59.5429646165562 0.486483117527538 -0.151568807535923 0.860442370494867 0.686267530101039 0.675792053791782 -0.268964639238884 0.420706215824673 -0.0970230359787134 0.033700749468471 0.169951402507648 -0.450454654375494 -0.199531648509305
-8.01121482430838 35.6585972219569 59.5444302924871 0.662314952445708 -0.459728959163051 0.591597995156933 0.636207498836056 0.762126976374806 -0.120010375828774 0.0434196438955794 0.161010676274273 -0.321620628201253 -0.15050789136378 0.587182315648322 -0.445213459455897
-7.20603301018943 35.0365562564847 60.287763984658 -0.552205215622153 0.639747587930502 -0.534595570105842 -0.817683306176956 -0.54070907654048 0.197554309865065 -0.603430042060598 -0.506513091361579 0.270994750889359 -0.026382210447807 -0.0724070842951349 -0.458511674773666
-7.59493487255564 35.0589948542623 60.6375101757614 -0.343858511027693 0.0632056893423395 -0.936891864213038 -0.851817106871123 -0.440885958673735 0.282890770238374 -0.094027414012015 0.487078667401721 -0.248366074743897 -0.027966161076816 -0.0372469838768888 -0.560949693331347
-8.0368337917521 35.2427819375209 60.6341621450825 -0.0923356217906884 -0.648526537169216 -0.755570952019622 -0.834521887250428 -0.363539571190983 0.41401956460808 -0.267304086464597 -0.125643491665028 0.109662317621149 -0.165592745749585 -0.516849822827506 -0.0968405658384944
-8.52368046932097 35.3151671906171 60.6550110834571 0.1297746279794 -0.915456476599469 -0.380917294678119 -0.876639320354855 -0.285439837665137 0.387333965824683 -0.641970184826625 0.0267206512147251 0.667968747974968 0.123204426243443 0.288465873806522 -0.528769573679865
-9.04670512595644 35.0583038752372 60.6089539954981 0.423980190482658 -0.829522616022816 -0.36350106957883 -0.801044043394787 -0.530739770034947 0.276846052969846 -0.249430087135638 -0.444683302635378 -0.297875682851667 0.116951372319429 -0.204127503303128 0.054974337073165
-9.47039649564723 34.7721910969664 60.571448735294 0.70221089200769 -0.68724376773969 0.185999642066106 -0.701051424909357 -0.621855469475634 0.349031051220085 -0.121977258282867 -0.5135818450983 0.386184387745858 0.132465393442951 -0.512984338294823 0.268951258876182
-9.88465719965045 34.3711740973396 60.5892142268569 0.768911143572966 -0.370036103751501 0.521391345545478 -0.549109005232529 -0.799924865818166 0.242073355448999 -0.16618370765715 -0.150483671273828 -0.0905050623553863 0.103291060943848 -0.329755289981745 -0.628934797925321
-9.99703723109202 33.9464752527816 60.4861252435964 0.418311594198304 -0.00522676982163904 0.908288550536943 -0.410620858892963 -0.89305364101985 0.183972020979261 0.273695057483706 0.189109034499235 -0.870085972127227 -0.955193446879915 0.480249989104921 -0.199753370208666
