t = 30189
b = 30 30 30
E = -0.893805487073559 -1.2469520371913 0.353146550117743
1.76051752024813 18.6497329493427 22.730382656051 0.257126291504329 0.581376459098785 -0.771937486473477 0.965419439285296 -0.118968672839899 0.231973621631377 -0.0987722632082672 0.404448958593873 -0.794834721627244 -0.265783922847371 8.42971131771826e-05 -0.000979026743856192
2.2082042331157 18.4138267743208 22.5220189604921 0.150778039447037 0.839003060663941 -0.522819134134403 0.986260860577609 -0.163775852032933 0.0216098399716563 -0.625204456425782 0.248980797763086 0.247210273105021 -0.114010869858315 -0.261273026841892 -0.508729890255041
2.58468851888977 18.2377352490417 22.2789270203519 0.0772986466914133 0.963970886322376 0.25452907406135 0.996578518999963 -0.082197473004863 0.00865048550405175 -0.123249870978014 -0.164436048422393 -0.37423548886799 0.679486978564965 -0.286946000244978 0.073838310022209
3.00977193116876 18.5365068679183 22.076324521628 0.0532530135497432 0.391798566572292 0.918508573601667 0.992574253740388 -0.121505796189238 -0.00571771843762035 -0.146972507386789 0.219104600509765 0.918192264077246 0.0128880828691355 0.1320560803237 -0.111869852036735
3.57780971957145 18.6519408469028 22.0896201087898 -0.301298296764068 -0.163195183493445 0.939460839232595 0.900435515506765 -0.372874698439547 0.224009691035196 -0.158700351182114 0.250834339589313 -0.138254151280683 0.599989532703856 -0.25857968802722 0.152565043173358
4.03866718518134 18.71765710257 22.4679207484428 -0.538287060939721 -0.590286194058209 0.601505818034333 0.842658814836837 -0.388124907686237 0.373209294915504 0.450802881021858 0.259650306868065 0.478251091776898 0.307782971746552 0.232319278913817 -0.324741926369715
4.32054027117922 18.8003068824795 22.8867735959666 -0.48117828927396 -0.863583186377291 0.150637094162862 0.752074225819419 -0.318386258509865 0.577074128037474 -0.0164815576827933 -0.620373827921097 0.243303829150107 0.107224098255556 0.622759242821688 -0.176491246953653
4.53670967919282 18.5884167715572 23.3097770786162 0.0151781512214149 -0.837829817695126 -0.545720459856923 0.71239692632951 -0.373911148525424 0.593869575213838 0.491293709791785 0.233182339480368 -0.0764924840139747 0.184616991272431 0.26802185072453 0.180858924718238
4.19688760384517 17.6050413691355 22.789177803805 0.264961621570641 0.668766101324781 0.694656203321837 -0.83028344963082 0.52456239549067 -0.188318046151281 -0.372320222010513 0.396688557499546 0.0488410973776134 -0.23794012559593 -0.242016887638127 -0.0538544818970857
3.77029633050832 17.7293880513191 23.0469352341337 0.432638043372942 0.896566475849775 -0.094830785131975 -0.893892256484798 0.412879325169453 -0.174606118575879 0.16567663205991 0.320518835274967 -0.480963792100564 -0.0327088231845219 0.68342378454754 0.0211945580156623
3.34438606832279 18.08978998197 23.2117390258576 0.579848152854627 0.548295031164939 -0.602618186276282 -0.786352973524434 0.570132827838374 -0.237902416234684 -0.0596993725020853 -0.404411758547546 0.0956340497546002 -0.483945998858618 -0.385696744598337 -0.484611414461522
3.15349210978698 18.5705937831622 23.2273317020303 0.54635750233409 0.17095442934212 -0.819919546499268 -0.68070127578062 0.661012232661197 -0.315766688272998 -0.366780324781398 -0.608970287240148 -0.724438574657938 0.290624358645797 0.292774843895063 0.510187900121724
3.02960696014035 19.1175563724583 23.1097263731987 -0.00597926645750324 -0.537879884904146 -0.843000283385559 -0.854112584854083 0.441168196482809 -0.27543114349322 0.486721693536751 0.108776808799988 0.0190643433336382 -0.231417728784297 -0.0317489280459576 -0.0745835318019828
2.79725200565959 19.3620042575126 22.7393081897236 -0.351038371204906 -0.915524840899323 -0.196434028717217 -0.837297828550158 0.400826965171635 -0.371846864040141 -0.602813966133308 0.208142923547614 -0.513744007695129 -0.297283678272719 -0.163478146293753 0.229308252285897
2.38742996175129 19.4708822520234 22.3209912542238 -0.211459268482532 -0.977103477974922 -0.0235323416204983 -0.856692206282158 0.196883105077706 -0.476776159880473 0.202273780358046 -0.154045963502746 0.295560447140244 0.0031997292066078 0.121983379232477 0.242703754517593
1.92635842056291 19.4956185356687 21.9543206009773 -0.113633787795897 -0.71719191986039 0.687548625449956 -0.991749191917413 0.0405512335442995 -0.121610599000228 0.0519788183925835 -0.316240950596562 -0.239158849420137 0.0686885486778564 -0.329834541406188 -0.349828392108166
