t = 31201
b = 30 30 30
E = -0.918942246262492 -1.33949433503398 0.420552088771484
1.54424434921084 18.9576812372971 22.0139830806418 0.770381767302649 0.557595384928192 -0.309191395925618 0.59827012650117 -0.464542005701277 0.652896301624773 -0.0494283454568187 -0.232444771135304 -0.29693813421854 -0.147022938868795 -0.264950529603352 0.222351656455863
1.91829699183377 18.5721285507541 21.9804126164753 0.655829318246392 0.748924247091688 -0.0948703191025819 0.717011892540493 -0.578649868987065 0.388662160592916 -0.0933839618707963 0.287408556776837 0.230440070435857 -0.0451468639298506 -0.0747852698193834 0.429315015791375
2.37273062417081 18.2987062693793 21.8663894761916 0.291361979653763 0.77647364598453 0.558745804372375 0.720052843844184 -0.562547816906338 0.406280513642743 0.449390062163257 0.432594673644497 -0.607998948278894 -0.045722773673572 0.432931103968563 0.456195564303374
2.95258476666837 18.2048009040195 21.8516780847488 -0.181640086957752 0.557904582157728 0.80978352417013 0.846123363594285 -0.330941593604529 0.417795302992261 -0.0790166449639983 -0.297306324992595 0.110324434383543 -0.344004873639 -0.389998117452391 -0.0944835145572551
3.33176871874733 18.3521946707054 21.9975195025761 -0.386954509904999 0.0286930305312577 0.921652275678369 0.888077466603268 -0.25740090223861 0.380871617265281 0.224119346910315 0.112989841369748 -0.0194712808252856 -0.0881026495392739 0.248630896555863 -0.93980596956305
3.73095632052416 18.5179741774098 22.2626938107425 -0.522644358362159 -0.556569560857036 0.645812045876825 0.847597991186049 -0.257681732087655 0.463872579795016 -0.349019833558896 -0.63097331508554 -0.723895678554856 0.32883448122539 -0.0461690024570661 0.308444426091296
4.00561122228477 18.7104729023091 22.6441481983574 -0.275432814259266 -0.955022096762885 0.109861547066491 0.877296758820389 -0.202986295862874 0.434910290353205 -0.0991282868868328 0.174680875459836 -0.601160674090806 0.280269665834393 -0.387231724513481 0.726691297642446
4.25169708045587 18.6635288306286 23.0556764315908 -0.0492625460774109 -0.840803205868026 -0.539094769549857 0.922294728244086 -0.245451038945413 0.298540150957595 0.192715319755733 -0.474066340901237 0.21058240426371 -0.165937473147838 -0.677718366506374 -0.134027877065194
4.1163311193327 17.5680658862807 22.6639150726013 0.15727144875716 0.84361888821377 0.513393477612239 -0.987054241901345 0.150840910886012 0.0545063587816902 -0.104969109172497 0.626522652672217 -0.77681657912612 -0.113900443007627 -0.596276442512642 0.107472543230802
3.65435649633482 17.6113422503738 22.9444516531522 0.186833065623205 0.959182353005562 -0.212279578086422 -0.980028158281444 0.167000109663951 -0.107961902297548 -0.430670496927458 -0.373614763432545 -0.134346933179551 -0.286801583987299 -0.710635074331716 0.141547969541883
3.20000632063235 17.8291663800829 23.1112472837915 0.41099985050044 0.494799406413337 -0.765671385322465 -0.886801986610343 0.411697721584169 -0.209969575382607 -0.255846775971979 -0.88803745778115 -0.327962298080906 -0.279433038306149 0.349030845812597 0.3133370877399
2.82361140006097 18.3488204708119 23.0446497412909 0.475674346813795 0.010932194069255 -0.879553524759069 -0.732659098638537 0.558266584585555 -0.389293033224773 -0.320911695792464 0.560715058855039 0.321044634416103 -0.235077918127935 -0.410603810434197 0.00172293112656616
2.59293901635054 18.8735855385116 22.8500473942011 0.381735393023079 -0.525180316925601 -0.760568027481721 -0.556308295837789 0.526585571729504 -0.642828682953989 -0.0560351527594892 -0.159553179982496 0.373394287314634 -0.10608810761066 0.318238998404939 -0.0844949634184322
2.737588848807 19.2224603853566 22.520028372783 -0.274762908392994 -0.743181273674245 -0.610071257011302 -0.5208645771577 0.648375159769246 -0.555256467280244 0.249051734871867 0.0648060476623594 -0.570501061386551 0.230851812440139 0.0890982561977474 0.509963932021856
2.74082867209141 19.4781435640243 21.9860495582933 -0.708686880816815 -0.703228580910886 -0.0568547970552841 -0.626871052354229 0.664609862937214 -0.406603509339111 0.426328035575651 0.00552496790350271 0.0654061158950327 0.500781599416803 -0.242892190636013 0.546599835428726
2.49424002563852 19.6058719843979 21.5771976337131 -0.785419624775981 -0.428386633281076 0.446767171402359 -0.618793042987432 0.526494956972229 -0.583007916098198 0.547410939097331 0.0684093510666869 0.761427906285366 0.172907055485571 0.0353418663202268 0.0767487025581396
