t = 402558
b = 30 30 30
E = -0.804897556407739 -1.22391767242613 0.419020116018392
-16.7598352095471 -3.81756372283078 39.030455272594 0.519985563791977 -0.731400219789358 -0.441212796663951 0.694983609380554 0.0619609557668862 0.716350907483771 0.0592302931045483 -0.170857240317966 -0.478058204833462 0.566573153199135 -0.128804846424102 -0.294721287686496
-16.4051194598891 -4.01463817077097 39.4444738668261 0.553638861813211 -0.58093284635222 -0.596658226055151 0.606148683917873 -0.210173638444176 0.767079405725233 -0.461440834052153 0.220913013709511 -0.0366649204379208 -0.131774349587664 -0.807137866589455 0.440888412380292
-16.210412440862 -4.39887490981654 39.8279941253629 0.748212953651597 0.0242833155993339 -0.66301409982855 0.648693146597884 -0.236433813893242 0.723392184921043 -0.223575735229828 -0.0624078787063716 -0.113869390770649 0.0708812048777506 -0.229472525466084 0.14505553530444
-15.9143656275377 -4.7904083747633 39.9711965211659 0.739277610458306 0.559970046213701 -0.374034974325275 0.609979078734467 -0.321530883287679 0.724253694915319 -0.737449656332348 -0.0122414311373542 0.00991278870672587 -0.0629673778124928 -0.426516259341987 0.189440519557118
-15.4551537402006 -5.06118340829148 40.138512325693 0.351200097965696 0.934682341759896 -0.0550219155530208 0.862268141016881 -0.299969820070166 0.408058525256324 0.726675460986829 0.0631576920283334 -0.644513302156606 -0.412252071924632 -0.15015780583888 -0.0519166588151808
-14.9465842770863 -5.21016590744708 40.174888009742 0.0306531076103541 0.971651976333522 0.234420186590208 0.889756972120972 -0.133381904880898 0.436510936876119 -0.04713090053888 0.689845656572484 0.0558195703746399 0.211391074217057 -0.215439240786114 -0.0481723091535111
-14.4281570540142 -4.93391113340175 40.0995908602478 -0.332697079420952 0.403478543086828 0.852360087412177 0.879793573953283 -0.192615985825755 0.434582960129448 -1.00087562585113 0.508930315639576 0.690512847505549 0.504611075904618 0.208430567127036 -0.65212592524952
-14.0556940093352 -4.82025546924861 40.3750009175999 -0.562075258535713 -0.389561503019642 0.729597998288846 0.80023234470024 -0.479101479128792 0.360679868016171 0.15675831278244 0.647226604406569 -0.175863151660027 0.423835196887383 0.234294255289378 -0.463414821098749
-14.6606426160609 -4.81799870531541 41.3312578480272 0.471269222194386 -0.169936013127653 -0.865463501052804 -0.835148913591054 0.229547322584968 -0.499834291362407 -0.0983388717197748 -0.362285787667147 0.16458460788812 0.457124875688235 0.0772673764295309 0.0765089585635528
-14.9201087168427 -4.51341420772398 41.0454837534707 0.436911239815088 -0.526571956914807 -0.729267127131169 -0.676756832033349 0.34164127875693 -0.652136049414162 0.54935872004241 0.0141294814865795 -0.0505767622984475 0.440011623227419 0.0246545627074432 -0.942189401754996
-14.9514827140203 -4.0630853281431 40.5241428346208 0.0484796086612558 -0.930866211608896 -0.362129567460228 -0.609518215458379 0.259652811182735 -0.749044700047553 -0.573595326719291 -0.102641947410968 0.0513287466359725 0.417084410759363 0.0745610971963161 -0.0662439142502601
-14.9753169200525 -4.00169124984905 40.033962849345 -0.461361307505034 -0.883543644961396 0.080600070630134 -0.465574992336949 0.163770636662117 -0.869723579695152 -0.324698540297823 0.532565782894094 -0.540454471736919 -0.103306894535762 -0.0157136354683137 -0.00898559114115258
-15.1065648894778 -4.08880690184606 39.4794471585472 -0.659265986980343 -0.57944477448987 0.479178580204945 -0.574140976716266 -0.0235680210024158 -0.818417184106814 0.0370157353228172 -0.37345817278518 0.30797911264813 -0.178884025094425 -0.231782666383354 -0.0552767476778293
-15.2158188529439 -4.37991132066588 39.1258868288861 -0.838243224309275 -0.0397693897382964 0.543844364261893 -0.529113921688642 -0.181847096872886 -0.828836588981309 0.320542123913361 -0.129812272289407 0.0537772286583902 0.719831726749138 -0.0752012213768807 0.228586713487992
-15.6606222974903 -4.65336116513145 38.7357774653152 -0.660919395607484 0.516463562394405 0.544473085862568 -0.706093531593797 -0.182202182280013 -0.684276471474659 -0.205872111876311 -0.530394267481321 -0.281411205942501 0.101008527711186 0.498931812255063 -0.153124112319296
-16.1318473841517 -4.82624442509335 38.6247600094279 -0.349818726585657 0.904938404118125 0.242308364036682 -0.788182396386827 -0.144499269603988 -0.598237804814975 0.0891785512488672 -0.45813913690567 0.255791905997708 -0.331010023168427 0.5463660826625 -0.435854145860747
