t = 7055
b = 30 30 30
E = -0.844154496254499 -1.27159872716795 0.427444230913455
17.4882231830778 15.9570439598779 21.2511865112256 0.736234790114827 -0.604609927496903 0.303982185985933 -0.638346917960986 -0.769595604094172 0.0153563826676252 -0.0334816080765292 -0.600936863246331 -0.234207190946089 0.510440515530753 -0.54785876564686 0.135361790059765
17.2419094108476 15.6020413220641 20.9410756670341 0.611720885998865 -0.552144187560189 0.566510682843903 -0.509812906210401 -0.822739608319651 -0.25137688351025 -0.15396424530457 -0.147854679319107 0.546216246157966 0.410841016015812 0.250864276436206 0.106402497864579
17.1940597577606 15.0686033055866 20.768474261797 0.176820151949113 -0.0669539693941336 0.98196323752321 -0.524718028835159 -0.850493445387447 0.0364950622459971 -0.0838675787945351 0.586513323987033 -0.473856191809416 -0.132755485703896 -0.268605032801181 -0.0294913334281931
17.1896106603323 14.4877105688787 20.8461621859969 -0.323787609684793 0.501251866508731 0.802438876261687 -0.542974337807356 -0.793004395530554 0.276265989857397 -0.501178541779046 0.288244480961204 0.165783594890152 -0.326823405171328 0.13370264167214 0.304901757371116
17.2352069883512 14.0588916118313 21.2164981915845 -0.780852524746578 0.526907585812163 0.335615450494295 -0.480318394715939 -0.849884305877754 0.216773859863661 -0.182079347440356 0.143588910722728 0.0963188540340317 0.747638125123404 -0.105549399849299 0.248798241087008
17.097670721993 13.7033051071266 21.5515393198484 -0.809151010130261 0.525252193058688 -0.263409902039044 -0.584640665828394 -0.764590245608105 0.271287758995249 -0.341730262887964 -0.354821891061762 -0.00277387534247115 0.12179929784778 -0.440380816949236 0.250896074721536
16.8144902403013 13.5030058046014 21.9303589172946 -0.630084651589762 0.221167860746706 -0.744364231545103 -0.685819262258067 -0.608088228447912 0.399850779590177 0.642682402868669 -0.0911058687900677 0.668135349536161 -0.307338038421721 0.303972695954721 -0.250039742853546
16.2848809125094 13.4536238061926 22.1740038691249 -0.27713069901761 -0.130441178036299 -0.951936801859517 -0.875175452269967 -0.374644342078539 0.306120147479069 0.238099259379209 0.155929641594053 0.363762478824266 -0.169795302820169 0.0987180454155518 -0.370681449541806
15.8449710590793 13.4023856126105 21.0292058463564 0.111256788447447 0.187199533249267 0.976001158695834 0.667918603209977 0.71312756343021 -0.212917396569945 1.2420182497502 0.532695918076461 -0.289729402278493 -0.685033779539083 -0.105207764050078 -0.0187532365080912
15.9141567954878 13.881011766751 21.1103831997785 0.696868368692478 -0.338419082839468 0.632334564203135 0.596046584701449 0.763629579657436 -0.248190116519468 0.136929840906341 -0.440951613171354 0.604308950266749 -0.202343042602104 0.414250006397169 -0.0401461471025967
16.0767211503976 14.3126581044376 21.2637259989739 0.872442388469224 -0.45097518947294 0.188323278651284 0.464878452049952 0.884678137771109 -0.0351086509209165 -0.0300826878808502 -0.278612879715102 -0.0371498072861224 0.065974914762402 -0.277199415023494 0.925423636703828
16.3638256176819 14.6600852951465 21.6451421010137 0.793101348392636 -0.413696785398472 -0.447040513744295 0.531531876651796 0.82848632449339 0.176307328918717 0.114179912132296 -0.461855545203413 -0.29629236174911 0.173949878944153 0.644433202417834 -0.154977458739724
16.7387802991619 14.9648075774802 21.8533654244692 0.429838367182802 -0.415305810521803 -0.801723182803421 0.77394950562915 0.626781002281726 0.0902648210274261 0.103324340161962 0.142297023050096 0.260900677926962 0.611607772782671 0.216283137278318 -0.198992974004177
17.2466697356497 15.0028449380477 22.0220300281194 0.12881121500051 -0.111219733283055 -0.985412523676521 0.870629645681266 0.488426716963157 0.0586801688606179 0.52127798951977 -0.338797884182135 0.0299636546119567 -0.444504832042566 -0.479760507572114 0.459158281477442
17.7999526774082 14.9785149798429 21.9563418509817 -0.21645253765807 0.502247734482009 -0.837195026352325 0.816252356295737 0.563552299721389 0.127046827273959 0.0308823800666992 0.277504500126129 0.326914948666548 0.454361894513983 0.291440581802688 -0.209821060210959
18.2470877503296 15.1992513899543 21.735230012245 -0.656622153721533 0.673932269052553 -0.338618729505291 0.718050058156059 0.695953481074418 -0.00727091207977144 -0.133593610324542 0.348497208688122 0.642304783764195 0.208193004260132 -0.177740445928644 0.645293559381317
