t = 1331
b = 30 30 30
E = -1.01678366113152 -1.32644171852685 0.309658057395333
-1.2963512871921 20.1184247372695 20.191675364353 0.850883400576384 0.475948250830195 0.22242010060974 0.162649791136151 -0.641229068952823 0.749913546065986 0.0788273645806628 -0.207692363251226 -0.0353503738739032 0.0875197139723105 -0.0851367980823249 -0.100632641060718
-1.02897728971964 19.7297626662006 20.2866832808847 0.318361753471238 0.713501671674624 0.624148346504447 0.0516961089203864 -0.670493186283638 0.740112423534227 -0.222027143156053 -0.154151040775522 0.654559221267386 -0.092793714126656 0.442582652565608 -0.0649553726961353
-0.782772864310797 19.4313977601383 20.5518752519454 -0.141027199122528 0.732314243690955 0.66620355567574 0.322427829942063 -0.602265452738282 0.73028529967185 0.507851575155114 0.55962294842822 -0.537513847182411 0.598327527421333 0.516191731676112 -0.17647777931449
-0.407770016032394 19.3092835084026 20.8307017037504 -0.646419815890871 0.46515928381457 0.604787782866626 0.349910747391604 -0.523654478767276 0.776755080914713 -0.00283077747950674 0.39136742093506 -0.361934959104591 -0.568883643822293 -0.362103979712721 0.323319513521657
-0.185159334782874 19.3422511196401 21.3402545076157 -0.952402534096378 0.107678549745385 0.285192466540631 0.203690358208195 -0.471254621038911 0.858154601527306 -0.819896222319124 0.0565406313279129 -0.454329594615373 -0.230547016925351 -0.130378214447872 0.0957529371371274
-0.198754177242169 19.3556371089503 21.9414628531154 -0.921027053437428 -0.272043629342653 -0.278749763354961 -0.0705639254658223 -0.587278795881576 0.806302888702961 -0.148180448424789 -0.0328474892028915 -0.416311986237212 0.170463521434116 0.307258230422187 -0.0867550518082805
-0.447066439804999 19.1431394902943 22.4375309463205 -0.467914619648544 -0.551897303234259 -0.690264641570109 0.0282577479540728 -0.789985844870142 0.612473562356264 0.335462253882611 0.697875529336976 0.41753065282226 -0.394875611368806 -0.592222220686935 0.111563278353776
-0.687481906114041 18.8467187067232 22.690439806968 0.461158720095223 -0.581749740459158 -0.669999906235694 -0.000383639249644611 -0.755215256388072 0.655476749656023 0.178872736552062 -0.0312954781206631 0.0414980386510252 -0.696537592861337 -0.363409192443771 -0.165513262720032
-0.867322483369144 18.2034913010305 22.0410940368484 -0.146323364955678 0.674765377156489 0.72338175167674 0.0163249275953926 0.73279986753003 -0.680248374409653 -0.124425180786239 0.416379265507066 0.345067207400611 0.0860441682310729 0.183027259248109 -0.318592648402507
-1.1646057178603 18.5720902323405 21.8344673207865 0.604206292262073 0.64249133821645 0.471316917485203 -0.227939539622875 0.706135863954842 -0.670384746181818 -0.306197339198598 0.561072470934214 0.25690014591 0.3158670912686 -0.481896451706441 -0.482101968648369
-1.26910365677174 18.971436864435 21.5886574506556 0.892299585688175 0.312196013612422 0.326090629220196 -0.154096684637568 0.889576624166278 -0.430008885397312 -0.306389413345815 -0.106593836850643 0.173969887406117 -0.0424855453240908 -0.0354785407199426 -0.27261821212469
-1.31507008313133 19.4288792157933 21.6301265402526 0.898280788944767 -0.18059479707291 -0.400595985355522 -0.0485034954937596 0.865322558652252 -0.498862987615244 0.00969537632179292 -0.360452912217298 -0.188053960655673 0.367834863495803 -0.11951194336973 -0.246846177147816
-1.13708475842146 19.9146882889261 21.5956891722167 0.533516406043804 -0.504756430573198 -0.678661322219785 0.0831975479499833 0.82982768085789 -0.551782736316683 -0.456700498527292 -0.244207594575252 0.0937091539411945 -0.0529641886286475 0.103324955728026 0.161757023105099
-0.838741485430333 20.2564257709298 21.3996541439062 0.0195999361798802 -0.616418039883898 -0.787175102888448 -0.00231102018107556 0.787296310874027 -0.616570497242506 0.133553026889669 0.160634918702455 -0.133179879159482 -0.0636438458517369 -0.186311260176322 -0.12057550096892
-0.557703719731101 20.5543030903945 21.082496017491 -0.485984330863217 -0.605974663016089 -0.629772925694626 0.034022378895787 0.706927059705381 -0.706467699184171 -0.165053282793686 -0.136253137446174 -0.06716054602714 -0.268875035692546 0.39686831996232 -0.313739181446866
-0.361665487818193 20.7464894271975 20.4935028701706 -0.763514590676332 -0.540227236628796 -0.353836123973753 -0.0110145198522215 0.558725575975728 -0.829279452960832 0.477338198437227 0.178399974003916 0.483485054457634 -0.334067848492225 0.0924123611942688 0.0422093111656264
