t = 2222
b = 30 30 30
E = -0.979676745715003 -1.3309504242501 0.351273678535093
-1.53056982263967 20.4051048118747 20.1518440322519 0.709285621811878 0.454430338106492 0.538894214572173 0.178359403353741 -0.855291135482566 0.486482267714086 -0.582335257928148 0.0417757006747015 -0.623910968277863 -0.39110581328123 -0.0600116526786814 0.461608434001893
-1.18487447992187 20.0181922694492 20.2583902546919 0.188404435393765 0.531607924059341 0.825770418337492 0.262305989645524 -0.837521339540306 0.479326166206989 -0.0348377920617829 0.305090207170282 0.267909306310512 0.0733595145163564 0.223352103671026 -0.0275636525301337
-0.848166536140091 19.6571702156412 20.529313138035 -0.166345720908504 0.755835394236402 0.633278736383072 0.289859806724653 -0.576371242741234 0.764053324700881 0.0285863542354068 0.129898540061894 0.24549416752956 0.115908327748361 0.0864745011793067 -0.19319887974693
-0.476403875235704 19.5675232666291 20.8834784787415 -0.617466987314994 0.349787847682621 0.704544520374476 0.509345857737063 -0.504750464750052 0.696989071320848 0.599872763901899 -0.251838422729022 0.114157977047662 -0.159331309725949 0.373631690017958 -0.0771280693292524
-0.203310528391871 19.6318972498323 21.3340789230771 -0.919887399432658 -0.107972263416666 0.377026740030073 0.392170192623574 -0.260886712365158 0.882122816465421 0.229315272955481 0.318112220518529 -0.369016030904937 -0.391586096731735 0.381634669837897 0.346419123925227
-0.16717150609297 19.7325430818955 21.9171460308878 -0.617438343619495 -0.781738667889946 -0.0874902677677188 0.228908859431287 -0.284971455892457 0.930801806723859 -0.253915501328287 0.495742902463887 0.0664104205293808 -0.504084729809625 -0.339078631033629 -0.230740869061486
-0.326637388416977 19.73267453077 22.4220817116827 -0.172845602246325 -0.942105250433061 -0.287336205324988 0.0538214634340969 -0.300325260259507 0.95231716781956 -0.309825108585233 -0.164697713931841 -0.245586877623736 0.446230111985062 -0.82490156447546 0.065531585885054
-0.597268355980081 19.6226391781826 22.8151071306234 0.376741975252974 -0.887330709267715 -0.265912949050885 -0.180415024997589 -0.351855112579841 0.91850334703067 -0.379629627245833 -0.0382773197270059 0.896809173836664 -0.308725169016816 0.103677881158357 -0.00825533824548234
-0.380032367612639 18.4242618092589 22.3182987865842 -0.272404074062162 0.793246186298586 0.544570021537259 -0.282512970602708 0.475087842315181 -0.833353444539315 0.502492425473548 0.328416639944182 -0.256256263189464 -0.215104492658881 -0.150128704434317 0.304736286523243
-0.801805781419638 18.6778412798667 22.1178121271716 0.473508142163776 0.83222134961935 0.288440053637416 -0.398235150387309 0.494378930181922 -0.772656610913396 0.219227094383056 0.0955048889443392 -0.0262695884016871 0.0327473165159702 -0.424267492768529 -0.0520515606661577
-1.11329444768516 19.0290970742444 21.9899426819553 0.823212840413749 0.541889500743153 -0.169341041576647 -0.511028378823205 0.577320340498289 -0.636829035522304 -0.288581061747007 0.0584490924583303 0.0713430390133315 -0.181615625082311 -0.192196972334501 0.700369226344695
-1.33550203174794 19.5155550713201 21.8417013646245 0.893202840166606 -0.022213425743598 -0.449104943231588 -0.332456354263131 0.639863267004977 -0.692854798675585 0.718233533147243 -0.387870513837459 -0.0356411953716325 -0.179299733592606 0.0645736187284417 0.0159749123476687
-1.27765423779149 19.9991121131167 21.6680981926042 0.618619415386688 -0.409256175725706 -0.670685769594822 -0.197058700076057 0.745522153072154 -0.63668248601873 0.608145796064416 0.514819696231502 0.0762633016755801 -0.25788454445544 0.0722643986257719 -0.133067291117402
-1.054573518882 20.3528997745598 21.4224683396798 0.138679498606002 -0.605122384154021 -0.783961030193554 -0.0318074077779255 0.788480154381561 -0.61423719763368 -0.392934545228807 0.636474033722399 0.344056516895713 -0.555572442650461 -0.197763058542127 -0.321450868066186
-0.819174121669256 20.7086024962045 21.1129235178326 -0.349678730474952 -0.613244935742965 -0.708276382663595 0.071492276844748 0.736332299953436 -0.672832518831274 0.259543400043536 0.815322702626888 0.168516209875088 0.134710497292724 -0.0521670521251511 -0.0111591760579053
-0.624329063127227 20.9868965132783 20.7208174311347 -0.828412959693418 -0.455524113671692 -0.325929056813916 -0.192635241868437 0.778102707459462 -0.59786941737686 -0.337940049859789 -0.620207803842954 0.20263263319067 -0.213947988738274 0.101924106514315 0.428771214703073
