t = 176176
b = 30 30 30
E = -0.856094967994158 -1.24514092767319 0.38904595967903
-5.09937949815519 11.0190722383399 19.0167859125888 0.456190812689813 -0.841026654029519 0.290799088082004 0.804599828413245 0.250229647829942 -0.538520416942845 0.226489104233716 -0.227436247258276 0.27295668350562 0.154679437886915 -0.127138721030848 0.514994353641235
-4.59248351655117 11.0804597588707 19.0280989572069 0.191867075254546 -0.979743478012181 -0.0573562788704557 0.823045832050213 0.192463623100558 -0.53437188560757 -1.26539093672951 0.0243063385291071 -0.0342064287196064 0.180775658075295 0.0337424100904719 0.0285396204225833
-3.9791856361567 11.0808363929545 18.9752985453874 -0.226777668817754 -0.879015778256796 -0.419408095416851 0.749867773084502 0.117213376771461 -0.651121607071296 0.360554378256116 -0.169868097981607 0.172855561889915 0.550975779823207 0.0941422596511115 -0.0678938423818205
-3.52535712785387 10.9672050834561 18.8131164511998 -0.509599104626234 -0.50168384626141 -0.699015072058179 0.815862585010487 -0.0237211990423063 -0.577759073573044 -0.563150911886025 0.0625123754148616 0.0919428845469663 -0.143662304998466 -0.353043891386108 -0.209576480629346
-3.1733745386501 10.6325700664533 18.6669953183249 -0.574650900667508 0.112793277733015 -0.810588686610094 0.801348870823354 -0.123569759792552 -0.585295226099578 -0.111536151761465 -0.218266370911925 -0.281956313384404 0.450098151757961 0.0367068853798348 -0.818107767304701
-2.92488383922246 10.3097328218594 18.3445841152243 -0.29126561857947 0.794400835768116 -0.533002487390466 0.876427374693796 -0.00174221082677945 -0.481530914468365 -0.757874509020903 -0.18722454389999 0.244239141691277 -0.153199869991944 -0.0719016807903835 -0.391850595915502
-2.54741574678589 10.269411165689 17.8381727004231 -0.385142170645383 0.909957243780221 -0.153763854278116 0.636526795883969 0.141291520704455 -0.758202047147536 0.110747684496799 -0.0129963673812567 0.206010501052881 -0.0330493873473361 -0.135459512400173 -0.29284199745153
-2.25574374241408 10.4305176189873 17.3663908589596 -0.197456192336969 0.887018433213568 0.417383937457015 0.599328901367489 0.446159189330497 -0.664640388301503 0.0611250931447638 -0.110807759012526 -0.514688481596593 0.0214445423092187 0.0118895047660447 0.0873122511386172
-2.52713285591333 11.4502062952967 17.9346790082098 0.163756655552235 -0.76864561853738 -0.618358852823827 -0.886612174793922 -0.389517349515142 0.249389426267178 0.0678505979886597 -0.222320555061048 -0.233998242811283 0.480061787668184 -0.176962054660983 -0.165420414657613
-3.01194187333796 11.3579867336077 17.7619566652884 0.401883521249519 -0.913709327520158 0.0602071436851799 -0.886818227968773 -0.371988874352483 0.274185535541689 0.480714666269537 0.80362194186287 -0.197118519363606 -0.03500401975192 -0.703383977364824 -0.299908827848477
-3.41101545881109 11.1603346841704 17.6215270686327 0.416589335695114 -0.572381466792521 0.70628095107935 -0.905428761918165 -0.330934813391771 0.265858809101228 -0.502711066912315 -0.743155627276303 0.55082148701042 0.220794425039445 -0.00602842211748776 0.277734291655108
-3.85550458590154 10.7438894464219 17.6905241822086 0.580789626840651 -0.219566338964481 0.783883940483559 -0.772180670677771 -0.453449906024008 0.445106947326652 -0.0605167261225377 0.0712104253115923 0.0723821049064842 -0.00402179175545844 -0.114692173965732 -0.502568421749355
-4.09143786648109 10.3159797109665 18.0191900521136 0.414684280674712 0.588784743862045 0.693807950917683 -0.709827675940029 -0.267767897489273 0.651494453962382 -0.0706415840943858 0.387875488401044 0.0881085622329663 -0.0797266312596772 -0.452162082216301 -0.469301325104952
-4.39994892687124 9.99183543094222 18.5349626751886 0.417695861402926 0.850530614280886 0.319574469471233 -0.652984709940059 0.0364394286969084 0.756493976592504 0.0735606596200867 0.162048933250716 -0.258327655661686 -0.338240202494383 -0.715402861110097 -0.352298875566101
-4.32401999710324 9.86289062504317 18.9878435526531 -0.153259236337953 0.979270580047615 0.132441449442062 -0.586385269932577 -0.198000909370791 0.785460345971993 -0.198166022739374 0.605885758473101 0.102517883070866 0.265559945659183 0.460554683040785 0.0351784989118934
-4.31618699770065 9.96552035790266 19.5603142226987 -0.706685410733708 0.610866518043088 -0.356984351743937 -0.618240507825603 -0.287789079312271 0.731406945764196 -0.752453963412442 -0.205061912119937 -0.571258027424101 -0.181504641435544 0.482690688423898 -0.483087119160804
