t = 4710
b = 30 30 30
E = -0.96973636746155 -1.35430553154235 0.384569164080802
5.67225299225563 15.8596982454937 14.9377923275542 -0.0140590517244014 -0.303578547224162 -0.952702686429439 0.0597693278152474 0.950837974658457 -0.303866374250124 0.243677732913527 -0.423127486115241 -0.361311004864312 0.0201229300169304 0.183893591008578 0.906592573869972
6.03913522513938 16.1931962056866 14.7366713763302 -0.63936082024615 -0.250798423683897 -0.726854794447854 0.153863796779371 0.884458384474852 -0.440521620550875 0.366752115313128 -0.434117370603618 -0.64059270934544 -0.274424385880937 -0.0300223715180317 -0.252176164753955
6.28095724167745 16.4134005993981 14.3944711833674 -0.945245439099095 0.106288590103895 -0.308567327298416 0.237318671366384 0.872890309988683 -0.426312508553007 -0.0926733579026809 -0.151559072766759 0.431691492986085 -0.983091245484351 -0.164692207098438 -0.12020193761616
6.35042216938407 16.5503957111351 13.9852691371523 -0.855696677745413 0.480972830419915 0.190914462766248 0.248126108603961 0.705110725773922 -0.664268242976908 0.0404010662187267 -0.75287566118051 -0.286806976710777 -0.100355763713996 0.542651774330234 -0.5793377693012
6.39360035811569 16.8976446803063 13.539485931729 -0.736886597703977 0.321200470631646 0.594834766796849 -0.114684364609661 0.807760020070773 -0.57824842973357 -0.0374454439765385 0.0741132036235438 -0.0688013810831527 0.323337291146387 -0.281685773881506 -0.0415903310288731
6.06918486983409 17.1599326297286 13.1703025316206 -0.0643842736188711 0.494786223458889 0.86662636608048 -0.305137573638238 0.817073563735594 -0.489164443309802 -0.148843910416248 0.0875425598056269 0.0646229532010739 -0.337763956548036 0.272145694404806 -0.68627242018918
5.60585182239418 17.4897308329399 13.0195418516473 0.442835536956169 0.528680499590851 0.724150272085227 -0.412822165602544 0.8371829273998 -0.35875145387513 -0.0785544162759037 -0.125376492403422 0.516602154674436 0.36426645328816 0.456376070106078 0.0228903357607157
5.32311163452123 17.8519606831999 13.0864662910978 0.966277651802909 0.257482304296285 0.00321909933605454 -0.227029883400213 0.857762008258084 -0.461196020399518 -0.0299822496741682 -0.353803271278995 -0.442894627450758 -0.16727853090956 0.0184364509492913 -0.0748370701113641
6.37149138551382 18.3120577455031 13.3259020900219 -0.900647323384672 -0.382651764301958 -0.205941802839114 0.136927935882953 -0.699678146957939 0.701214112125767 0.251812757722212 0.00813959383350866 0.694672287743071 0.730158330763824 0.619356115577142 0.0982416457916626
6.22806733262899 18.1006276499184 13.8145705923632 -0.523346739913004 -0.570691955137395 -0.632786600809378 -0.0115563504839548 -0.737781078369696 0.674941131627895 0.12357118277009 0.0297390157159595 -0.00996876405436931 -0.23755137172715 0.377931351135485 -0.0862102643523316
5.87224819107596 17.7889028968587 14.1784406687304 0.102153333966437 -0.531051039911204 -0.841159609924759 -0.0185172595773642 -0.846451756038233 0.532143341401109 0.312550828495801 -0.199556309538691 -0.0512132724640711 -0.534018467628949 0.408103940183305 -0.0575130380130004
5.63974610592154 17.3934355008256 14.2980313614916 0.606265843012285 -0.450420776531086 -0.655410445191208 -0.263653087975042 -0.891374050370225 0.368699540992119 0.0895127787573498 0.0334718108408309 -0.270379105548779 0.0391772434552823 0.0536998044195433 0.0282073751410067
5.27493402999379 17.0306002650158 14.1580430236758 0.952736216897149 -0.290883212026664 -0.0876393631512974 -0.259370460754486 -0.929027118103679 0.263885539421877 -0.105595048602824 0.440421327792276 -0.376771173708227 0.409194625772295 0.228694065241854 0.652496312089298
5.15117592921437 16.4920878374385 13.9786975550405 0.957634059110564 -0.0666560634629564 0.280167767659029 -0.134619636237291 -0.96362457371799 0.230879263828863 0.374100452837143 -0.465920566346546 -0.273307939185752 0.109665193926785 0.295473662494623 -0.0372948075884471
5.2314856186607 15.925506024628 13.8613891768392 0.677845031696784 0.301136000802745 0.670703527666668 -0.099917012850116 -0.866071111466179 0.489834074383198 -0.271360284333366 0.13810509761142 0.377000862783342 -0.813045261170415 0.188541433645971 -0.0972358757994047
5.41304487308695 15.4585654988718 13.9444018742785 0.0855042901211918 0.496980637040046 0.863538802126541 0.0364250343342538 -0.867692721928764 0.495764618731106 0.149227136766759 -0.3610220083173 -0.0475648616361166 0.410035002025202 0.0843486809079658 -0.800222294002611
