t = 59827
b = 30 30 30
E = -0.636260706329373 -0.943976405740198 0.307715699410825
3.38268069166944 23.7515616339803 25.7501900985697 -0.788293837358152 -0.450197942009683 -0.419421791271548 0.464318970088602 -0.882520607512872 0.0746007461825627 -0.058106181322133 0.205507660408613 -0.00424305397111005 0.245021292687383 -0.248873299514391 -0.288596912791574
3.3642816681813 23.3372247492326 26.0473197193443 -0.296835008289232 -0.457903854189822 -0.837981526152005 0.348940909949661 -0.868860039577013 0.351172995815045 0.485989247145912 0.228062096465294 0.24536884253392 -0.11719220453455 0.136977353045376 -0.186555053682762
3.24772802120706 22.9446046694222 26.2309473305217 0.473565370016027 -0.228774272418166 -0.850528172726295 0.501146355197346 -0.724125971386572 0.47380788114582 0.12759979359977 0.133041575181538 0.0619459385626778 0.388912614289644 -0.354718226056406 0.327637287130679
3.24487040687033 22.4722466186654 26.2393826423888 0.911935204838231 0.291911124439348 -0.288378358420374 0.40154160768216 -0.779555458457714 0.480684537393096 -0.0819000173774762 0.026349087320724 0.520371965194793 -0.405839103244908 -0.156826714468224 0.221751848217622
3.57706114069016 21.9562477245153 26.2903756683691 0.694231687622983 0.711689199798065 0.107428333278224 0.48834332551117 -0.575398250380258 0.656077472474133 0.0878969302013635 0.578111943416957 0.286747257796128 0.267612033720197 0.29374151136836 -0.194436913489887
4.04118612461814 21.7730258656533 26.28114059226 0.13390213130486 0.586907991641868 0.798504369793265 0.635638085767506 -0.669040934937296 0.385160292995088 -0.905884253724567 0.0715897450048723 0.307347943680007 -0.046602977595245 -0.116490355202186 -0.00276495131127612
4.58234430912056 21.6306317850205 26.3255992358122 -0.0820653146422617 0.0850971556517046 0.992987290066019 0.839919849797264 -0.530414359256919 0.114870594194516 -0.502655342181162 -0.129830791902552 0.214878090236889 -0.393705355648076 0.542722445418486 -0.346786857599866
5.03894669190483 21.6245455019528 26.4929737300185 -0.629321682320339 -0.567294665512564 0.531160034869408 0.75348863280762 -0.612755707755466 0.238296711775017 0.152427702805656 -0.310061835732265 0.302195511986088 -0.0808772090515293 0.414410698984291 -0.115008196722235
4.53250237555774 21.6055200659509 27.3335063934415 0.60914991369908 0.00339950801593029 -0.793047808133693 -0.58761312759922 0.673490230480038 -0.448465964952766 -0.0196862321402072 0.392321560828274 0.52007019662682 -0.123322515166238 -0.0179351000585978 -0.0533125299167504
4.50968284364629 22.1823167514001 27.2651650490759 0.0951988087345152 -0.445685260447036 -0.89011338347189 -0.693452579392262 0.61182852593376 -0.380511990596787 0.0124485443683073 -0.00192589859524293 0.256937613747822 -0.417477792261128 0.17962202000391 -0.150034241797222
4.35692122259652 22.5595219187924 26.975435286358 -0.150585259302865 -0.7346903038462 -0.661478825900771 -0.454225419582506 0.645718180878793 -0.613781149179163 0.465082958845869 -0.516939138228649 -0.0343210744031795 -0.132824818982984 -0.565970454379758 0.0790488538990355
4.3862768818597 22.7936064785667 26.4923104056168 -0.604959399563989 -0.738543207337054 -0.297620657507952 -0.28813160297661 0.551488077935788 -0.782841669343695 0.321061932142982 0.018139453979253 0.506288881710305 0.0461025508021745 0.152446486563275 0.307694916695049
4.33887735493295 22.878818098471 25.9721366754313 -0.909387174011919 -0.354815066959892 0.217074263792064 -0.398764357451619 0.595212342295368 -0.697645507980557 -0.120487076907874 -0.201819726589907 -0.0275439618801071 -0.0933383118133143 0.339384892874459 -0.133865277362435
4.21044324885622 22.8096160840354 25.4843646664841 -0.818405118293833 0.182835595434655 0.544779044560691 -0.168070184111181 0.830417445578254 -0.53118667085321 0.585039345710381 0.375319725750753 -0.157348478606459 -0.108011493575391 -0.158367636686457 0.154521144558737
5.29507896517259 23.1949616109326 25.3740724410015 -0.809209122286982 0.342637211232832 -0.477263384187573 -0.281959941753579 0.486189955648308 0.827114211141986 0.143242501117662 0.264264740210994 -1.11589183383237 0.233770436391373 -0.0054358804639752 0.16101002565299
5.07159279280652 22.7590303227673 26.215260949006 0.106154776499374 0.978166393635971 -0.178666364455045 0.0651157418655245 -0.186134435684163 -0.980364173159037 0.092140874197324 -0.226296759354713 -0.603939789720978 0.579510159431483 -0.610760132877757 -0.186997489112954
