t = 401097
b = 30 30 30
E = -0.807077096129644 -1.26584435547609 0.458767259346444
14.3256541535201 11.3064859672468 49.9374656305636 -0.728764071439086 -0.625807463708011 0.277971125383299 -0.277675069076655 -0.100990580203734 -0.95535200775598 -0.211062913683448 0.405022720530629 -0.218049134494197 -0.223139039076659 -0.450274838304419 0.167496185692329
14.260844768374 11.0760254583482 49.5130982713138 -0.931452593176775 -0.0138283279668707 0.36359984049765 -0.349307994082681 -0.24581644427379 -0.904189250651964 -0.343077644460981 0.322414693071325 0.491414503807646 0.418887079840257 0.317603442848161 0.568744004833584
14.1261704437027 10.6580717165211 49.2220778809642 -0.874457207673767 0.44905726258079 0.183499773489923 -0.336918277561339 -0.290057085713926 -0.895741570583962 -0.537463182929475 0.0438935267806086 -0.242903569839595 -0.0188038865937039 0.0431989447226891 -0.429520959366
13.8722038716484 10.3385330726221 48.9012836672466 -0.459125253462633 0.880068723449723 -0.121173609496734 -0.270014859023566 -0.268190586511197 -0.924751742476478 0.0886891890289238 0.0329444946690975 -0.0991503222494716 0.417775293000067 -0.173992430406842 -0.126690308126155
13.4153854562984 10.2163745350668 48.4948519193021 0.104780700669228 0.994492928949508 0.00219523043704596 -0.358602557160191 0.0398413957238994 -0.932639731721178 0.0111259282868845 -0.0885435235801995 -0.417420177887849 0.915145928041017 -0.0760893698771141 0.143991558767855
12.953087263849 10.3686159502445 48.157907001922 0.684332195829699 0.717068290865884 -0.132297059625614 -0.25721383153251 0.0676186780401834 -0.963985870875959 -0.342676291916954 0.047417654391024 0.215964545414482 -0.495452898642766 -0.641048304770023 0.151786135657822
12.7756384357842 10.616323950575 47.7148338727962 0.999601521476987 0.00723086781185409 0.0272857620670066 0.0274814474166387 -0.0285074667974416 -0.999215739660196 -0.131622138372621 0.161786089381015 0.158474836709518 0.219329518745601 0.350053202557712 0.521303573174353
12.7582457781585 10.8841218554582 47.2330552691662 0.870752419879384 -0.484653517889355 0.0830734065248472 0.0910155804800679 -0.00716888879437258 -0.995823664683313 -0.707981546019068 0.138049657718137 -0.526508863312213 0.271305770958478 -0.877694389487129 -0.0228714377869866
13.8444577395171 10.5070290396604 47.3189936462905 -0.83865651865504 0.527200660813825 -0.136801706695744 0.156240734273791 0.473476767700551 0.866838268306977 0.288860433123557 0.114722257640121 -0.552781933685526 -0.457379182673464 -0.147911938575972 0.5699047031648
13.9127117471376 10.8960833181571 47.679105492202 -0.962406559567331 -0.25073050760281 0.104440541261496 0.0478744678434007 0.221907853842169 0.973891646812857 0.609221853443851 -0.606622681389352 0.0684338703907393 -0.0638627155138052 -0.103028259577263 -0.502532494077293
13.7314944651618 11.2696091268432 48.002461319831 -0.639059894468592 -0.746442211420226 0.185543731480903 0.197681446036415 0.0737321053536064 0.977489448809095 0.351122556490247 0.0948087264143914 0.701971090250256 0.240884205659735 -0.279385054090247 -0.161563776636086
13.4695306323844 11.4317090620765 48.5124721328671 0.00936958181897901 -0.999932918140603 0.00680956351974235 0.301966805250089 0.009321300128497 0.953272868538164 0.316521672994798 0.276963922914035 0.407720159971373 -0.0897096210383694 0.313267722608462 0.594132774182782
13.1407236885014 11.3531187863531 48.8303734113427 0.64087982321028 -0.741721484054597 0.197793559788427 -0.101469318544738 0.173549948179846 0.979583785533857 -0.618928431839865 -0.056773582749005 0.515561122892339 -0.129615586790186 -0.595611925066615 -0.424410858331849
13.1186947465328 11.1920228137129 49.4000637286441 0.8530248828738 -0.487849583707401 -0.185341125697108 0.196734419193519 -0.0283360049214791 0.980047263722352 0.019874778137466 -0.929492158883002 -0.44469880976729 -0.415200423039146 -0.479191067585899 0.236229491360523
13.1043182500463 11.0454973892116 49.9049384055438 0.930859037761665 0.0382585850207552 -0.363369966411134 0.365243112808713 -0.124504726404129 0.922548666276662 0.887021199236387 -0.170976731290737 0.0827268237357011 0.240274174860728 -0.0419163221366014 -0.00687044505884377
13.3433953331374 10.6871965986267 50.1435901140763 0.81498377065771 0.567973960809822 -0.114921857827456 0.339375056640203 -0.307066578597809 0.889120175926009 0.0610291479073028 -0.10966848810679 0.978357818623314 0.288628597055832 0.0696494295269126 -0.184112496037664
