t = 5472
b = 30 30 30
E = -0.942204460725618 -1.32289606469717 0.380691603971556
5.66997690208686 16.3762376110581 14.7125801859918 0.28721185683965 -0.153343503392224 -0.94551315128776 0.336772690961191 0.940247347919254 -0.0501904308963909 0.21455604151348 -0.251679954781121 -0.973308811719962 0.0160518368767017 -0.356176620675044 -0.0702831119885543
6.00535651621203 16.7831452206706 14.5779873384818 -0.341408378890736 -0.184584808036403 -0.921612048242299 0.218359889502031 0.93812309420852 -0.268782474817996 0.219524039730614 0.107722295407374 -0.0949880064801988 0.0345291699523368 0.33601942683635 -0.199536206572199
6.32990792014762 17.0914454242247 14.2451453084618 -0.890551948742049 0.0914539156165518 -0.445593321213569 0.238616743421319 0.927905544627084 -0.286449559275833 0.285539892624507 0.920015729390154 0.0768501582460452 0.0617974462411035 -0.358854418108414 0.00725548036058296
6.47604810913555 17.2181153554109 13.7331040530823 -0.904151465902631 0.426501805125491 0.0246239097387634 0.389043550815911 0.845817019101827 -0.365018747143549 0.0437896171211746 -0.46843066018766 -0.455607148552048 0.625584928025086 -0.198891598429182 0.0806975302131447
6.43409439263719 17.6282871256434 13.2539686797272 -0.670634098767032 0.352412803398596 0.652728980183716 0.243425769483026 0.93576509051007 -0.255122696235124 -0.152274787308755 -0.0223283498308949 -0.598102185349945 0.483430425352759 -0.358296717855734 0.704875051930555
6.32119634547884 18.0752686835184 12.9643871153462 -0.12216021802605 0.294987119030213 0.947660002710933 0.2226936042587 0.938612917622142 -0.263464133223325 0.366516209695377 -0.408801278849875 -0.0447093439518658 -0.000434451928793103 0.427320941231389 -0.20248456684281
6.16400547180302 18.5499067611128 12.9166125485409 0.305443294895566 0.166796320799815 0.937487803105181 0.134678164908176 0.96707383774865 -0.215939769933796 0.203638740012711 -0.130973728204092 0.235473499073609 0.377209978051868 -0.362130094742139 0.0412121889540474
5.99985244912112 19.1119079064114 12.8460202483014 0.581953827090545 -0.0993313789021078 0.80713259152389 0.205082769541707 0.978359237274711 -0.0274638030204704 0.0892109673249258 0.357901795849518 0.188364755634068 0.371792533149222 -0.348514803040261 -0.601950086499988
6.67353102838115 19.1860609679927 13.7841083236017 -0.816180650813544 -0.105535467158876 -0.568076940571557 -0.110163427508009 -0.936719076979143 0.332297141220059 -0.27334332526993 -0.053480369023597 -0.128837965234527 -0.722230209058798 0.00175630982869154 0.269708023830177
6.36173198621912 18.8782251702616 14.0529954851237 -0.137453590044063 -0.235850384353135 -0.962019286077195 -0.158357126826756 -0.953512800090711 0.256391030354704 -0.542740615985948 0.0871715283539108 0.647361273809593 0.100612531581402 -0.395812389896868 0.151137574288804
6.03725783155098 18.408561237503 14.1090758737986 0.226353523477338 -0.216233683816009 -0.949740531088754 -0.462692763717164 -0.881886205568672 0.0905103686406293 0.300765032522495 -0.305683275627896 0.308344489587351 -0.198939458580068 -0.0606490629238945 0.292358427384191
5.59159958275045 18.0349695243353 13.9757436532944 0.703169718566224 -0.420675054881605 -0.573223207042297 -0.46545574301388 -0.88178896883832 0.0761522536137137 -0.36968708557435 0.0875880477794974 0.425826166737778 -0.165268038136044 -0.375634013172303 -0.0177156781551978
5.32849917136954 17.6066939955369 13.7607092921633 0.965985109535921 -0.243779819760926 -0.0862795898935535 -0.245811800209915 -0.969222105472666 -0.0136040119339144 0.455388521311182 0.584570764566293 -0.51561041213803 0.0438124627063165 0.438466790488132 0.291222489099106
5.29347586715503 17.0879350811198 13.6479985121287 0.916163121224859 0.0643960964220307 0.395598632547095 0.0424374826464954 -0.997045889326977 0.0640199550359515 0.572873300165619 -0.481620389656755 -0.107904499210562 -0.232232064476706 -0.516033606530248 -0.0917948934116495
5.57592977556258 16.6214822731089 13.4570229934039 0.414710878586874 0.106300803388884 0.903722870342773 0.0720217213285854 -0.993871874183818 0.083854453448871 -0.0672301637369477 -0.315134434287788 -0.0436576498512775 0.824812780358111 0.011948783987297 0.236352274786975
5.83527048280196 16.2937226862034 13.5236615674068 -0.306618689910143 0.0265422095912938 0.951462290428685 0.188198649464309 -0.978186283950998 0.0879366944452036 -0.172602069164025 -0.349485955463201 -0.155054621069728 0.461836749372294 0.357393446779835 -0.180721269687036
