t = 3586
b = 30 30 30
E = -1.00610705295885 -1.28479428099484 0.278687228035988
4.38673298662885 18.2048868784119 15.9788840066234 -0.487914909001643 -0.0537376628960331 -0.871235504992993 0.864792619198723 -0.165404151731071 -0.474104621755088 -0.0242250981551063 0.198888635494483 -0.288830248900098 -0.181064945431157 -0.00711652252575063 -0.744982756786642
4.77311288949533 17.8880788921037 15.6134477800583 -0.558819664574273 0.438020352124517 -0.704172389127694 0.787619187071478 0.0145509058242285 -0.615990492862152 -0.173544175107606 0.262624805018532 0.231279068258577 -0.334985848459589 0.0528846141842404 0.381997561337351
4.89527976481628 17.7024091404051 15.1488757274338 -0.394320994098205 0.871455458904961 -0.291678481822251 0.650962467155251 0.0408429987822488 -0.758010366555511 -0.223869036024336 -0.426596952492922 0.328634475650374 -0.673508360445124 -0.12454543036659 -0.0756769399129432
4.87993906679843 17.6853166838614 14.5519226534448 0.0443078411416543 0.998394627203736 0.0352843249058896 0.604580527152021 0.00131994068824549 -0.796542932895123 -0.0407738563734073 -0.191081240369457 -0.226596116306885 0.105626359454307 -0.0769346135028544 -0.176553003306451
4.88482439794398 17.8781369978683 14.0230593055672 0.508285420228864 0.68866619413652 0.517092646086066 0.645493598775368 0.0928110773911193 -0.75810561127954 0.0692884442015178 0.0132523678344472 0.190170047094019 0.331895181373802 0.187291442612434 -0.356777487693067
5.10370974905632 18.1351187026292 13.6269901141791 0.673048716697258 0.252536135019285 0.695148132027765 0.6227722371386 0.313482230893374 -0.716856772000859 0.4810331675074 0.0272458594037541 -0.758486613534375 -0.344957117180549 -0.162760074415921 -0.0199455503565685
5.30735880792038 18.5586038990427 13.3862213116887 0.765550991290457 -0.421473986471107 0.486098095514019 0.592830810271091 0.168564992275789 -0.787488078495404 -0.241030911857822 0.0271269453952689 -0.232489992119481 -0.161202325458906 -0.50294185111411 0.158306966235385
5.52221524378944 18.4759014656245 12.8396480817518 0.582129989535786 -0.294019112477403 0.758074822679836 0.779283322783984 -0.0643191732937028 -0.623362291751409 0.177332833108562 0.569333269743535 -0.194897359914703 0.316300725861116 -0.755046516952198 0.0548138935397776
6.22884144307647 17.8836215039547 13.5099323624111 -0.449741328227997 0.770578913839039 -0.451598134662187 -0.434872774405055 0.252715893614718 0.864303388397714 -0.512774793540693 0.151325059418697 -0.11508576736623 -0.396571653489749 0.0241904994863459 -0.172373730658364
6.26172574938881 18.2379471308537 13.9739092535308 -0.859175118807141 0.189842664789138 -0.475160896800758 -0.460962083203774 0.115922103546053 0.879815903333134 0.100424492999594 -0.0935141966623433 0.221636811529021 0.30425994690095 0.0109946129447965 0.254155392543203
5.96030519864145 18.4981355865542 14.3889067650007 -0.673516545805509 -0.297796617952529 -0.676529849202722 -0.707528121928222 -0.00520079958499085 0.706666051515426 0.0427259988708499 0.218246356876076 -0.375679631335644 -0.346352764527977 0.12562570606689 -0.244357419781426
5.53617186283155 18.6711383162886 14.6681986629358 -0.511163149290189 -0.680334283481145 -0.525221379541931 -0.746398698939014 0.048391618843246 0.663737322626865 -0.0283697402065032 -0.100915838976818 0.321616003483678 0.342169963619856 -0.159566011406307 0.0580057675622182
5.01103899288925 18.8248930828047 14.708402701792 -0.157119846199046 -0.981966914991223 -0.105139582427372 -0.849094061499126 0.0799520406989123 0.522156055135818 0.260045668008006 0.00994835382219579 0.816717426544153 -0.191202205938491 0.129422265129662 -0.507557513243347
4.44334626207627 18.7742768626421 14.7872577275359 0.369635043134026 -0.888945878094812 0.270453620248556 -0.80694208598291 -0.162804320682229 0.567749260709996 0.255926845310717 -0.412260337060787 0.0481382491494823 0.359005379870411 -0.152194968846674 -0.412140999121754
4.06477475418122 18.4755739605261 14.8354229916422 0.647297883234386 -0.369317565839656 0.666790811216346 -0.730046701659951 -0.0488474107492081 0.681649282152138 -0.404862014685475 0.280049328633565 -0.226806311221987 0.0279037031039805 0.234037960416936 -0.0788458348831421
3.76323201460708 18.0160066747889 14.9514438982091 0.467966590823617 0.247125609876855 0.848490543739831 -0.842167143307847 -0.166327812853614 0.51292256862419 -0.510320843076855 0.414672069374369 0.433588675512101 -0.330231680231269 0.0775476537957884 -0.187479066683502
