t = 346621
b = 30 30 30
E = -0.812013518277614 -1.22937779232641 0.417364274048801
6.70696260303281 26.8510914998635 29.1497247075115 -0.330827444852095 0.702261673444172 -0.63038222035845 0.882838723002278 0.466306647504336 0.0561595909971445 0.207582923813309 -0.229168911454431 -0.303453700295553 -0.186701678472737 0.399987679813861 0.607950962424663
7.16022706799463 27.063227732115 28.9754352863691 -0.596508081328629 0.802384477164809 -0.0189013151555923 0.802541934405719 0.59659427314774 -0.00131025480237471 -0.0622108659475048 0.215865526008652 0.288907809188365 -0.0650800469353881 0.119933742082744 -0.537288164462086
7.46270020240483 27.4082429711111 28.6629904630508 -0.474399903481148 0.528385960300091 0.70409730047404 0.758239302974091 0.651609011468942 0.0218827694282234 0.37171599044095 0.769463806057875 -0.353733919082267 -0.27791842461196 0.216826444609438 0.327030456893206
7.748914721742 27.8312097735423 28.4897485628525 -0.590193249044555 0.195592233112536 0.78320853361561 0.450912000972535 0.88461743770516 0.118871175172639 -0.047704715838821 0.164061249168307 -0.0538744180162304 0.267391517375843 0.348029691415095 -0.152305944301104
7.71627496778214 28.3299560463799 28.4091366121525 0.0816611605130562 -0.239054670769837 0.967566183393561 0.544906978927075 0.823573606380891 0.157489362146587 -0.415110964024563 -0.0517083374609765 -0.203908740442384 0.234097684512965 -0.503417944529143 -0.0969396468759498
7.77745405819632 28.7824380013159 28.6697086859761 0.556613960349066 -0.650627061753532 0.516590094425441 0.573644215078444 0.750784442794181 0.32749814497985 0.0494317436508226 0.907431914669372 -0.10182677514175 -0.417493354646642 0.0775475267335718 0.0978847067731739
8.06103885556874 29.129713413091 29.0762161842497 0.457311566356493 -0.862598248407902 0.216310871479356 0.762235489187889 0.505493293876493 0.404318672421121 0.202864109265942 -0.372982399565819 -0.245960485987618 0.160581825169146 0.563110857168457 -0.124145540081207
8.21051601306154 29.0430006887826 29.5218644386764 0.755518662815973 -0.259098483062462 -0.601713824181796 0.640075970802637 0.487683762290231 0.5936895650081 0.154290157240812 -0.55111041178944 0.810150730790901 -0.787711358656709 -0.554886870787228 -0.215843648751774
9.05816292507475 28.3994169353866 28.9258360683407 -0.536357907870359 0.519368373241087 0.66526437417154 -0.776141926000625 -0.613171845615456 -0.147051006282213 -0.0334809330443098 -0.540843470499061 -0.509783839390418 -0.0832086963269303 -1.20062211005594 0.359939020656754
8.72789599644227 28.084658480702 29.0952489364983 -0.571274189555965 0.81665977514065 0.0819305316374549 -0.82064351105436 -0.570017200808122 -0.0403065571244359 0.489680438489771 0.318339314254075 -0.323787457611134 0.226316166806846 0.312950762159229 0.215859640447836
8.38265452343943 27.96796707546 29.2723749728771 -0.506908818724614 0.699907734624384 -0.503162610407576 -0.860437225468035 -0.445972052329861 0.246488761548169 -0.0988587144379353 0.170886922578562 -0.0377949846651581 -0.600639505546719 -0.117213657910515 0.177135799259736
7.80761866996071 28.0482101189405 29.5253218660351 -0.0999882821443282 0.265564311290564 -0.958894123458156 -0.890029816004432 -0.454697666863571 -0.0331203618935604 -0.0639401434951381 -0.467069207336394 0.245555004861953 0.159406294927383 0.586134997976881 -0.119618970128121
7.31632866385251 27.9969711568524 29.5373632531836 0.282784183172421 -0.178435828660597 -0.942440322141252 -0.943599743232845 -0.228144604208476 -0.239936583582972 0.894538811219402 0.288313428940747 0.241060844491312 0.340838469512369 -0.341690595445724 0.318664948710237
6.87493163410304 28.1293050265321 29.2665015868829 0.495820501052501 -0.595485740807354 -0.63210660748894 -0.868416141934376 -0.343277383645966 -0.357790500579584 0.438240282606443 0.211140837640071 -0.359701651888894 0.104405004724768 -0.00808562993294928 0.336090395680303
6.55431984343293 28.1010650680724 28.8730119311232 0.421864534112308 -0.903002847249347 0.081339859342139 -0.786953979026247 -0.409242987524395 -0.461761423309561 0.564145486604737 0.380271529844195 -0.198975230615221 0.25780994383312 -0.229153064475602 0.111683990637337
6.24562183335661 27.8611280638791 28.4706925788949 0.262917378637888 -0.73587439913863 0.623989840223837 -0.752227002412156 -0.561339242594829 -0.34504027527966 0.130374561354423 -0.545636071076668 0.044615584084147 0.159116642480932 -0.264925262911831 -0.110769456132476
