t = 3709
b = 30 30 30
E = -0.913430263614557 -1.34067775738385 0.427247493769289
5.24985448540802 17.8578978534431 15.1026976856778 -0.0033698700117438 -0.839299112823306 -0.543659491952564 0.43658844212751 0.487876722127488 -0.75588811090453 0.263426636025953 -0.084691808070411 -0.0867739241370242 0.666669859766565 0.0772645478039021 0.260839909364638
5.6590602003199 17.9478484615911 14.7708325073072 -0.765741285857578 -0.428061292054619 -0.480003972252015 0.311550831222302 0.40603725561648 -0.859109903688777 0.121399135362384 -0.209696243755548 0.0555938287241976 0.411609479598524 0.187956544396559 -0.0508700938248394
5.87459407739568 17.7323326357396 14.3153042777782 -0.896259650490826 0.36261701324295 -0.255396829676542 0.421628915970975 0.517863690629131 -0.744342834415106 0.0582596094014459 0.17784662109226 -0.927534929998092 0.303402038780168 0.0717911765317991 0.412355715654871
5.95013022273816 17.865884178547 13.815847558141 -0.811573766097232 0.543621499560314 0.214064680408861 0.167067680691153 0.567026472174587 -0.806578805772701 -0.0986924517115907 0.0522603243322792 -0.209471531307993 -0.379630798414118 0.261094898654241 -0.233832746751002
5.85688185719615 18.0676512904427 13.3609049734162 -0.389350300771035 0.699759823460593 0.598951193971521 -0.0027367739441695 0.649381915945044 -0.760457518413702 0.179159072145228 -0.0866549156649538 0.199580627212266 0.237023009540954 0.209232899087813 -0.0801381870474581
5.60780734280352 18.3966676863265 12.9356863151009 0.194245828455412 0.685042380550253 0.702129258027123 0.203400393108024 0.672079627384977 -0.7119952630022 -0.0747373986568233 -0.0160669992433225 -0.523958845849743 -0.220506741664659 -0.496937119750567 -0.4862713133515
5.44988367363598 18.8433693439912 12.7412911124205 0.858356737540644 0.247439853387945 0.449441019572016 0.196288847605294 0.650981061714465 -0.733276445547577 -0.142607889288375 0.622193122506845 -0.546544682693773 0.373989401878372 -0.404709624731257 0.0677689929790813
5.38316972502999 19.3353628648948 12.6617605973843 0.981769511058429 -0.165609405216908 -0.0932853260689536 0.0654516406999648 0.755319216932697 -0.652080488330894 -0.808731178021379 -0.0162783187353561 0.44041307436579 -0.120244210442265 -0.382674570314969 -0.92744518513939
6.52435383258861 19.2545880914512 12.9397845843269 -0.915796032246945 0.231006179648943 -0.328563193746276 -0.401291372880695 -0.560514984670163 0.724422657025397 -0.226182454144076 -0.29254121340275 -0.639739266041918 -0.115910229315397 0.169293126469286 0.324847127669149
6.28763430907333 19.3452524157884 13.3800589158205 -0.642126908258096 -0.48089778092 -0.597001137349934 -0.415437288483093 -0.43620251825557 0.798210011466478 -0.0113966444522022 0.566260976667206 0.0693997655341961 -0.058885654316406 0.337381962588368 -0.258308470469268
5.92923682456414 19.1823040207365 13.833780483761 -0.272692277515475 -0.590360199856596 -0.759680035415372 -0.487664514403212 -0.59584089999908 0.6380885074033 -0.00868416082293925 0.251916435995175 -0.581800857217537 0.657532810332211 0.100436585159462 0.194087704346445
5.41008524942839 19.0070306185658 13.9915680059364 0.32708077336361 -0.806553834363907 -0.492431802353119 -0.550004003891429 -0.586219079391656 0.594846859839233 0.338558308790331 0.0871534487623644 -0.134718245881953 0.0724273432718834 -0.522434755021753 -0.632483437178307
5.02256875022441 18.5467844565092 14.0690995207355 0.720059376873618 -0.638554037826779 -0.271593877971296 -0.519761902075072 -0.755632067411196 0.398582167000967 -0.154080443989227 0.0159906681136599 0.474710565520403 0.07046279351994 0.050076219966556 -0.0782302888389453
4.71894544791212 18.1076990063124 14.0505144946204 0.9424964018055 -0.252502575349407 0.218958859207852 -0.333536968492146 -0.66886494620017 0.664358919857119 -0.556220304502664 -0.0247816684233711 -0.0264156000756115 0.0835305989280392 0.372901972005946 0.0423094333662474
4.75551908379626 17.5159431432879 14.1999520967724 0.70920676801806 0.436421672717219 0.55368030828275 -0.254206137318039 -0.574228230751174 0.778229515476136 0.387801894422557 -0.23763486337464 0.0978910917122895 0.383147545421214 -0.744624462765438 0.761722137982554
4.88315107445196 17.1161450002492 14.3870199909418 0.438476000247816 0.581627444876583 0.685162982488848 0.0342154872976083 -0.772607338063012 0.633961514289449 0.587082466552932 0.252093029841482 -1.15820028533869 0.530351202469766 -0.233237148697431 0.472947195081281
