t = 156489
b = 30 30 30
E = -0.765444339283135 -1.13204418489397 0.366599845610838
-7.04679075573627 7.9847891930541 18.1979068309394 -0.618508213678786 -0.741778042540064 0.259254556791768 -0.229363580504294 0.485994243733554 0.843327897674501 0.0769375329359489 -0.184977669110591 0.0256872497841664 0.149750161125525 0.13833396139276 -0.16155421049021
-7.37097053249372 8.30997613690854 18.4534736445536 0.0919444684211826 -0.861628618585638 0.499141601513004 -0.10679141643156 0.489841511796678 0.86524614226084 0.0183225181716241 -0.16720024641116 0.261530658513632 0.0216311252254991 -0.331432984722127 -0.81583022125387
-7.66563865139459 8.3625986097219 18.8661417146963 0.813112628688571 -0.454093817373506 0.364206889130703 -0.0755606960312458 0.538041570805114 0.839524775870733 0.128910486940846 0.0384437320131783 0.570279170753464 -0.165789722234225 0.429267305558078 0.391260081306869
-7.71419438985176 8.64746082633951 19.3514322340564 0.712586921579054 -0.684378276140652 0.154422324620539 0.0844561735162306 0.302181734227903 0.949501634676849 0.728552599132578 -0.450696376724262 -0.581818985544975 -0.587997819471345 -0.168551873875625 0.161885058290021
-7.87379702197111 8.53279744759113 19.7580613688242 0.99547499823888 0.0697279379777322 -0.0645565066176956 0.0133762953402159 0.569779830002804 0.821688517654316 -0.0893772343145796 -0.190256060826906 0.466226861976209 -0.507020413232231 0.322783514895225 -0.388617961653057
-7.77614533186531 8.62799964543522 20.30275974551 0.739006766574687 0.44784890541773 -0.503289535827008 0.260246349620318 0.499292248765114 0.826425488372911 -0.188495967535822 -0.291828248912019 -0.0488914676806442 0.204974399200682 0.262496292361842 0.0947651595814424
-7.39839590329375 8.68690744459565 20.6291501655971 -0.041701808820867 0.871717114017229 -0.48823174033501 0.0116174437814523 0.489046843090075 0.872180153559807 -0.602972016581743 0.0215947233061834 -0.0152096833321623 -0.0979763499501369 -0.0112378058565764 0.0506525989425741
-7.1634711667311 8.96187302388914 20.8489550573532 -0.789400493213023 0.582530525114285 -0.193662202365675 0.0858253932455335 0.417103768131902 0.904797462686753 -0.502886356014794 0.322054369032127 -0.242249064648563 -0.612150557483625 -0.0502737238280546 -0.232352281088291
-7.43076845283634 9.90234230625159 20.2760651314697 0.695924247559642 -0.469082687876737 0.543737872134056 0.0399700230992943 -0.730697674803471 -0.681530120603828 0.772696023614483 0.286727706662202 -0.255939269162632 -0.0478402851014571 0.264778360233528 -0.125758511659517
-7.19089328329092 9.6464517109466 19.8848823462304 0.0302809638117901 -0.650856023408163 0.758597060384447 0.175940589423859 -0.743624478563354 -0.645032978904609 0.326529246649588 0.149633622656325 0.0686568806391407 -0.0790838838803186 -0.481013354434443 -0.115232854270351
-6.91835129022168 9.18646066021205 19.698224439191 -0.651985489006187 -0.463659999100306 0.599945270303602 0.0940213276011574 -0.834574148208357 -0.542813025910796 -0.0305294915420437 0.390152022999655 0.594373979245059 -0.188903674611539 0.00615203746242825 -0.567588630851841
-6.69748306724608 8.70884443946861 19.7170217508811 -0.993721535101315 -0.0929564850145093 -0.0622623688084682 0.111797387715649 -0.803409609053449 -0.584837023606182 -0.095150587497045 -0.0477464080180484 -0.276691786534684 -0.0787737254219526 0.326901370255485 0.520078920349666
-6.73951320793187 8.24422375476492 19.6138883261767 -0.668989085960138 0.41836593564668 -0.614348066454782 0.0463696677745033 -0.801443494163409 -0.596270223618138 -0.259377201194009 0.319411618680908 0.18479774781169 0.357222194663114 0.832084942291213 -0.0808580160781843
-7.00089747038116 7.83127040585752 19.4799018670122 0.225428255742171 0.613584708308579 -0.756766745597943 0.0807052265746529 -0.785851821803425 -0.613126072330779 -0.474308605447908 0.493106108085694 0.083704481193095 0.156964705851897 -0.120938059856384 -0.291316505757177
-7.23375571917716 7.64979961044445 19.1280833586645 0.764560738938742 0.44141635863424 -0.46967911897757 0.0561810444683265 -0.771556667023605 -0.63367499541471 0.0200393434427912 -0.199027719771756 -0.2631468323262 -1.0614872706513 0.367792470083717 -0.663647091385518
-7.96835219945322 7.90378806192608 19.4846993092602 0.524579065385081 0.574788264888702 0.628040806561113 0.840591507114985 -0.232716086277744 -0.489131006330331 0.487827881402031 0.00144988111305363 -0.0542478361448866 -0.106398247369724 0.284375090813245 -0.043200143928955
