t = 979783
b = 30 30 30
E = -0.937792707393911 -1.30781641593775 0.370023708543837
-23.8720805731243 21.6660462067769 16.3996365815897 -0.838310252808268 0.463478249189126 0.28709551122424 0.544411306950162 0.683442040441081 0.486336618220911 -0.492967213533255 0.209476395770783 0.30885982211093 0.611506544597644 0.22557376455212 0.168890489510006
-23.710298119297 22.3092306295244 16.44378321097 -0.901760591930578 0.121036875154423 0.414943260812663 0.324370844839356 0.823986686049095 0.46457453248324 0.727018950898674 -0.159235708966727 -0.20469495979493 -0.160156415814511 0.116060620841269 0.206387374248095
-23.7929194440199 22.8230753836692 16.492185697082 -0.442294856406402 -0.364570458178554 0.819428850492762 0.0806645539086664 0.893781136539655 0.441189879426767 0.0881756494766027 0.210460400173368 -0.23819502520142 -0.559361962553917 0.219263534825097 -0.0081518308425171
-23.9784544074271 23.2467428849934 16.764573124719 0.184643474470893 -0.613712301444042 0.767635329040788 0.293815225650754 0.77981458981939 0.552776463573298 0.24951679962751 0.141375788597899 0.19905965110249 -0.366093488257124 -0.0877328248450842 0.0642004437033042
-24.1504937053195 23.5583191237373 17.0928655482946 0.805015019319609 -0.440727189052953 0.397127641318678 0.0771971515534984 0.741534067367715 0.666459171086351 -0.256932145075582 0.14013346074533 -0.203322732158166 0.123271372125439 0.626131090732532 0.331611178668309
-24.1703206904718 23.749186513106 17.646874671154 0.969988613226758 -0.183242869330764 -0.159825345455215 0.242576479318573 0.774410477353775 0.584333008006655 0.0587295785051183 -0.376065753392404 0.209809797340995 0.742195153512165 0.285870541263877 -0.637611721974041
-23.9455832809443 24.080761319572 18.120017823818 0.757917112059582 -0.0839984028549533 -0.64692033479019 0.47906495056563 0.744770190859126 0.464558000627716 0.0166904664465774 0.357363990782105 -0.117516039679567 -0.572555808283145 -0.127503224335615 0.520695425848992
-23.6281890246737 24.2641501668465 18.429655248298 0.463046529012881 0.167977661323173 -0.870270887290575 0.446510635919588 0.80397178240052 0.392756445032303 -0.163097682321122 0.351754059725163 0.221086941190511 0.431461706163125 -0.367986018715259 0.153073751396258
-23.1274130466064 24.4861417038165 17.3781786432095 -0.117986158871311 -0.344019445747011 0.931520202283733 -0.383035733889142 -0.849709880784053 -0.362321328466812 -0.0718962166029825 0.438281713785386 -0.441048531707098 -0.3038033161768 0.306807389551005 0.230851586880625
-23.0670403444748 23.9222676025379 17.3414703154047 -0.685401073728633 0.0675941049180528 0.725021658374406 -0.342741017559334 -0.908435951033393 -0.23931719067477 0.287874343468917 0.266254489312561 0.634553054394747 0.265169522479828 -0.47285692115804 0.197027537534004
-23.0205444862843 23.4163936879911 17.5185437339001 -0.958223403093844 0.263151363484876 0.112068147389479 -0.283177936333014 -0.927949710339687 -0.242321256712338 0.835257614374478 0.2937005730252 0.159650569136178 -0.364214009854186 -0.453801601571532 0.0263295898562802
-23.2319546984571 22.9341039001558 17.6368128455678 -0.730959987453096 0.529807510030732 -0.430118005967675 -0.380733989298481 -0.839683377092808 -0.387264064466225 -0.823814666549669 0.161365889929029 -0.0698122661416903 0.157455753184761 -0.401668805007291 -0.33948846971275
-23.7368663893491 22.5514485184705 17.6855146455523 -0.21188094418338 0.586651729780241 -0.781630483948666 -0.518380297290521 -0.745471251231444 -0.418992220653842 0.0637137714910241 0.294853643698333 -0.642745379281075 0.381336842449207 -0.271944195643766 -0.242273778848804
-24.2293550523671 22.2816411764746 17.4022970546083 0.395519122397198 0.517788929267205 -0.758590303488309 -0.39826530527806 -0.647560438241673 -0.649653927438296 0.00232725633819389 0.152784519965569 0.367628760246556 -0.0420493537789198 0.0176955205587371 -0.101593190925966
-24.6236914303944 22.3290371337251 17.1166497802951 0.854827237800742 -0.17969173258522 -0.486807225454232 -0.468093319231718 -0.671919548724831 -0.573944914196528 -0.320916760022022 0.312050899681602 -0.218425654501291 -0.16673522529881 -0.226792203432929 0.219627428737001
-24.8931073097844 22.2572356178446 16.6705970137911 0.846029862726343 -0.476308315355609 -0.23950753662114 -0.48836926276211 -0.51219023804155 -0.706510172074062 0.311958952341636 -0.702179308292037 -0.316838691093809 0.739829421074008 0.0816379517415958 -0.403615814816543
