t = 225661
b = 30 30 30
E = -0.797678295703165 -1.22542198846014 0.427743692756979
-14.2694493057118 9.40697352638371 26.2922771270286 -0.234080530123787 -0.64144133077228 -0.730588341403069 0.971720067137188 -0.178389310252081 -0.15471704854569 0.903321290007002 0.231196371400407 -0.345043636577608 0.412249084707906 -0.371503975256542 0.0947842539406257
-13.8608672672385 9.05631787165917 26.2437734265698 -0.245342165167508 -0.0420259184913417 -0.968525190258786 0.89929721288468 -0.382967522055565 -0.211188067722709 0.496680421632218 0.0329572012937385 0.270183619916881 -0.309792262561317 1.07025761596619 0.445100155248726
-13.7040788462789 8.61320823934601 26.068493782483 0.18800764824964 0.612566904400536 -0.767733620361119 0.902716624184776 -0.415759023640156 -0.110666755090211 0.236000365365259 0.386522097180526 0.390106577091425 -0.419159847950348 0.172835398459993 0.0184309360068069
-13.3047674734586 8.39976223564709 25.7046597076445 0.22265832191187 0.970091538242974 -0.0966730526714084 0.940086790298935 -0.239911432501933 -0.242238170527155 -0.504904839591491 -0.704433711834337 0.177248424582358 0.219382646086438 0.401573610615393 0.0661593525898916
-13.1626182669531 8.3877177848256 25.3141397080398 0.582498402060944 0.700271629646573 0.412692689914155 0.709712721685505 -0.190667079345834 -0.678199025015134 -0.0934486766493665 0.169898428669955 0.281471879952604 0.478969925779917 0.069579354506202 0.251655533696803
-12.8007753845195 8.54991766319289 24.8040445204882 0.34755124795815 0.598902938321228 0.721473076776225 0.883854026024746 0.0476506051467325 -0.465329432240228 -1.04570241869101 -0.276857022962532 -0.0811992124919409 -0.125485237168915 0.0384323004349901 -0.218411498372891
-12.4566891958581 8.9042960329473 24.5978772421745 0.534849701708804 -0.18687359078999 0.824023092908958 0.844168432268045 0.0763197141993127 -0.53061752627164 0.0969281943540732 -0.128327939406874 -0.108045207800755 -0.0629724702069262 -0.290430403501877 0.638307220209513
-12.1871611726418 9.22712031104041 24.5040816010263 0.568882903430878 -0.737520537800076 0.363917158852288 0.752894876228813 0.288970775638439 -0.591308038314482 -0.141273026406848 -0.0500691566525143 -0.0639787577166084 0.423819279037955 -0.162949180391949 -0.000906127612955108
-11.5354794203772 8.50696098295512 25.2183148296424 -0.503063582371894 0.611102436578937 -0.611130791319215 -0.59238034368188 0.271070869125166 0.758687097775553 -0.476623421559594 -0.0257220567935071 0.125658538024745 0.112165668450357 0.13089241262128 -0.286054552663989
-11.8577436491279 8.70350231058326 25.599643919902 -0.486723242678714 0.253866374297813 -0.835854263037071 -0.818221822966563 0.202645722956367 0.538003493844383 -0.512430217875183 0.196940041776649 0.365343129062173 0.105273657926896 0.34783415838281 1.04770622793055
-12.2944794778666 9.12679081955127 25.7030119161588 -0.45781095658967 -0.34998635871228 -0.817262917757654 -0.887544986235594 0.126460622775992 0.443025516528313 0.191393840497308 0.270225863887066 0.0830895505083386 -0.192220458281153 -0.141405574550412 -0.096096479920384
-12.7013751085847 9.46155056969548 25.6877405754816 -0.181029016683835 -0.904033345502704 -0.387236627061142 -0.955869594500274 0.0690953219223059 0.285550616876144 -0.729475977061341 0.726886684387636 -0.373646885794196 0.131142416308046 -0.337087863775471 -0.301084890209091
-13.1566905257202 9.51963835544638 25.4951950722048 -0.06029866290966 -0.958584821241593 0.278350878814061 -0.995332844449422 0.0787899396106457 0.0557196031606418 -0.503044128168304 0.124742830060168 0.0121906070697465 0.739267005772907 0.277803292140051 -0.0865181479062952
-13.5476530693445 9.39162168662514 25.22218876489 -0.0941233996103978 -0.616392162679396 0.781793762723414 -0.994445833953773 0.021059948987038 -0.103121102984041 -0.146577316232284 0.0826236586825202 0.426581103559044 -0.343986134538878 0.175491069564872 -0.310730016366345
-13.9795190250783 9.13665961937751 25.0755025348815 -0.0753121649929707 0.0923466139824684 0.992874705433701 -0.99352583892673 -0.0918806662358112 -0.0668157957148577 -0.443536135496177 -0.636983744849547 0.234523372557001 -0.104554735489174 0.16281628342742 -0.360635033612296
-14.4695475799193 8.78720824345375 25.2380060288121 0.141502774535005 0.727868997390334 0.670957291812895 -0.988746980732192 0.0706818021273137 0.131846467305772 -0.120943132133977 0.616179130024721 0.274694665710387 -0.505875534405487 0.33084309604133 0.0180619146237712
