t = 31610
b = 30 30 30
E = -0.830490350050761 -1.17299873145796 0.342508381407198
1.8093974458159 18.8502370848914 21.8616439888024 0.863423215480723 -0.110348401791313 -0.492263731338219 0.388242924375585 -0.477728949176063 0.788062486603327 0.323872967607633 -0.335358754201502 -0.456722634486435 0.434173984916491 -0.2843204715641 -0.195390457566977
1.92525715520491 18.4171842568574 21.9688730769877 0.868238658542658 0.48796334779023 0.0897407545399556 0.278905404260738 -0.629615150631086 0.725118292122016 0.347092787155825 -0.127442299536927 -0.0924230827706693 0.00988215535264339 0.0429343240503775 0.166881567896593
2.31089792823988 18.057805837674 22.1021279604993 0.413556733123375 0.787692200397987 0.456630951557711 0.497797954498974 -0.615546557587544 0.610982513611283 -0.20401180323194 -0.0343087195157966 -0.232611735661808 0.181490905329789 0.256068422707049 0.175183873935322
2.7470010769096 17.9310714267244 22.212916766012 -0.0802496024204076 0.625476927853731 0.776104770011126 0.737152134263808 -0.486857895851217 0.468589500733467 -0.0915949235073829 -0.223668349866688 0.243862623710358 0.237031180743613 -0.495557312069812 0.511663946971476
3.28418169336671 17.9807134027771 22.4022927671185 -0.493109631838472 0.109475593242155 0.863051554353737 0.776709996549897 -0.391464505319994 0.493434010110806 -0.250030975003584 0.102848761996866 0.210184502100029 -0.238509914082136 0.344115208245811 -0.104532559725254
3.64280243866275 18.240994528227 22.7195998793558 -0.624709622802116 -0.376202608451247 0.684258346367006 0.774478120696646 -0.186734331704535 0.604412053093791 -0.294976673682729 -0.305720636024028 0.0547607279213252 -0.393600121627859 0.162303823750343 -0.220407165485314
3.89598223887998 18.4231071128443 23.1413092522481 -0.492294971752696 -0.767644576672455 0.410326046812013 0.696793134123247 -0.0650361407719612 0.714317596473859 -0.176017944160636 -0.801178322222196 0.0392505017690667 0.560332665642735 -0.0710900945834698 -0.344979680611477
3.97083791054646 18.6656052759943 23.4960466061434 0.312932088412005 -0.938923735711978 -0.143163286350827 0.65597277094075 0.104653029771368 0.747494125156841 -0.125327560598782 0.411028837297347 0.00384370507018181 -0.532709610117528 -0.214205815346917 -0.0403637858493111
3.78714770778545 17.2536379193359 23.4975442200276 0.208060013513756 0.869826663752224 0.447339474898351 -0.768612125842807 0.428250309410069 -0.475223181776284 -0.178597860845283 0.238700738314649 0.306315270654797 -0.683895314093968 0.470887880488916 0.0658861592384864
3.30819601493516 17.4830607391748 23.6068473257764 0.510538129186568 0.822667160085923 -0.250139086035821 -0.821492505315325 0.380741303568926 -0.42448336064843 0.0816919571418026 -0.600734929153637 -0.494506759862752 -0.661931437659182 0.50758558519772 -0.192107413900225
2.95374721827793 17.8008438261656 23.5998226222664 0.517056166862141 0.368838741192194 -0.772405918740645 -0.849658332639465 0.330391661008637 -0.411001299404612 -0.460945713853234 0.696305943008038 -0.00650261927731604 -0.182673651570881 -0.112097667177787 0.360835119446818
2.69631241036817 18.239147492583 23.419483552728 0.453567813218774 -0.232953582244326 -0.860237680720552 -0.650275818873942 0.573547675640896 -0.498181114811422 -0.414805632881989 -0.0401649431974147 0.43265043195408 0.1753360212478 0.131015095015968 -0.131086304524436
2.65725873166292 18.72514165985 23.0835681021363 0.138039761777268 -0.703125768356912 -0.697537940216139 -0.629365264950294 0.481532807467604 -0.609938946622048 0.170012781891944 -0.190078149633062 0.209037024841856 -0.075858911680595 0.658819130918092 -0.337742279109221
2.66645272439185 19.0564265331205 22.6969094421222 -0.453776080573868 -0.865572334373924 -0.211829654830237 -0.534135304535574 0.454474137061239 -0.712848325516117 -0.268443421166179 -0.249124834152586 0.57406280140469 0.35068024237489 -0.0335862866968483 0.574294829404656
2.71914560856122 19.1254491404808 22.2226190825761 -0.950905982014648 -0.253339997665444 0.177754490665148 -0.309383689908806 0.792490102584904 -0.525586500705052 0.290413325959879 -0.0995002314698624 -0.346845538137675 0.015167987119546 0.653198656984747 0.401954456427386
2.80663375100314 20.0693540182683 22.0899363956724 -0.475468096638058 0.298655133066317 0.827487281214961 -0.0252332800887552 0.935595068024921 -0.352172046396939 0.0302353952941353 0.704142474614765 0.533684181639844 0.242574451624523 -0.187331765854464 0.139813358524855
