t = 137953
b = 30 30 30
E = -0.893152250604259 -1.2558061054304 0.362653854826139
13.8275476003105 23.3033552609395 21.8156572838961 0.884474656328312 0.37498429261856 0.277653313688627 -0.350787971087335 0.142036489030301 0.925620567578522 -0.552430750036733 0.799819198755247 -0.00279675647458524 0.16173438421891 0.467811402976895 -0.146277364954022
13.8603567996391 23.1893213124395 22.2998434990138 0.564730685154477 0.815895526189718 0.124071526099037 -0.239146058344229 0.0178971021421324 0.970818652742796 0.0628200215700879 -0.0286658902296369 0.0774209566110862 -0.0488855781123389 -0.415731679627717 -0.262384425251114
14.0268077693021 23.1286895985392 22.7794798047962 -0.0470771877674605 0.998527126041755 -0.0269688144105304 0.152411068995006 0.0338630533378259 0.987736887873704 0.0546317576827257 -0.153655032816202 0.296498311929259 -0.124271675370389 0.282301072504016 -0.194097474558042
14.2659642104408 23.2617367241278 23.1621431121365 -0.527635410627668 0.838031709044805 -0.138937856926133 0.177264238686504 0.268579511605693 0.946806440424095 0.145482165918528 -0.334628805454549 0.317924434474561 -0.85681078824403 -0.0838901080399257 -0.0167769888528698
14.5804652044054 23.5550259247315 23.386283510012 -0.944306156791369 0.310811546727625 0.108083600359661 0.218971997509465 0.348330826346214 0.911436722830319 0.352026166997736 -0.204407185632038 0.155201908100554 -0.353919148859656 -0.702157208965285 0.394090646340684
14.673863731661 23.9396412769428 23.7133174111327 -0.952321752050826 -0.256307040637345 0.16549918879133 0.0499554353894824 0.404134317687749 0.913334499371459 0.117792109513494 -0.178204204460571 0.395915903572356 0.0234833673608465 -0.357258208180115 -0.319628680309623
14.4456315631183 24.3690187539303 23.9824266332463 -0.664397884620326 -0.704324340192389 0.250005349391959 -0.0417579655866898 0.368970017400104 0.928502772515968 0.0477108316720743 -0.388636505482884 -0.157984660333614 0.228900950173956 -0.0317250182566098 0.709654169919198
14.1073377368702 24.5154712525231 24.3875203358131 0.132669432620152 -0.963494232097072 0.232546095137985 0.0993641075925602 0.246367002895924 0.964069537951709 -0.0406142315937315 0.268239645180196 0.532933115559306 -0.308854690436953 0.00662398627380497 0.529123829218917
14.2439844298328 23.3221901272428 24.6599050915602 0.0301860773599944 0.948606567423795 -0.315014890083079 -0.652164397849332 -0.220142378950702 -0.725409492057929 0.255622952493059 -0.122522694783467 -0.0497548362064729 0.0148793141563279 -0.291298656576048 0.186100474758975
13.7924714464937 23.399404918533 24.3801568663959 0.537947641034054 0.732830257798857 -0.41661990922226 -0.522408151247167 -0.098064444196506 -0.847037831678698 0.120213341075802 0.125163277393058 -0.0230105656014583 0.172912711532852 0.521245342452636 0.372890687937533
13.5066032252834 23.6981908645969 24.0439680811356 0.921793537537336 0.123344565580876 -0.367536110193382 -0.35759640725463 -0.0956512469699263 -0.928964826283361 0.435225528674901 0.24040550794696 0.329707267023867 0.0103379885594779 0.230597599206947 -0.560219858097754
13.4202820507702 23.9489507311629 23.5425239623973 0.946164020620575 -0.30739154627907 -0.101410469672922 -0.0698959543588933 0.111880601052876 -0.991260453499647 0.409971155844831 0.0582254732790496 0.453061564538852 -0.353227634439245 -0.0954734987285972 -0.610149445453177
13.5424225411887 24.1890156027263 23.0584109496766 0.68403883159335 -0.727455654625836 0.053843731532043 0.156604755876333 0.0743623429661039 -0.984857955435957 0.337314861829873 0.0807992146371361 0.0844309269168911 0.573673150570279 0.139871580978608 -0.231210079395161
13.9798123441365 24.301663360834 22.7261705594679 -0.0639560384239151 -0.997323183946601 -0.035441386989448 0.212856192325322 0.0210640937556424 -0.97685646097215 0.16862030141282 0.0344452217028904 -0.473863596811458 -0.147610156456006 -0.344736994970117 0.0129097514687778
14.2310554422254 24.2706610112969 22.3361465325179 -0.415593929188141 -0.909307263631159 0.0210234709209129 0.494581025783283 -0.245323056496654 -0.833790265526231 0.196749972808934 0.423027212331087 0.00933087268692675 0.144554458571912 -0.565678228948291 -0.0957065304479597
14.7090010209677 23.9967098655496 21.8676399827362 -0.752062699850769 -0.657017956301767 0.0522407943108489 0.277795631595089 -0.387861576434019 -0.878858910515677 -0.274610498547466 -1.2075522054319 0.439264912915895 0.698117621601944 -0.229631728481999 -0.112432928990182
