t = 30185
b = 30 30 30
E = -0.894172153405898 -1.24755222182267 0.353380068416768
1.76114516491659 18.6447439450721 22.7399711779814 0.25683194796768 0.581441782551417 -0.771986271902913 0.965631274344769 -0.121390101789967 0.229827511831632 -0.00732869412901365 0.424603563891517 -0.801613966498695 -0.272332492253864 -0.0509608064558692 -0.00581362120019005
2.21518328706155 18.4088569865026 22.519372243598 0.148003533985401 0.842586078333487 -0.517825892097364 0.986646740209567 -0.161793562139461 0.0187364159876228 -0.545811252827514 0.458092712403551 0.193289654044728 -0.119267550929566 -0.279081261417974 -0.503358370031302
2.58663289937878 18.2402110073689 22.2835893745933 0.0740626993765528 0.96443560341179 0.253729547811829 0.99655354470439 -0.0811066877862708 0.0173993601449937 -0.204588565656568 -0.246076560564756 -0.400125840136281 0.684259438624811 -0.257636375216491 0.0562343191693759
3.01143599115552 18.5335384367347 22.0651843689486 0.0545670521272676 0.390459493701684 0.919001534601746 0.992464814478304 -0.12233251926817 -0.0069531828716524 -0.127794902530872 0.274025888557644 0.932690374641286 0.0338271874598309 0.110991487198205 -0.0998933021320421
3.57971971577413 18.6492257902948 22.0918004822669 -0.303538760637223 -0.160233536046102 0.939249399636211 0.897232369569292 -0.379837773777808 0.225160699520569 -0.15862149904038 0.201137325624385 -0.223510697082125 0.578173167781218 -0.271170894041788 0.170086634762301
4.03282122605656 18.7150545418694 22.4617787362068 -0.536264476369979 -0.593914112907823 0.59973864130348 0.843931468965558 -0.389196343176028 0.369196265078673 0.519609151953241 0.173807757100797 0.543685171440883 0.288672655070713 0.178792644410555 -0.30606014817664
4.32109862510369 18.8071097656431 22.883801976668 -0.47436802201676 -0.866895190951005 0.153191734744169 0.756355460240654 -0.31230619483309 0.574796710527318 -0.0731899501386207 -0.510896023304998 0.25234423885688 0.124033895022505 0.651788979441284 -0.207443040983286
4.53043099157485 18.5857913093273 23.3107738636226 0.0157761757563047 -0.839872153546107 -0.542554953876867 0.713931372414536 -0.370441677111648 0.594201110181566 0.554707000883001 0.203660745734929 -0.0896869843225128 0.191544632123057 0.243128476603041 0.197052391454881
4.20117497796785 17.6004369359858 22.7886929251806 0.267618097768378 0.667644267540765 0.69471698249488 -0.830963736537362 0.524898057915096 -0.184340167507861 -0.340634070683792 0.369602623828544 0.0320251757394135 -0.248744005250992 -0.225171065961568 -0.0573493847284637
3.76842925568404 17.7256400733304 23.0527667123326 0.425446057068876 0.899880226111671 -0.0959751591702575 -0.897371712336776 0.405762276743247 -0.173438705800925 0.142207561635429 0.302866079683507 -0.489572453240318 -0.0360686759796536 0.648029020142892 0.0204532359093293
3.34590374377307 18.0941547118472 23.2104617669128 0.582373585202206 0.542010280090222 -0.605859607116408 -0.782308860677221 0.576270082096466 -0.236443733235712 -0.19108702626196 -0.322143237702143 0.116209148720149 -0.472824961936935 -0.415484027035405 -0.475475741240807
3.15726666837552 18.5782515015483 23.2359062272147 0.546628164126454 0.177619635021795 -0.818320790056362 -0.684388823628138 0.657861902045214 -0.31437184341214 -0.261878513560834 -0.665677922880316 -0.703319094641546 0.280085633526574 0.324735773619154 0.451362003475438
3.02410180501835 19.1155510949012 23.1094768764224 -0.0059529690070568 -0.538749331144314 -0.842445084472309 -0.852650859656016 0.442883353952584 -0.277201815144793 0.424018450290116 0.227076903483362 0.0223738383521498 -0.236832590906232 -0.0642592719254517 -0.0690845872064955
2.80443302935387 19.3596684448869 22.7451646848329 -0.348201094684025 -0.916191980083437 -0.198363941510639 -0.836484817041638 0.399190113102756 -0.375420303739459 -0.588689284674097 0.179113322324503 -0.459763497652334 -0.290276954326896 -0.154726236023291 0.257148291293525
2.38523788775462 19.4749244786154 22.31748404032 -0.211353167866259 -0.977045582984772 -0.0266789655504921 -0.856441469860938 0.198279481544543 -0.476647937057178 0.173599668621531 -0.399974986728436 0.287450495883505 0.0149435820789146 0.109218853492809 0.227175207074953
1.92627021870118 19.4992568278745 21.957002193274 -0.109873544892237 -0.714489548032082 0.690964897723267 -0.99224661750603 0.0382180201245208 -0.118262559525848 -0.0367654510097983 -0.287368559755998 -0.208540238053472 0.0637914872118415 -0.342251776311946 -0.333712909760828
