t = 1329
b = 30 30 30
E = -1.01593749563137 -1.31406998234375 0.298132486712372
-1.29690921587902 20.1197001689938 20.1917435695242 0.850504860066275 0.476651429170407 0.222362087761053 0.162859829244335 -0.64064784756016 0.750364585674884 0.107942208817812 -0.216647076633813 0.0130752570802471 0.0876523274472601 -0.100143734941137 -0.091352830408097
-1.02766930279702 19.7307237332515 20.282803477877 0.318127995467588 0.711782645768794 0.626226830854563 0.0513985789327947 -0.67252117274878 0.738290903565996 -0.213823360375651 -0.165654412838649 0.637613241645336 -0.102561100587652 0.450699098240629 -0.0661120052730159
-0.7857817009474 19.4280823540308 20.5550149060451 -0.141000006473676 0.73013390725367 0.668598142124934 0.319485731219559 -0.60565492254324 0.728773615292325 0.494831000824561 0.544171345639356 -0.507573635148833 0.602893234825465 0.50698607041215 -0.164581006662542
-0.407759147393321 19.3069868075892 20.8329446489492 -0.645865160271292 0.467691683197714 0.603425790147743 0.350807948315198 -0.520201423722194 0.778668261942327 -0.00107729549933302 0.37406425340128 -0.385687037966974 -0.566749016184235 -0.366710163829724 0.326166844038074
-0.180205046624447 19.3418784018489 21.3429584972425 -0.95244906372436 0.108537530833117 0.284711056004575 0.203217094212293 -0.469951832973714 0.858980842222083 -0.830433030297037 0.0675162209765295 -0.446658324597109 -0.231240259586303 -0.145412524039031 0.0831256793547462
-0.197855954235578 19.3556925921923 21.9439703591834 -0.920955026784134 -0.273588294363826 -0.277473032614212 -0.0683812383568593 -0.58755382503515 0.806290585910159 -0.151316691470733 0.0140487460304054 -0.418628182000098 0.180472219132878 0.336031234673395 -0.0926846508748665
-0.448193278856316 19.1392777540963 22.4354085374313 -0.468403422246155 -0.548982339073206 -0.692254740260984 0.0244915529355712 -0.79129065768719 0.610949473272363 -0.0221179987348027 0.567796765030368 0.259466223682168 -0.40186741238191 -0.585000810469028 0.0225869089509368
-0.688603959851754 18.8469163675969 22.6901859019719 0.462028537166737 -0.579794457087079 -0.671094641890892 -0.00307082163976895 -0.757745689102575 0.652542750094521 0.195161929594024 -0.0342863362982032 0.0432278880420034 -0.694147442994241 -0.368655261199888 -0.159792514899992
-0.866592023730604 18.2010542751282 22.0389730220341 -0.144417081931708 0.675752686463347 0.722843007287128 0.0169751221448494 0.732085311649091 -0.681001425619522 -0.119011290898245 0.396114332070709 0.361898573859119 0.0781102374263378 0.190773458218754 -0.317427564593862
-1.16347893163172 18.5682965434612 21.8325705200638 0.606972316879224 0.639647941254013 0.471630276585133 -0.224738004532211 0.707380436384899 -0.670153525349818 -0.00718157355266469 0.723992474491515 0.405650149442293 0.329874226405527 -0.458959879547274 -0.435517025213037
-1.26736506372812 18.9720549526122 21.5876279381138 0.893025881148516 0.311451609468613 0.324811746336746 -0.153987885066105 0.889718641158774 -0.429753965458671 -0.273099997764243 -0.0987727694567034 0.168334272513906 -0.0295077637614118 -0.0397205772304459 -0.271520180023924
-1.31514471089649 19.4311800473836 21.6313107343719 0.897694268759561 -0.181846862371577 -0.401343641387092 -0.0488609138062658 0.864162015277626 -0.500835923684923 0.0144057931447532 -0.406160762255364 -0.20661121026988 0.370296456772464 -0.10739636475473 -0.225281782534499
-1.13438253851504 19.9160411852304 21.5951039903481 0.534413146486916 -0.503998844404446 -0.678518793918737 0.0831055858638179 0.830211169524947 -0.55121944413659 -0.443252178439243 -0.205647018550487 0.100409735239751 -0.042676786010899 0.104310783272833 0.172887826626463
-0.839511804255093 20.2555507449692 21.4004982904108 0.018842011240866 -0.617348738056059 -0.786463930662424 -0.00186668426893971 0.786580481497327 -0.617484948494515 0.122558841212046 0.130289811159732 -0.147907110034845 -0.0770923823106554 -0.20357425044192 -0.133011735338944
-0.556724002337042 20.555099535463 21.0827575098295 -0.48753841496484 -0.603608949946783 -0.630842713739101 0.0366044579540284 0.707764617165544 -0.705499369486892 -0.161246262149081 -0.128394608114675 -0.0202225123352602 -0.275917217235731 0.394111467424557 -0.311684717730812
-0.364473427408385 20.7453934289787 20.4908020585939 -0.763365902279563 -0.540113156829511 -0.354330745288309 -0.00936392647139031 0.557722989015243 -0.829974327557751 0.457560131375871 0.185968342084148 0.416496885848618 -0.331680167985795 0.06521301607019 0.0370389958523036
