t = 814
b = 30 30 30
E = -0.925978012712312 -1.21896167035333 0.29298365764102
5.56454581626386 18.6482545844316 16.0009609391588 -0.854507838219645 -0.389435207317465 -0.343739107060561 0.49499657955786 -0.409894926068835 -0.766136107887524 -0.768509322326894 -0.0071918771180791 0.463471894294132 -0.0883573718387591 0.179802205129991 -0.297463094235836
5.74788719439022 18.1437368244973 15.8103146814204 -0.713911072854782 0.364980703435344 -0.597595236071353 0.412531913662644 -0.470372936278532 -0.780106865132303 0.00372890442482721 -0.406061831547686 -0.128142915745193 0.252093643719575 -0.0822044481346752 0.296056423065623
5.76536489596129 17.7073311318907 15.5398281485703 -0.30067300780653 0.781759695536751 -0.546303506130851 0.320938791459009 -0.456466945522238 -0.829841081040478 -0.208122151518369 0.116679289676319 -0.215371149561021 -0.382619428533405 -0.0364709395945096 -0.802799800230379
5.5521083327324 17.4309914183001 15.1351352051416 0.448747553703455 0.807894772736396 -0.382010038127759 0.26899509892984 -0.529754697723464 -0.80436409479268 0.0998498225961982 0.0107884724432147 -0.0807009848242541 0.184678387050223 0.363282091097222 -0.00256632521451857
5.38938897155988 17.2682259794452 14.6550641881915 0.688412674955712 0.695445862975993 -0.206017088198765 0.0680024176352448 -0.344669302144345 -0.936257840210213 -0.252930656658783 -0.808676525994933 0.0698784711805837 -0.0265259086182758 0.111429710367179 -0.182136086868989
5.35951825282029 17.4284700339466 14.1322067185262 0.970568029065266 0.227893181138999 0.0778614085841753 0.111045920228105 -0.136609166840279 -0.984381399222831 0.071624941538215 -0.280483224625284 0.352848538732219 -0.342855642066538 0.0777183770378958 0.0422201214968275
5.52008369749389 17.4291002978702 13.6843302070895 0.926209348786901 -0.137756221923663 0.350940829116623 0.356274933327802 0.015367915127112 -0.934254782736977 0.217211422919919 -0.219386256942417 -0.00647936327083639 0.651792638070133 -0.182284500253769 0.0907372718302022
5.84123997617716 17.3665795614424 13.2462961961067 0.706173771183002 -0.291670056623661 0.645172211864652 0.69772707071617 0.13171981468148 -0.704149717893936 0.145531127612452 0.572168512979448 -0.0617544554021423 -0.017485093938127 0.0402999952966058 -0.23911898897538
6.3925692835185 16.7078344666572 13.9667220027121 -0.212329458185054 0.67580147056817 -0.705838914742408 0.0180187779362512 0.72489372863137 0.688625011041999 -0.135353480292327 0.16155017045797 -0.636602191966775 -0.20530287798484 -0.179294132333574 0.145497895651267
6.61016885803379 17.1737809375583 14.0341276644423 -0.86436205177486 0.417246556793387 -0.280684082725788 0.0739360217806934 0.657545059510871 0.749778606920797 0.36939155104512 0.156018168707141 -0.0341181109999992 -0.201114784476081 0.477600848775266 0.312960012390187
6.53011143296751 17.6791452626799 14.3302769774242 -0.962660699374866 -0.113807012424747 -0.245626427328264 -0.260953084747768 0.631527125616891 0.730121207177748 0.26402665859793 0.283066989425744 -0.0435906557982714 0.0440380641953935 0.285840525286868 0.00805772672102992
6.30099771387867 18.0974876139587 14.547920020502 -0.698155974468024 -0.708413963886829 0.103575533234221 -0.382512256528358 0.491374280750345 0.782454912325729 -0.293259376753933 0.554491896687754 -0.169769620354982 0.120369250971883 0.107014260908123 0.0437809093348833
5.92800902758368 18.4199770389621 14.6573674647677 -0.334088540772596 -0.853260597400325 0.400413785787251 -0.605080710683003 0.519883872021723 0.602990956127082 0.548892035016137 0.256457162476502 -0.177782496423759 0.448469586553495 0.122399997072918 0.366810971371662
5.41599396638306 18.6096512119961 14.8100973908189 0.297758554654114 -0.697527001639965 0.651763703433579 -0.659533415558845 0.343292428538626 0.668704704835652 -0.303384208015101 0.631766627016646 -0.201079272150515 0.087007311358258 0.422610556111606 -0.652978655260509
4.93180537356448 18.4747248190878 14.9811882495938 0.677665725180542 -0.086627923215221 0.730249798243689 -0.702184154033215 0.218722528134097 0.677567612501725 -0.139473978297935 -0.151068875750944 -0.208238479921753 -0.17520458455503 -0.908305920747867 -0.036126907325212
4.65707597996352 18.3594502214941 15.4133016187425 0.875977972213633 0.0583967129360265 0.478803107879178 -0.47085587359727 -0.111893999828509 0.875085412460594 0.0892052370755991 -0.105795090778129 0.376618610947994 0.0570971365737683 -0.17698745251404 -0.396356462348051
