t = 2038
b = 30 30 30
E = -0.919193794882621 -1.31814142809309 0.398947633210464
18.3038591831507 16.3003359565254 20.9421854536711 -0.127425020832238 -0.948907521459967 0.288682143165464 -0.966756803047612 0.0537716300026275 -0.249979790319179 -1.08166580938298 -0.219212068174806 -0.343957115889827 -0.264397662915319 0.723208495448563 -0.0341844339167691
17.9400179240825 16.1375414904983 20.5972061089402 -0.089868129016931 -0.563093486801644 0.821492205993802 -0.9798289627147 -0.0978354299295495 -0.174251061620685 0.416154443558304 0.521698188096605 -0.509969932941056 -0.103383986987766 -0.376156432566247 -0.414002985496953
17.4141135266453 15.8582214446537 20.4397100118776 0.0620043273064415 -0.317603676512556 0.94619414924263 -0.987063245000653 -0.159954167562362 0.0109915716897972 -0.0454120933685568 -0.520203443470922 -0.062233835107774 -0.0129396520580984 0.304940365643183 0.433134801999803
17.0987944276342 15.4429447925529 20.4193124129628 -0.128245470104487 0.315587012608388 0.940190372674913 -0.949416607252348 -0.313068430577522 -0.0244185103797765 0.405303846575418 0.514223485401776 0.222404681424894 -0.513364156105827 0.113475178594665 0.439485401404091
16.7545057388926 15.1500947415871 20.6079813678261 -0.24985550332058 0.767854973028917 0.589890640589577 -0.949358747414936 -0.314121088686084 0.00677571763084477 -0.0160729562939442 -0.144355396763287 0.188465994000278 0.303969623726229 -0.652865387898932 0.240403089105809
16.5462102756668 14.9132644959298 20.9440046588923 -0.431210767244163 0.900783291872107 -0.0514464313315457 -0.899321763726482 -0.424520272345705 0.104894726537702 0.204528345997318 0.271497089733657 0.246545433249961 -0.236328833738908 0.240784716473258 -0.148605839833971
16.1235865353239 14.8588781832868 21.3423634858526 -0.320281767262 0.711011461774728 -0.626005024568089 -0.939524515290484 -0.323021281307421 0.113802183593698 0.136410167478129 -0.0613715514812044 0.227137787590237 0.253773256333586 -0.285541511969206 0.323086085227956
15.702910466744 15.0023534659134 21.5139681287745 -0.299839511360082 0.0593239281099731 -0.952143339514041 -0.915193566632277 -0.299618469803694 0.269535727033328 0.2732069015507 -0.475831351396401 0.318120269580469 0.186077714642488 0.257072760427332 0.11442856353802
15.4438842825084 15.3664964397408 20.3830202949934 0.0413326121591737 -0.120131821022282 0.991897152304597 0.97791200735663 0.208441129813904 -0.0155048788976276 -0.367025361978945 0.232862737885059 -0.218250225961036 0.131611560917616 0.108005272933856 0.111452285063746
15.7090676024673 15.7221522104351 20.5978284650656 0.346292234873884 -0.794897471046349 0.498216517781346 0.863751515409567 0.477398340675952 0.161320004796444 0.198476572293052 0.572777654644785 -0.183523397458314 0.687384423844543 -0.423013223478068 -0.325756994471019
16.0312032567499 16.0316820902709 20.9330638212865 0.35773739427855 -0.931050657664817 0.0718931818513039 0.897151974839815 0.364032103064038 0.250197845673766 -0.416249581680974 -0.0774406311857061 -0.0571274304062306 0.44780746703838 -0.0539005876394642 -0.248593826272442
16.4191807180744 16.005191254002 21.3384397375969 0.367059627716117 -0.752811109825444 -0.546390576990754 0.898463651379154 0.134810069418156 0.417838859291367 -0.209283034655458 -0.676687205603622 -0.293917583269511 0.153813278519194 -0.173073361066088 -0.127714433610815
16.9071046811876 15.8200735511741 21.5205453987035 0.261010123876852 -0.251191447559385 -0.932081848287376 0.955417069219769 -0.0708396480497664 0.286635601605405 -0.519521233639782 0.389093491184405 -0.343845920265402 0.194156767221415 -0.227106093031807 -0.15725294086879
17.4399695445501 15.6755379997898 21.6221684898703 0.064426963597643 0.161231264288882 -0.984811477277452 0.986674107809164 -0.158045998273069 0.0386738595030229 -0.491308771601933 -0.244912490983302 -0.344723360351441 0.315716407011938 0.310034493052856 -0.747264135782208
17.8310933769531 15.2968845997006 21.444096621469 0.0629880623240095 0.73646364220212 -0.673538274873117 0.986963141402324 -0.146120438500144 -0.067472772032738 0.245008946905534 0.248207089692745 -0.121054461677973 0.317111989219196 -0.289453831531905 -0.203701040597783
18.1700853338654 15.2185345131957 21.133565104829 0.240828100181504 0.95185332036832 0.189676257519943 0.969411916039814 -0.24543803894197 0.000840285866594943 -0.817523770661911 0.541618904796 -0.531515019360151 0.707987164320384 -0.133573804162075 0.142774291355156
