t = 4345
b = 30 30 30
E = -0.886258401379004 -1.2943431923731 0.408084790994099
17.1966186314765 16.6674389437896 19.765670543716 0.801772053819578 -0.567952161099006 0.185989022302135 -0.590074588837097 -0.801653177945198 0.0957296291599244 -0.272389370232152 -0.399387972358306 -0.408164520871568 0.318451233919516 -0.414356283301666 0.449560609308796
17.0508662387813 16.2431033190409 19.5358973636141 0.476838726261324 -0.195720218077225 0.85692381538459 -0.678720485235611 -0.701461277140537 0.217463973094166 -0.0880738823340949 1.02595176077622 -0.919740883846144 0.532884270359053 -0.184173003400135 0.0906934078369319
16.9982802740897 15.7888420842156 19.5732250837271 -0.0196001819377709 0.265774542607499 0.963835943182129 -0.627016865227515 -0.75415197441295 0.195204124467979 -0.288439421168277 0.579063310641521 -0.389907235467468 -0.0685921083067115 0.00282502065199277 0.06529688026597
16.8408531250611 15.2438068157102 20.0191070797833 -0.134235713669869 0.660676194891543 0.738571417453433 -0.661354496922963 -0.614769975970108 0.429730271269644 -0.0639262531520898 -0.321784241493868 0.200178029397545 0.710690462390502 -0.674091509192655 0.26481650012335
16.6728056793213 14.8854079508445 20.4185447186523 -0.41892870900784 0.869510985825493 0.26162832854606 -0.717892065613112 -0.493591384190879 0.490916008684038 0.620353932654505 0.53879577429043 -0.737427875463195 0.211152360448742 0.404370499436011 0.606691762610471
16.5423982527102 14.8429451328966 20.9490932924709 -0.712543630831845 0.571941713737297 -0.406404048021452 -0.696781229023652 -0.508863677003517 0.505523171681332 -0.0184810789937218 0.416651761831881 0.482396545134631 0.00159204398518057 -0.658514217695099 -0.297852715550231
16.3060560699413 14.8279217967029 21.4288193668559 -0.65173671731114 0.252708690200725 -0.715106683793081 -0.748819662946851 -0.364136011689507 0.553781615237473 0.53048951176177 -0.268805221163994 -0.110886795796701 -0.207589603652207 -0.0368785228821395 -0.10173463006944
15.8701558110223 14.8604711958531 21.7245907154128 -0.321212109356073 -0.274562756901555 -0.906332209140578 -0.617036271631818 -0.665331932770721 0.420237621740701 0.395893332126005 0.128455993923564 0.669073853296148 0.310943881997833 -0.103494902378558 0.132579993261273
15.4486360608079 14.5104711280966 20.6360204318093 0.327936871433235 0.330206702106455 0.885110694906891 0.529831746392391 0.711409312067458 -0.461708903118081 -0.30011077908077 -0.0586752899181242 0.0849432105368512 0.490072740120391 0.0714048969140435 0.238970729535876
15.4815376431632 15.0704522319558 20.517859903162 0.587501173515739 -0.264088605205358 0.764918021567228 0.725757258239601 0.590058467737404 -0.353705254080187 0.066000335365397 0.142645321337684 -0.278159081514427 0.136629556836891 0.163373803680291 -0.0462189401589625
15.7041913621062 15.562870678632 20.6625872194331 0.744038959536391 -0.624177281496846 0.238345857852016 0.660870519081371 0.635061039941902 -0.39993453533926 0.0888628771053733 0.232387795554203 -0.342885249129947 0.0726908352331579 -0.291201621083716 -0.00138586949640325
16.0655195395246 15.9657707152161 20.6944113595134 0.563103546103192 -0.810754171830396 -0.159975214410285 0.770135484433572 0.585047376977273 -0.254186746917062 -0.110348639433224 0.268801122590153 0.173511946926709 -0.0198405552950908 0.264325839749552 0.114363775577949
16.6111086624391 16.1346165817705 20.7756485853273 0.162920619012372 -0.756285901175562 -0.633631207867556 0.848814571724564 0.434820177728869 -0.300741144288367 -0.0425917643302408 0.100155682190088 -0.0999760617026882 -0.160297996798511 -0.0793777837916884 -0.251462118294622
17.1098704718879 16.0741261733944 20.8040560350344 -0.230854739968385 -0.123545556534491 -0.965112731495507 0.88117641784358 0.394069600596827 -0.261222645499611 -0.230002946150942 -0.595553210466172 0.38837282231232 0.332069283044964 -0.313443099457305 0.170702265769326
17.5244723065288 15.961939741707 20.5567381164704 -0.327384836458814 0.311979149332342 -0.891901440316532 0.944291742062973 0.141640334001009 -0.297070903414931 -0.178221585073156 0.650902503730803 -0.635535983584584 0.719208084231486 0.022751106065453 -0.295408318845887
17.8565467364372 15.8514971252682 20.1447915328495 -0.349584176243161 0.827514507284076 -0.439329766752472 0.891648267235022 0.149875284448332 -0.427201084558922 -0.330582094144607 -0.667194893182466 0.19161237955869 0.180361452680815 -0.045306374090723 -0.529031208246962
