t = 4053
b = 30 30 30
E = -0.926442477929963 -1.34921383351097 0.422771355581012
5.32668376657852 17.5176242163873 15.752947441744 0.23068045486437 -0.534917463522163 -0.812803687837713 0.380664152132385 0.81836831383566 -0.430543965456623 -0.804027090165165 0.416901355571741 0.412796949333205 -0.275355844414723 -0.68944814299766 0.39847360406417
5.72831956390371 17.6948476064429 15.6115867375833 -0.547374612381897 -0.10465929141375 -0.830317690068413 0.379960783721154 0.852919542148427 -0.357991700260398 -0.00537178967335473 0.111338415395605 -0.535031221851362 0.156727617869688 0.0463855068567868 0.00580348030367502
6.09673851717726 17.9699719107559 15.2099813463532 -0.885385061641384 0.0579575846162236 -0.461231190410774 0.29402015850507 0.838341216519557 -0.459060073494926 0.656786214233622 0.322912137117881 0.359535392539227 -0.746834316856052 0.229724187258156 0.00230748866120726
6.15771440909598 18.3186708096634 14.8030954800523 -0.996100988421998 0.0836159816412601 0.0281280727901684 0.0426718148240997 0.735723352573042 -0.675936583340702 0.0596286423600308 0.638919678024166 -0.0288268708885531 -0.0719284299053033 -0.174567332755571 0.292291473862253
5.99356919459702 18.5168905006263 14.2556575456934 -0.732137379536951 0.336275147261616 0.592362965434997 -0.190915384333784 0.733479636019187 -0.652348786746663 -0.605199344616269 -0.291559329356571 0.161882467098872 0.00162298892149832 0.0825676735482678 -0.208998787896469
5.66895362619537 18.6385766450335 13.8358157709242 -0.10705110877338 0.674598682282306 0.730381186760283 -0.335082673090268 0.667147603660942 -0.665307205074573 0.881539111512094 0.00245600631476734 -0.247879387633428 0.57923939841454 0.58297844638444 -0.215647411745799
5.26115659289629 18.9905047408317 13.7070776040016 0.460293539066862 0.643457066473249 0.611631311738488 -0.213334465966968 0.748937931114868 -0.627359849662031 -0.367871572048244 -0.0559501012808128 -0.0884756046446518 -0.200318235869448 0.131961649382369 -0.0978736388049561
4.886325235544 19.4135791042932 13.6854849614781 0.936603164871161 0.325538632083503 0.129611382889466 -0.17460712192492 0.754326952763393 -0.632853222562538 -0.404542483107488 0.655098495301299 0.191115178123121 0.1423981960253 0.0622843837840857 -0.605424702639973
6.02157946584125 19.7883157990405 14.0213820550112 -0.976137871852605 -0.190827791929858 -0.103632084617877 0.0910302009679016 -0.792870812520046 0.602552385411881 0.598687399547379 -0.220820392020065 -0.0576466245558336 -0.340602038578675 -0.310004449901622 0.45648243211699
5.78091083739297 19.6517369745734 14.4795646803683 -0.504813917850663 -0.537042889424229 -0.675831223948061 0.113783279975958 -0.817477264408023 0.564609854123967 -0.426894116801761 -0.026141556824272 0.471045863422115 -0.220267320845985 0.157093455362325 -0.491556643344464
5.48104772619124 19.4084973937584 14.7902381072115 0.181694695908341 -0.615628187749241 -0.766804389611432 0.0900575860949027 -0.766089464921856 0.63639340263905 -0.475698482659037 -0.310923022948059 -0.092707308283595 -0.330791223490895 -0.0191686493236921 -0.23099999506462
5.19547852790288 18.9658707509617 14.9583805040609 0.764027902219269 -0.339979378608134 -0.548338751823761 0.00116574322726681 -0.849167370032898 0.528122541380443 0.352590445792534 0.606584956728747 0.197640814539182 -0.099615109431142 0.406330708750825 0.305853899044766
4.99681143839485 18.535909209414 14.884667162404 0.965374354091864 -0.23438871755921 -0.11451762110115 -0.178117685002548 -0.912968844498303 0.367099413326658 -0.11813893157447 -0.497067285873203 -0.154693961543164 0.0647530964719145 -0.35826590563545 0.649907089110125
4.9986683406644 17.998264255399 14.7218860769218 0.93136812084119 -0.0345746393494359 0.362433466714395 -0.129324024031445 -0.961979528096076 0.240563264719234 -0.249852709346696 0.373291985923714 0.33343786113981 0.571524311729627 0.275177079024157 -0.123838877145858
5.18820424481679 17.5849920719801 14.5718981715739 0.395901656260285 0.129516463256244 0.909113504638425 -0.188342580205708 -0.957504755391472 0.218430116705937 0.431964604523781 -0.338080540015392 -0.532589491793324 -0.484870487808266 0.262903545097721 0.0762090452553264
5.18019517857079 17.0912701211507 14.7096322572043 0.318485097815914 0.369834358696003 0.872805699796413 0.139008396769649 -0.929018789461054 0.342929664006849 0.529750163212994 0.426732745369516 -0.368943237418544 -0.0241085890034597 0.0726511777742634 0.675706661575433
